150
0	63	11	7	41	10	14	30	82	38	40	27	48	99	97	1	65	42	91	36	96	63	23	1	19	21	82	38	83	62	51	98	69	25	66	31	80	40	20	46	44	79	54	39	80	90	39	82	55	31	94	1	63	92	71	90	92	82	21	55	68	34	36	33	59	30	96	90	77	3	89	62	97	21	48	91	88	72	26	16	71	83	72	11	85	14	75	86	28	71	56	72	74	8	94	76	39	94	79	2	69	86	29	85	42	17	94	95	29	28	98	98	52	78	79	95	69	68	5	65	24	87	19	29	44	72	18	8	56	58	13	40	99	17	12	58	39	78	44	79	2	87	99	61	59	24	85	69	60	70	
63	0	67	39	3	55	19	82	66	95	67	12	50	29	72	28	16	68	6	62	39	44	3	62	16	52	69	73	43	22	8	1	45	53	63	56	10	65	50	74	34	52	96	78	54	71	54	9	12	28	15	81	15	19	85	82	15	43	49	74	49	34	18	10	53	24	63	67	49	32	21	70	13	67	95	60	56	13	97	85	86	24	76	35	66	68	96	61	22	20	77	72	76	55	30	74	88	99	2	29	79	68	25	86	14	76	55	19	99	10	95	70	43	65	19	47	81	46	14	44	29	24	58	10	81	34	43	83	89	78	44	66	85	46	68	94	50	24	60	51	88	46	55	69	62	37	13	43	71	41	
11	67	0	73	59	10	6	61	38	12	57	39	22	8	70	25	38	6	33	40	82	44	34	98	88	14	33	33	6	64	38	23	85	9	70	19	89	2	30	56	38	40	95	17	87	34	27	73	44	10	57	80	25	26	43	53	1	30	44	65	25	8	44	11	74	55	40	18	40	60	37	13	67	29	57	21	1	67	47	20	18	19	42	7	21	100	30	45	96	75	14	7	21	99	41	43	78	92	23	45	30	5	46	94	81	33	38	79	38	10	8	62	30	47	73	27	52	44	87	54	79	82	8	95	80	9	63	46	68	28	83	64	36	4	89	37	39	93	66	3	88	44	29	27	21	30	66	23	19	75	
7	39	73	0	18	64	31	7	13	81	4	57	54	15	22	33	17	14	22	95	39	36	7	12	97	85	100	20	78	75	67	29	91	31	46	88	4	55	100	61	17	97	14	63	32	76	82	92	12	25	35	22	19	25	83	48	80	33	38	67	64	67	48	64	86	99	72	12	4	75	69	85	68	95	53	61	67	56	65	24	53	36	77	6	93	99	72	49	94	8	89	85	78	25	15	10	50	27	63	26	23	37	64	2	7	40	19	52	70	11	55	95	83	3	2	43	70	86	78	24	12	12	59	49	84	42	85	99	8	63	29	72	75	83	71	1	37	78	58	51	62	65	7	69	42	35	87	32	72	46	
41	3	59	18	0	12	33	32	2	38	39	31	43	18	57	46	3	7	74	22	91	87	53	58	6	76	76	78	42	11	99	98	82	24	50	34	7	20	99	88	83	7	48	6	78	2	29	46	27	17	61	36	71	76	95	31	5	23	87	30	62	61	61	48	17	61	76	65	61	16	67	100	41	62	72	77	73	69	90	88	64	66	37	99	97	69	83	7	2	43	17	42	13	54	54	15	92	65	3	87	64	21	72	54	14	23	46	57	79	50	34	39	56	84	9	41	44	8	64	70	72	98	42	83	79	58	71	19	44	26	95	35	40	55	39	32	49	94	51	73	47	47	45	35	97	81	30	33	83	63	
10	55	10	64	12	0	74	33	9	35	41	100	48	9	91	41	19	14	87	53	46	10	19	73	49	66	71	57	63	98	36	36	93	26	23	28	20	11	11	99	88	21	38	49	69	47	55	88	87	90	91	34	68	81	85	50	64	16	65	58	78	44	75	31	70	39	21	21	26	32	92	36	96	77	31	35	24	15	58	96	94	34	29	77	59	33	5	58	89	8	65	35	40	97	17	39	34	91	63	20	37	42	64	73	43	11	54	5	30	58	21	98	38	45	90	62	8	67	30	89	40	26	48	56	29	36	47	36	7	44	62	41	21	28	57	32	84	82	19	52	100	60	88	53	34	45	77	82	29	20	
14	19	6	31	33	74	0	41	68	13	74	26	5	93	15	68	30	92	76	6	85	78	44	31	100	19	72	43	78	48	73	58	49	73	4	27	4	76	99	41	5	20	7	22	7	12	20	13	58	8	20	22	59	44	16	99	22	4	79	53	1	52	53	59	3	37	47	27	76	96	15	91	83	53	2	65	1	98	40	1	16	61	28	79	48	83	73	37	40	7	56	14	80	23	23	72	22	17	22	95	59	4	15	74	35	56	23	90	36	59	3	77	94	98	4	84	19	91	47	72	21	13	11	34	20	5	80	5	82	89	92	95	88	82	48	67	63	89	86	42	70	40	72	77	78	87	76	90	12	69	
30	82	61	7	32	33	41	0	5	56	97	52	68	92	72	5	88	22	79	77	11	96	11	9	2	1	30	25	59	73	13	15	81	92	83	44	19	84	83	7	21	39	29	73	7	77	28	1	83	41	46	21	81	10	57	29	33	65	24	18	65	38	13	25	64	39	86	33	66	31	97	39	33	50	100	76	59	16	97	64	1	77	70	77	95	20	28	54	65	75	62	77	46	6	64	11	30	25	21	34	69	71	65	87	54	52	95	42	77	14	93	66	17	32	36	17	65	19	43	92	29	66	91	23	96	80	8	43	19	47	22	12	64	15	75	13	64	59	20	29	65	79	15	47	9	31	90	94	19	38	
82	66	38	13	2	9	68	5	0	59	87	91	67	51	90	32	8	29	59	11	28	17	41	43	15	96	39	47	11	17	51	83	62	36	43	23	57	6	42	76	86	54	47	85	97	11	100	53	12	89	30	53	13	25	82	49	64	3	59	22	73	49	67	75	87	6	91	76	86	88	82	74	75	7	76	84	33	34	52	17	86	30	23	99	6	30	48	79	66	20	28	14	33	13	52	4	19	24	25	55	84	63	47	35	92	82	82	95	38	12	97	94	30	4	8	3	98	76	93	17	93	15	65	15	2	96	100	24	98	30	78	18	37	59	87	36	33	20	2	64	41	98	1	81	89	41	16	90	41	4	
38	95	12	81	38	35	13	56	59	0	95	99	59	1	28	57	85	82	50	69	35	45	18	55	57	28	32	41	68	4	38	5	54	7	79	26	79	83	15	88	44	13	40	49	23	70	100	72	5	84	90	64	19	64	78	32	85	18	97	65	2	99	96	3	48	79	27	93	91	85	69	60	71	31	34	42	79	20	69	28	83	73	60	20	10	99	52	11	12	74	45	46	58	11	74	78	88	54	25	6	53	44	74	76	45	50	100	76	31	1	51	96	59	53	12	99	75	3	38	64	23	32	22	70	89	62	74	22	25	65	69	100	75	2	26	70	15	55	37	97	93	72	62	89	96	52	18	19	90	75	
40	67	57	4	39	41	74	97	87	95	0	67	29	94	90	87	82	62	79	94	26	4	71	35	72	66	50	21	51	81	93	35	10	46	33	19	15	18	63	94	49	72	91	62	48	24	78	52	78	47	75	100	56	24	93	15	2	81	85	19	63	74	5	25	35	52	69	68	26	38	37	76	45	77	40	21	67	2	15	41	69	92	1	23	78	14	81	21	86	78	17	13	85	10	26	91	47	43	3	90	37	60	55	12	51	36	89	67	32	43	54	62	29	82	89	59	29	85	50	74	80	93	69	61	67	34	20	33	76	59	8	97	6	11	91	2	27	86	14	24	28	52	38	39	76	13	16	36	13	14	
27	12	39	57	31	100	26	52	91	99	67	0	1	48	19	67	9	52	27	78	47	99	36	15	66	2	87	76	51	27	56	6	39	52	10	89	75	44	51	84	5	13	10	29	4	32	33	16	14	47	90	65	28	18	28	31	3	79	77	98	99	49	7	17	65	3	4	73	97	97	50	4	20	20	95	85	22	99	96	95	75	64	48	76	78	36	40	4	59	74	72	42	61	82	68	42	71	1	68	48	37	38	53	56	5	81	85	59	11	31	9	69	60	25	29	19	74	14	11	2	16	26	40	100	59	52	15	50	82	66	67	16	50	84	27	97	85	18	100	54	24	2	24	41	14	17	64	84	86	96	
48	50	22	54	43	48	5	68	67	59	29	1	0	71	36	36	74	84	83	77	37	8	49	97	50	1	30	88	37	94	23	91	24	28	63	8	59	76	56	96	91	91	30	48	43	98	91	26	60	45	100	21	28	62	86	64	5	74	77	100	47	60	73	71	19	61	69	3	5	58	65	6	33	80	95	56	93	61	22	71	23	100	42	69	68	78	86	75	16	57	90	93	48	18	55	14	60	58	13	13	22	15	29	28	26	72	52	28	8	44	30	98	99	26	30	52	79	76	8	99	29	64	4	71	54	48	59	55	65	53	59	3	41	9	48	51	86	46	20	54	90	22	54	83	24	42	7	99	36	64	
99	29	8	15	18	9	93	92	51	1	94	48	71	0	25	83	97	69	1	99	95	81	42	7	19	80	62	64	42	24	93	14	25	48	52	10	97	53	7	43	65	99	42	1	59	2	48	87	65	25	29	36	53	75	39	60	11	8	3	53	89	98	49	98	27	64	19	34	32	51	9	76	61	20	90	74	84	70	26	84	48	84	53	2	55	64	55	52	19	13	17	17	26	53	35	94	36	48	18	32	47	81	55	25	41	30	36	66	67	67	55	85	21	65	33	82	13	41	41	31	97	70	97	32	81	67	48	42	64	22	36	31	46	63	46	7	38	57	16	50	40	14	30	86	66	98	52	51	50	54	
97	72	70	22	57	91	15	72	90	28	90	19	36	25	0	51	87	92	28	62	38	62	2	23	58	87	79	18	56	12	1	25	56	84	69	29	97	55	51	60	92	90	41	83	81	80	34	13	58	16	4	53	36	29	7	5	35	50	18	32	62	79	87	41	47	75	98	60	4	13	2	92	86	36	27	89	40	90	31	32	91	16	16	69	85	90	17	77	12	27	37	37	93	62	100	85	100	8	83	20	62	60	46	15	28	14	24	91	57	56	19	52	83	38	52	36	42	34	90	100	73	91	6	49	61	94	37	54	48	41	65	46	91	61	17	88	58	95	4	69	87	67	87	24	69	93	10	95	25	67	
1	28	25	33	46	41	68	5	32	57	87	67	36	83	51	0	32	70	47	83	98	78	35	85	82	20	70	72	88	61	7	65	33	16	29	51	38	58	83	25	47	5	65	57	81	88	12	75	40	94	73	41	89	18	82	68	75	62	18	23	68	82	87	98	31	42	100	90	39	82	55	19	63	30	67	38	32	43	79	96	62	85	3	71	91	93	27	51	72	64	61	88	53	16	2	74	71	15	80	12	88	94	13	17	86	36	80	45	100	43	92	84	34	98	66	40	51	80	24	31	16	55	10	89	30	29	16	15	96	27	87	90	34	2	57	40	54	7	55	16	21	65	17	69	7	62	69	19	22	50	
65	16	38	17	3	19	30	88	8	85	82	9	74	97	87	32	0	91	14	72	35	53	84	25	6	25	3	40	77	20	22	64	69	53	18	21	26	21	92	38	77	46	73	59	76	32	74	61	64	40	93	56	80	27	60	96	93	86	25	17	2	16	45	69	84	91	37	100	25	84	41	97	2	61	59	48	17	52	8	90	38	9	77	72	68	10	5	72	94	47	89	32	17	97	24	40	95	59	59	19	38	62	4	76	88	80	75	91	37	72	17	37	79	64	21	76	26	93	71	20	68	54	50	45	7	94	89	74	37	3	34	61	74	19	47	96	40	46	53	52	91	76	33	68	88	37	28	43	48	77	
42	68	6	14	7	14	92	22	29	82	62	52	84	69	92	70	91	0	10	10	32	81	14	96	67	83	42	3	38	69	25	64	52	29	40	9	54	96	5	18	44	32	88	49	20	82	88	39	38	12	74	80	62	63	36	16	66	85	41	31	15	61	7	82	93	78	49	7	17	61	91	99	67	81	42	86	56	53	4	42	9	85	79	39	21	61	84	23	12	31	52	62	12	41	46	24	32	30	40	50	38	1	91	85	41	78	59	17	31	61	28	57	77	37	41	99	33	1	79	19	88	65	33	39	92	7	81	54	39	95	44	33	20	72	29	89	17	24	31	18	74	83	60	40	1	46	72	76	43	70	
91	6	33	22	74	87	76	79	59	50	79	27	83	1	28	47	14	10	0	83	93	82	75	14	71	48	78	40	83	58	91	92	93	20	59	49	79	24	93	87	39	73	54	16	62	50	74	89	54	23	45	17	20	27	62	18	10	91	75	31	85	46	53	82	30	22	37	39	39	62	43	81	27	99	38	64	57	28	25	2	88	32	72	77	98	27	70	37	72	94	4	74	10	95	22	73	52	29	14	76	8	38	74	74	69	21	27	16	35	50	45	88	35	23	86	48	9	62	53	27	45	84	44	45	35	40	21	61	67	41	91	46	11	68	96	87	22	30	42	4	33	72	64	28	23	72	19	88	87	14	
36	62	40	95	22	53	6	77	11	69	94	78	77	99	62	83	72	10	83	0	49	80	52	83	92	64	88	90	14	38	22	11	31	55	28	77	35	10	10	71	66	40	71	55	54	60	84	10	64	79	54	46	33	80	55	64	78	68	49	92	13	96	98	51	22	53	91	93	59	97	96	19	8	52	56	35	29	94	18	29	76	47	18	24	66	51	52	29	29	43	85	71	75	27	16	28	85	14	84	87	10	67	46	67	6	17	50	23	87	5	60	74	3	38	41	88	46	77	8	34	93	90	18	91	99	87	29	71	99	84	43	4	50	71	94	3	26	61	99	36	100	96	52	53	58	42	38	56	23	10	
96	39	82	39	91	46	85	11	28	35	26	47	37	95	38	98	35	32	93	49	0	27	30	87	94	18	55	98	65	96	96	40	1	95	96	47	31	13	70	32	26	4	97	18	9	4	93	12	69	8	81	53	35	48	86	18	85	50	75	62	15	80	74	9	80	49	22	47	94	43	100	42	34	49	75	71	79	61	79	33	74	72	94	6	66	16	33	90	49	90	37	25	90	76	5	73	17	37	82	76	76	96	54	10	95	77	5	34	10	6	22	81	65	6	96	64	21	44	92	68	13	5	66	35	79	53	46	24	60	75	49	5	25	20	80	48	27	46	36	24	2	93	23	81	62	2	2	19	46	46	
63	44	44	36	87	10	78	96	17	45	4	99	8	81	62	78	53	81	82	80	27	0	39	11	24	49	65	82	96	15	73	14	5	67	7	15	89	98	18	94	36	2	88	40	59	44	5	52	69	39	26	41	87	74	9	39	80	60	71	36	27	38	25	28	32	36	7	96	12	51	94	86	41	10	88	22	45	16	17	39	74	86	96	80	22	18	27	37	88	31	35	45	87	29	27	41	65	59	82	59	74	3	35	19	46	90	73	22	60	41	67	49	9	27	77	28	65	37	76	47	44	74	11	99	91	70	98	94	84	64	99	13	51	14	47	18	99	14	50	41	69	47	82	86	26	70	77	91	91	58	
23	3	34	7	53	19	44	11	41	18	71	36	49	42	2	35	84	14	75	52	30	39	0	29	8	56	20	95	36	53	79	47	50	45	3	3	24	88	80	66	2	36	74	36	54	66	6	83	14	93	7	75	19	75	46	17	53	48	23	24	39	88	73	6	73	56	44	78	95	91	68	21	19	37	13	54	81	48	85	81	90	91	50	92	39	59	37	93	80	60	85	42	1	4	76	30	19	42	74	47	42	1	16	92	77	34	64	69	55	12	29	77	69	50	98	59	24	82	34	4	8	48	31	32	93	81	15	99	5	5	71	78	30	59	26	86	49	75	79	53	87	48	15	98	99	84	36	9	25	52	
1	62	98	12	58	73	31	9	43	55	35	15	97	7	23	85	25	96	14	83	87	11	29	0	47	51	57	84	41	23	31	27	52	86	10	3	29	45	30	35	43	36	98	88	94	17	65	18	88	93	25	55	36	54	38	5	50	94	72	20	11	10	43	86	85	51	74	2	29	57	26	35	46	30	85	18	33	81	90	44	67	2	82	9	22	9	3	14	24	84	96	61	24	34	34	98	83	14	34	92	6	5	83	62	17	79	64	91	7	38	5	20	39	56	70	36	74	66	73	45	21	62	30	89	86	43	55	35	86	81	85	71	50	82	8	83	6	19	85	52	13	56	66	33	27	7	18	82	55	58	
19	16	88	97	6	49	100	2	15	57	72	66	50	19	58	82	6	67	71	92	94	24	8	47	0	75	35	61	91	36	74	19	24	3	6	34	91	87	57	67	91	85	36	2	11	28	58	35	42	78	71	24	5	81	2	83	89	54	84	99	28	8	62	100	5	48	45	6	30	24	17	50	74	46	84	65	7	95	15	77	13	16	89	26	83	75	39	28	38	28	93	29	84	34	55	93	55	12	57	84	46	13	63	15	47	100	63	55	46	24	81	27	57	72	41	1	36	13	47	15	94	27	92	13	100	24	31	45	18	23	79	50	80	30	95	94	36	66	1	36	29	75	27	60	69	82	10	16	78	1	
21	52	14	85	76	66	19	1	96	28	66	2	1	80	87	20	25	83	48	64	18	49	56	51	75	0	33	19	17	63	79	84	32	92	88	62	9	55	77	93	28	77	24	43	70	77	30	75	43	38	8	42	89	27	48	44	53	10	49	6	73	86	84	78	67	73	37	98	53	62	21	36	41	88	13	65	87	8	78	77	69	31	26	87	26	30	72	30	26	65	31	90	41	98	69	66	14	36	6	62	50	40	5	9	32	22	71	89	35	15	41	14	46	69	100	96	100	96	64	16	53	28	99	76	67	43	28	26	4	4	38	50	35	99	67	38	32	35	59	96	34	94	47	66	99	93	66	61	2	39	
82	69	33	100	76	71	72	30	39	32	50	87	30	62	79	70	3	42	78	88	55	65	20	57	35	33	0	37	50	45	14	86	52	44	39	55	32	94	69	91	9	88	25	66	61	2	44	85	47	7	94	21	77	16	6	4	53	65	18	71	86	6	7	42	62	35	56	9	69	99	80	8	45	98	85	34	76	90	92	5	65	58	66	21	30	36	4	82	70	97	38	15	10	66	16	32	2	77	69	14	21	56	15	45	8	25	88	99	59	3	88	96	89	96	46	72	79	96	79	80	26	45	81	43	16	74	8	37	51	81	71	94	8	92	80	75	7	68	21	21	20	69	62	76	10	1	79	63	46	83	
38	73	33	20	78	57	43	25	47	41	21	76	88	64	18	72	40	3	40	90	98	82	95	84	61	19	37	0	88	30	54	97	6	1	94	41	83	87	14	68	93	37	21	28	79	16	6	72	84	60	69	46	48	18	5	96	20	17	56	14	10	76	10	82	21	63	45	65	70	95	11	65	15	99	22	40	39	9	49	16	89	76	24	43	34	75	42	46	5	53	40	92	90	47	1	36	7	39	68	70	20	22	18	37	61	68	41	27	84	70	71	25	25	57	35	95	38	50	37	54	15	93	28	14	98	85	21	2	27	35	1	37	17	43	63	60	100	60	11	82	66	4	94	31	91	63	59	95	74	94	
83	43	6	78	42	63	78	59	11	68	51	51	37	42	56	88	77	38	83	14	65	96	36	41	91	17	50	88	0	29	97	5	87	90	99	36	51	16	65	21	25	82	70	6	85	93	49	11	63	67	52	2	57	56	1	68	14	19	62	86	73	7	62	11	89	63	24	64	22	87	16	37	12	56	64	58	90	9	25	18	94	19	42	63	67	18	83	78	67	45	34	40	70	52	42	50	14	23	89	36	85	54	52	76	36	35	8	41	81	99	19	26	35	9	83	53	44	28	94	56	72	67	43	2	17	58	69	9	10	14	53	6	79	56	48	41	97	3	41	84	98	3	100	82	68	14	60	73	90	49	
62	22	64	75	11	98	48	73	17	4	81	27	94	24	12	61	20	69	58	38	96	15	53	23	36	63	45	30	29	0	62	15	51	54	78	99	93	77	18	28	93	84	65	18	62	55	49	53	99	11	32	42	61	49	79	78	7	86	85	14	48	3	54	81	86	42	19	84	28	79	1	55	11	48	96	78	5	93	43	75	42	17	41	35	42	49	41	19	66	77	25	96	13	28	75	20	63	39	33	40	69	86	76	15	40	63	79	56	91	71	89	15	26	11	79	7	25	2	46	20	55	75	72	3	99	49	9	51	64	57	17	43	9	44	36	47	28	85	98	47	26	41	92	25	83	90	22	3	82	97	
51	8	38	67	99	36	73	13	51	38	93	56	23	93	1	7	22	25	91	22	96	73	79	31	74	79	14	54	97	62	0	25	73	88	71	76	12	97	14	43	95	71	39	87	65	22	47	20	68	52	74	32	44	25	43	59	74	77	50	31	54	93	38	50	19	40	63	10	62	83	86	73	58	63	38	17	7	1	44	38	36	86	94	17	98	88	1	39	33	41	62	26	29	94	53	7	73	87	13	5	86	81	51	4	56	88	74	74	28	54	38	38	25	7	76	78	25	99	26	91	26	33	96	54	14	34	85	77	95	68	21	47	79	31	79	44	47	89	35	16	20	5	19	81	19	88	25	99	33	22	
98	1	23	29	98	36	58	15	83	5	35	6	91	14	25	65	64	64	92	11	40	14	47	27	19	84	86	97	5	15	25	0	83	44	18	82	26	80	35	75	68	95	94	93	97	16	97	57	63	80	69	80	49	20	100	59	61	99	44	3	46	19	27	69	24	37	52	17	97	99	72	98	20	59	84	1	44	81	24	27	15	69	73	68	75	25	47	2	93	31	42	90	48	3	70	73	53	16	85	96	57	92	99	32	46	81	64	28	73	34	9	66	63	78	20	30	14	59	1	40	63	58	65	19	78	6	90	40	94	66	15	77	21	99	58	55	6	10	71	47	33	26	91	72	58	12	80	72	70	76	
69	45	85	91	82	93	49	81	62	54	10	39	24	25	56	33	69	52	93	31	1	5	50	52	24	32	52	6	87	51	73	83	0	99	23	7	31	7	28	83	41	76	67	90	81	88	51	79	19	45	93	7	38	27	24	72	98	71	98	6	19	7	35	79	82	68	21	44	15	78	52	14	44	11	63	38	61	27	73	85	73	22	89	51	96	27	96	46	81	47	13	29	86	61	91	17	45	36	49	52	9	61	58	96	74	72	18	90	49	33	33	100	4	79	34	88	25	79	31	10	64	45	31	4	41	49	44	28	90	88	7	21	58	89	48	17	15	97	42	82	58	85	50	20	85	31	2	87	68	4	
25	53	9	31	24	26	73	92	36	7	46	52	28	48	84	16	53	29	20	55	95	67	45	86	3	92	44	1	90	54	88	44	99	0	94	90	94	85	18	95	53	23	99	27	96	39	42	100	46	69	85	73	77	56	89	2	80	7	12	13	39	59	48	40	14	97	83	16	72	81	21	49	34	79	90	31	73	97	20	57	60	89	37	95	57	76	65	93	42	67	35	46	19	2	12	91	22	70	32	53	61	75	3	72	63	58	87	96	78	34	52	43	33	14	32	85	46	82	25	21	48	14	39	93	32	28	14	67	29	8	99	5	47	6	10	50	69	15	88	78	33	83	34	68	4	18	66	77	89	25	
66	63	70	46	50	23	4	83	43	79	33	10	63	52	69	29	18	40	59	28	96	7	3	10	6	88	39	94	99	78	71	18	23	94	0	4	64	11	39	40	28	43	65	22	90	10	78	18	43	35	7	1	28	80	10	27	4	50	35	42	22	50	91	35	48	25	17	20	27	15	11	86	96	76	74	56	90	47	56	80	9	59	5	88	34	3	55	3	72	61	15	5	86	94	65	32	6	80	35	44	98	19	45	26	81	74	6	16	28	97	31	12	81	43	20	95	15	82	3	12	48	93	38	61	60	93	51	83	99	6	14	56	84	24	1	38	66	78	74	87	11	90	70	40	8	67	4	98	41	6	
31	56	19	88	34	28	27	44	23	26	19	89	8	10	29	51	21	9	49	77	47	15	3	3	34	62	55	41	36	99	76	82	7	90	4	0	86	49	33	26	48	71	28	50	5	81	42	81	18	56	83	2	15	35	41	79	88	31	1	98	49	23	74	1	2	85	34	35	46	12	71	1	85	71	97	6	59	15	88	34	71	92	41	99	4	98	28	30	19	97	48	100	24	17	35	76	21	96	67	68	73	60	33	82	18	22	92	77	26	43	61	27	98	29	91	6	95	65	88	6	96	50	22	13	32	10	46	42	94	19	68	50	98	53	69	56	74	22	25	50	29	19	53	4	10	9	57	85	92	18	
80	10	89	4	7	20	4	19	57	79	15	75	59	97	97	38	26	54	79	35	31	89	24	29	91	9	32	83	51	93	12	26	31	94	64	86	0	21	8	81	32	9	33	16	26	68	76	52	58	53	28	34	83	93	68	45	97	60	26	36	97	92	73	87	97	78	5	48	59	58	23	61	41	50	59	69	49	1	45	51	66	53	59	67	42	22	53	16	77	17	72	60	31	78	93	98	1	16	41	22	34	73	37	20	51	8	31	90	67	9	73	43	9	58	75	35	19	48	4	34	52	100	69	92	40	78	52	10	82	49	46	54	46	68	15	66	24	97	67	27	33	96	10	9	41	6	11	14	36	27	
40	65	2	55	20	11	76	84	6	83	18	44	76	53	55	58	21	96	24	10	13	98	88	45	87	55	94	87	16	77	97	80	7	85	11	49	21	0	4	39	85	64	33	68	75	65	27	20	14	46	43	96	66	56	91	76	99	51	84	4	61	70	25	92	24	58	79	95	14	54	62	4	60	90	91	100	86	79	18	46	55	59	65	77	100	49	81	14	100	91	85	58	68	38	17	28	76	94	32	46	74	94	74	23	40	6	43	49	56	100	84	42	11	28	83	37	51	31	96	74	67	57	35	4	39	49	72	14	59	13	30	47	34	16	95	59	43	64	30	50	65	39	6	19	4	12	46	62	87	53	
20	50	30	100	99	11	99	83	42	15	63	51	56	7	51	83	92	5	93	10	70	18	80	30	57	77	69	14	65	18	14	35	28	18	39	33	8	4	0	5	82	87	77	13	34	84	83	98	45	55	69	40	55	48	22	5	29	60	68	32	20	93	50	91	18	37	92	6	82	8	5	96	21	66	30	5	85	85	28	100	5	91	32	35	41	62	20	42	51	7	73	4	50	88	19	68	6	30	32	58	72	14	45	20	40	56	49	35	72	20	4	2	14	79	63	63	17	30	20	63	68	8	56	11	12	94	35	92	15	86	84	71	84	6	70	13	9	91	23	36	23	35	70	87	13	10	74	47	44	63	
46	74	56	61	88	99	41	7	76	88	94	84	96	43	60	25	38	18	87	71	32	94	66	35	67	93	91	68	21	28	43	75	83	95	40	26	81	39	5	0	36	23	53	75	13	52	54	88	94	40	34	23	56	52	19	46	76	8	3	56	53	16	43	37	55	60	77	94	96	15	24	44	85	28	4	65	28	8	73	12	91	48	17	72	4	86	84	31	66	25	47	83	70	86	46	38	91	52	3	90	83	72	40	51	87	10	83	20	1	27	72	43	60	75	47	85	39	28	36	57	46	39	3	88	85	71	63	10	78	52	22	38	37	94	85	31	30	26	82	61	23	36	35	54	35	70	29	91	94	11	
44	34	38	17	83	88	5	21	86	44	49	5	91	65	92	47	77	44	39	66	26	36	2	43	91	28	9	93	25	93	95	68	41	53	28	48	32	85	82	36	0	69	21	54	87	90	4	61	30	99	28	88	72	22	59	83	100	97	60	42	24	47	97	36	31	91	83	25	8	69	4	53	38	65	45	3	29	56	41	51	100	4	98	28	79	87	91	33	47	91	14	18	39	29	78	2	21	47	4	70	18	66	21	88	90	44	59	73	12	46	97	63	57	41	24	44	33	98	87	51	34	64	37	56	68	97	78	34	18	19	87	18	23	12	50	55	51	72	86	16	76	31	46	85	52	19	44	46	20	62	
79	52	40	97	7	21	20	39	54	13	72	13	91	99	90	5	46	32	73	40	4	2	36	36	85	77	88	37	82	84	71	95	76	23	43	71	9	64	87	23	69	0	51	88	2	86	1	26	62	56	47	67	78	40	38	48	68	96	56	97	16	95	49	83	54	75	54	97	41	52	59	87	77	47	36	14	99	76	14	33	98	3	87	91	91	81	88	82	24	1	45	47	18	68	74	99	66	7	92	62	25	74	5	86	6	86	72	19	44	95	81	84	7	62	81	12	32	62	40	6	16	39	10	53	64	28	12	92	91	82	19	66	8	25	50	33	27	34	77	12	97	17	40	93	50	19	96	59	39	48	
54	96	95	14	48	38	7	29	47	40	91	10	30	42	41	65	73	88	54	71	97	88	74	98	36	24	25	21	70	65	39	94	67	99	65	28	33	33	77	53	21	51	0	96	77	64	47	24	19	71	18	87	22	98	52	77	11	37	92	27	22	88	47	17	25	31	93	28	6	39	56	46	44	96	14	87	59	39	28	78	69	95	30	83	57	14	93	53	22	97	71	66	15	56	6	38	73	54	19	82	8	13	48	94	3	60	12	9	47	10	10	43	11	31	1	20	33	56	82	87	42	51	6	65	78	27	86	71	94	81	4	100	19	68	100	88	20	31	6	62	79	64	50	73	8	83	41	82	21	31	
39	78	17	63	6	49	22	73	85	49	62	29	48	1	83	57	59	49	16	55	18	40	36	88	2	43	66	28	6	18	87	93	90	27	22	50	16	68	13	75	54	88	96	0	50	99	69	100	50	22	11	86	59	91	6	73	67	52	31	26	11	88	70	80	77	74	21	82	99	71	41	96	45	17	98	40	62	93	85	20	70	31	24	41	90	64	90	58	72	37	4	92	41	38	46	84	8	73	82	68	5	89	82	90	14	77	76	3	9	85	27	26	74	87	55	91	74	97	38	43	96	18	33	73	78	66	29	98	36	20	6	49	9	95	19	88	98	6	35	67	43	43	83	7	18	49	18	61	99	50	
80	54	87	32	78	69	7	7	97	23	48	4	43	59	81	81	76	20	62	54	9	59	54	94	11	70	61	79	85	62	65	97	81	96	90	5	26	75	34	13	87	2	77	50	0	65	72	90	61	87	91	7	13	48	15	99	73	4	77	77	73	91	91	88	88	63	69	12	51	65	62	3	11	27	62	81	95	9	2	54	61	2	94	3	1	58	3	59	93	30	29	80	87	96	38	88	100	11	4	57	42	33	28	72	64	67	67	1	92	88	57	64	14	50	91	74	39	66	37	80	69	66	5	71	85	80	46	83	52	4	89	49	94	70	84	82	96	57	4	30	77	79	40	9	80	75	78	89	84	27	
90	71	34	76	2	47	12	77	11	70	24	32	98	2	80	88	32	82	50	60	4	44	66	17	28	77	2	16	93	55	22	16	88	39	10	81	68	65	84	52	90	86	64	99	65	0	98	72	23	37	60	40	99	12	67	64	90	6	67	20	73	77	83	100	31	59	24	37	74	10	92	88	19	88	74	75	2	22	9	29	81	67	43	34	73	80	64	3	88	13	3	63	89	78	84	38	25	95	39	16	52	93	96	46	55	6	60	57	51	15	34	83	25	88	25	65	35	55	74	53	56	57	57	65	72	45	20	20	62	66	14	94	29	63	41	38	48	13	35	53	97	58	79	80	13	95	35	70	98	3	
39	54	27	82	29	55	20	28	100	100	78	33	91	48	34	12	74	88	74	84	93	5	6	65	58	30	44	6	49	49	47	97	51	42	78	42	76	27	83	54	4	1	47	69	72	98	0	72	73	32	77	40	42	64	42	35	83	98	72	9	20	42	42	91	64	54	33	28	9	26	54	18	78	28	26	61	16	84	66	11	3	58	78	24	75	91	48	40	70	50	81	3	12	8	68	17	36	62	22	54	68	5	97	39	80	21	51	78	31	39	13	46	60	37	73	39	31	28	64	60	10	100	100	69	41	57	34	63	47	58	75	22	67	81	29	67	67	78	11	86	36	49	64	78	42	41	71	34	14	31	
82	9	73	92	46	88	13	1	53	72	52	16	26	87	13	75	61	39	89	10	12	52	83	18	35	75	85	72	11	53	20	57	79	100	18	81	52	20	98	88	61	26	24	100	90	72	72	0	46	58	1	33	7	71	79	75	56	50	96	31	26	28	69	56	15	70	30	78	86	79	50	24	91	78	88	6	91	24	53	7	34	3	29	66	80	60	90	57	97	70	95	66	73	95	34	41	70	87	5	5	87	2	85	50	21	27	51	68	52	7	34	10	20	38	50	9	68	48	67	14	79	90	73	13	21	68	83	100	100	66	9	71	36	66	14	33	99	13	61	59	9	39	80	79	52	84	2	44	91	4	
55	12	44	12	27	87	58	83	12	5	78	14	60	65	58	40	64	38	54	64	69	69	14	88	42	43	47	84	63	99	68	63	19	46	43	18	58	14	45	94	30	62	19	50	61	23	73	46	0	34	12	40	83	61	58	78	50	30	77	28	29	32	88	83	65	72	92	25	95	25	47	87	5	100	98	61	33	35	49	36	52	1	26	73	65	43	15	87	70	54	100	61	5	16	4	53	51	55	95	19	42	100	96	82	77	72	3	4	48	9	70	65	7	18	16	22	23	76	2	62	43	92	45	32	97	41	60	6	5	24	94	85	29	12	6	26	50	63	47	17	37	26	50	36	46	52	26	86	21	99	
31	28	10	25	17	90	8	41	89	84	47	47	45	25	16	94	40	12	23	79	8	39	93	93	78	38	7	60	67	11	52	80	45	69	35	56	53	46	55	40	99	56	71	22	87	37	32	58	34	0	62	85	14	78	37	89	15	34	66	5	94	93	21	47	41	75	74	87	76	69	92	28	50	40	29	50	28	40	44	19	96	92	11	45	78	7	50	99	11	67	31	52	12	49	60	52	33	41	26	36	5	19	23	48	4	42	51	39	10	9	46	23	24	15	93	62	28	67	41	56	42	92	96	13	72	97	7	29	38	76	91	14	98	64	37	43	30	41	20	43	71	15	20	23	24	9	52	31	44	11	
94	15	57	35	61	91	20	46	30	90	75	90	100	29	4	73	93	74	45	54	81	26	7	25	71	8	94	69	52	32	74	69	93	85	7	83	28	43	69	34	28	47	18	11	91	60	77	1	12	62	0	83	30	8	38	99	97	85	43	78	66	91	90	98	65	54	20	12	31	98	20	44	69	12	10	70	31	21	53	32	14	61	50	94	86	48	76	14	44	80	18	65	31	41	7	5	5	19	64	14	85	48	7	27	26	93	39	52	11	46	44	73	9	76	92	48	4	75	90	43	2	12	14	85	48	72	25	2	50	65	99	17	97	33	42	73	31	65	77	99	46	40	53	51	85	40	6	27	88	76	
1	81	80	22	36	34	22	21	53	64	100	65	21	36	53	41	56	80	17	46	53	41	75	55	24	42	21	46	2	42	32	80	7	73	1	2	34	96	40	23	88	67	87	86	7	40	40	33	40	85	83	0	13	92	50	27	88	92	96	43	22	48	87	93	25	51	42	77	14	18	97	1	60	65	42	51	64	6	14	30	87	69	89	80	84	28	42	61	23	67	4	91	90	99	6	55	3	22	54	11	82	30	47	100	85	48	53	98	5	42	40	45	95	88	85	22	55	18	100	75	95	99	24	55	27	42	33	98	56	24	15	7	90	9	4	51	43	66	24	77	85	100	70	10	83	18	66	79	22	64	
63	15	25	19	71	68	59	81	13	19	56	28	28	53	36	89	80	62	20	33	35	87	19	36	5	89	77	48	57	61	44	49	38	77	28	15	83	66	55	56	72	78	22	59	13	99	42	7	83	14	30	13	0	81	85	13	62	56	52	15	31	65	91	100	96	98	47	23	24	59	33	54	17	19	89	55	46	21	73	98	6	49	99	98	65	12	66	40	14	60	70	9	21	33	93	16	62	59	49	80	37	77	83	67	47	85	46	43	85	46	5	16	52	2	41	98	17	59	19	76	26	44	72	46	96	11	89	7	58	42	73	70	82	22	61	57	22	28	63	26	86	94	35	41	64	40	34	91	20	88	
92	19	26	25	76	81	44	10	25	64	24	18	62	75	29	18	27	63	27	80	48	74	75	54	81	27	16	18	56	49	25	20	27	56	80	35	93	56	48	52	22	40	98	91	48	12	64	71	61	78	8	92	81	0	63	74	17	35	94	73	40	33	19	77	72	10	88	11	85	98	86	96	85	34	65	55	80	60	50	6	42	9	85	52	34	73	15	89	93	18	17	14	69	76	50	54	8	13	37	5	44	77	67	17	96	80	16	94	34	71	95	38	26	99	39	1	87	16	42	33	37	29	57	73	67	20	34	31	50	53	69	27	86	98	35	79	66	62	55	20	46	22	1	26	44	23	15	70	76	29	
71	85	43	83	95	85	16	57	82	78	93	28	86	39	7	82	60	36	62	55	86	9	46	38	2	48	6	5	1	79	43	100	24	89	10	41	68	91	22	19	59	38	52	6	15	67	42	79	58	37	38	50	85	63	0	41	46	85	56	41	31	47	13	88	59	98	87	40	34	2	10	47	38	89	27	26	52	15	46	97	84	4	81	74	40	91	94	64	65	85	38	2	47	55	7	48	87	4	59	49	57	90	25	18	78	36	13	86	90	69	47	30	58	99	25	51	30	57	26	86	89	5	41	11	93	4	21	41	21	65	28	65	8	69	63	17	44	67	38	27	74	3	33	5	24	99	94	19	40	67	
90	82	53	48	31	50	99	29	49	32	15	31	64	60	5	68	96	16	18	64	18	39	17	5	83	44	4	96	68	78	59	59	72	2	27	79	45	76	5	46	83	48	77	73	99	64	35	75	78	89	99	27	13	74	41	0	44	40	43	25	11	85	50	7	80	52	35	95	79	67	76	99	44	7	75	19	79	84	29	11	44	22	45	61	13	30	19	7	5	49	46	41	49	12	13	6	48	56	57	59	81	76	95	68	60	41	40	14	96	98	54	20	27	100	85	22	94	3	86	3	33	62	14	33	43	19	86	43	85	54	49	34	20	84	80	64	2	63	33	21	5	52	58	90	64	84	36	36	37	71	
92	15	1	80	5	64	22	33	64	85	2	3	5	11	35	75	93	66	10	78	85	80	53	50	89	53	53	20	14	7	74	61	98	80	4	88	97	99	29	76	100	68	11	67	73	90	83	56	50	15	97	88	62	17	46	44	0	77	73	92	50	91	30	32	11	22	60	95	2	97	82	5	90	84	7	3	36	80	28	69	35	32	10	41	77	15	73	58	37	73	39	13	10	50	74	14	63	12	31	13	47	21	13	31	70	13	85	31	21	1	68	46	79	76	70	78	36	68	16	29	46	97	52	65	25	54	58	31	59	64	63	13	62	27	86	80	5	10	15	86	65	6	59	42	87	2	59	69	80	74	
82	43	30	33	23	16	4	65	3	18	81	79	74	8	50	62	86	85	91	68	50	60	48	94	54	10	65	17	19	86	77	99	71	7	50	31	60	51	60	8	97	96	37	52	4	6	98	50	30	34	85	92	56	35	85	40	77	0	32	41	81	17	63	53	9	99	59	20	25	63	92	5	6	57	77	18	51	67	47	11	73	41	35	82	3	99	65	9	82	98	71	3	39	50	22	19	27	42	32	1	59	4	57	34	68	78	73	66	71	57	30	80	8	74	42	14	16	38	9	93	74	74	96	83	84	50	12	39	37	66	84	78	33	95	28	83	55	51	84	100	2	91	49	7	91	35	46	69	82	63	
21	49	44	38	87	65	79	24	59	97	85	77	77	3	18	18	25	41	75	49	75	71	23	72	84	49	18	56	62	85	50	44	98	12	35	1	26	84	68	3	60	56	92	31	77	67	72	96	77	66	43	96	52	94	56	43	73	32	0	9	90	11	93	23	61	55	92	81	95	23	15	69	78	60	20	72	74	4	67	61	44	88	61	82	41	34	86	26	37	36	99	51	40	38	44	48	9	69	21	9	5	56	66	94	14	96	12	25	61	70	42	12	45	80	8	43	34	68	47	9	52	19	49	49	47	58	42	47	50	81	99	8	22	33	86	74	86	32	10	20	2	70	24	53	4	70	11	79	41	85	
55	74	65	67	30	58	53	18	22	65	19	98	100	53	32	23	17	31	31	92	62	36	24	20	99	6	71	14	86	14	31	3	6	13	42	98	36	4	32	56	42	97	27	26	77	20	9	31	28	5	78	43	15	73	41	25	92	41	9	0	100	41	11	79	61	57	22	100	63	16	93	52	61	59	71	42	3	83	78	72	3	87	27	44	54	20	74	91	30	97	56	39	23	49	90	71	60	54	47	47	47	31	2	85	92	68	77	26	9	36	30	58	85	59	32	19	35	65	61	83	6	11	73	99	55	73	88	23	17	19	4	8	59	16	25	25	18	80	71	21	93	33	66	40	71	32	55	84	64	21	
68	49	25	64	62	78	1	65	73	2	63	99	47	89	62	68	2	15	85	13	15	27	39	11	28	73	86	10	73	48	54	46	19	39	22	49	97	61	20	53	24	16	22	11	73	73	20	26	29	94	66	22	31	40	31	11	50	81	90	100	0	57	61	54	60	21	64	29	73	59	8	12	34	46	15	62	80	34	56	45	71	19	20	66	90	97	6	10	3	66	82	31	2	76	78	34	88	72	20	39	89	37	34	73	10	97	23	45	13	80	69	25	82	59	39	73	71	56	57	72	98	39	82	27	5	80	29	86	35	61	47	44	41	83	20	5	91	80	80	58	84	9	96	16	83	61	85	49	56	27	
34	34	8	67	61	44	52	38	49	99	74	49	60	98	79	82	16	61	46	96	80	38	88	10	8	86	6	76	7	3	93	19	7	59	50	23	92	70	93	16	47	95	88	88	91	77	42	28	32	93	91	48	65	33	47	85	91	17	11	41	57	0	28	64	11	20	75	97	79	58	19	63	5	30	14	93	69	41	91	23	53	29	91	47	86	15	10	28	84	2	23	26	42	14	100	10	68	53	46	19	18	14	55	24	70	89	13	32	26	7	46	24	72	38	84	88	17	11	59	77	51	93	40	64	7	9	25	43	95	92	66	64	100	72	22	46	34	19	95	4	82	100	58	11	56	80	10	47	67	68	
36	18	44	48	61	75	53	13	67	96	5	7	73	49	87	87	45	7	53	98	74	25	73	43	62	84	7	10	62	54	38	27	35	48	91	74	73	25	50	43	97	49	47	70	91	83	42	69	88	21	90	87	91	19	13	50	30	63	93	11	61	28	0	94	93	90	52	49	88	76	19	30	74	14	56	37	96	52	76	12	12	33	4	69	41	86	90	75	68	78	91	46	22	67	72	80	18	36	61	54	9	62	45	16	59	83	68	40	79	49	93	88	86	3	64	30	44	43	99	16	59	76	79	92	4	36	65	17	3	57	77	14	75	19	35	22	66	89	21	93	34	17	5	23	76	77	55	35	36	31	
33	10	11	64	48	31	59	25	75	3	25	17	71	98	41	98	69	82	82	51	9	28	6	86	100	78	42	82	11	81	50	69	79	40	35	1	87	92	91	37	36	83	17	80	88	100	91	56	83	47	98	93	100	77	88	7	32	53	23	79	54	64	94	0	40	77	89	55	91	71	14	40	8	48	13	84	92	45	59	57	93	33	8	52	47	96	13	95	18	64	35	21	68	31	37	52	41	95	77	52	73	31	31	26	81	89	23	87	66	25	92	98	43	37	76	60	42	76	58	7	53	64	94	100	36	87	96	17	17	10	19	69	43	45	67	58	84	65	85	61	63	83	6	48	93	29	39	65	45	50	
59	53	74	86	17	70	3	64	87	48	35	65	19	27	47	31	84	93	30	22	80	32	73	85	5	67	62	21	89	86	19	24	82	14	48	2	97	24	18	55	31	54	25	77	88	31	64	15	65	41	65	25	96	72	59	80	11	9	61	61	60	11	93	40	0	79	57	89	50	61	79	23	31	56	25	74	41	24	76	90	9	91	16	5	72	99	38	50	10	22	94	38	81	44	83	26	94	75	65	56	91	93	20	65	14	53	86	98	45	11	3	1	42	1	28	83	17	42	46	32	20	27	71	95	38	47	98	95	71	43	35	4	95	53	21	34	44	20	95	66	54	76	52	42	21	28	38	12	45	65	
30	24	55	99	61	39	37	39	6	79	52	3	61	64	75	42	91	78	22	53	49	36	56	51	48	73	35	63	63	42	40	37	68	97	25	85	78	58	37	60	91	75	31	74	63	59	54	70	72	75	54	51	98	10	98	52	22	99	55	57	21	20	90	77	79	0	14	17	81	33	33	100	84	20	58	65	37	41	51	34	45	85	73	5	55	19	96	74	71	96	21	71	13	89	38	70	75	5	68	13	90	48	47	9	78	44	11	15	5	56	49	38	66	78	72	23	68	5	13	69	44	58	40	58	79	70	4	89	36	37	69	36	99	9	29	61	21	78	6	99	15	33	9	24	85	31	41	4	34	59	
96	63	40	72	76	21	47	86	91	27	69	4	69	19	98	100	37	49	37	91	22	7	44	74	45	37	56	45	24	19	63	52	21	83	17	34	5	79	92	77	83	54	93	21	69	24	33	30	92	74	20	42	47	88	87	35	60	59	92	22	64	75	52	89	57	14	0	22	21	26	26	40	5	99	82	29	59	60	49	41	65	15	47	79	54	84	94	53	71	90	50	99	56	43	88	6	32	87	63	11	84	77	45	13	52	80	97	15	83	90	9	9	90	38	87	45	66	84	73	29	89	19	42	100	45	83	73	58	27	23	88	20	67	32	1	23	41	18	84	55	84	6	30	27	65	62	84	56	2	41	
90	67	18	12	65	21	27	33	76	93	68	73	3	34	60	90	100	7	39	93	47	96	78	2	6	98	9	65	64	84	10	17	44	16	20	35	48	95	6	94	25	97	28	82	12	37	28	78	25	87	12	77	23	11	40	95	95	20	81	100	29	97	49	55	89	17	22	0	10	47	47	10	73	6	64	26	87	53	48	95	2	37	62	100	97	62	19	2	70	18	11	2	67	21	83	96	18	26	14	18	42	81	42	26	40	99	1	31	41	43	89	47	2	34	53	96	6	54	33	76	47	22	28	3	56	41	71	83	33	80	9	16	87	73	41	27	94	37	96	99	60	84	12	10	79	28	71	77	54	91	
77	49	40	4	61	26	76	66	86	91	26	97	5	32	4	39	25	17	39	59	94	12	95	29	30	53	69	70	22	28	62	97	15	72	27	46	59	14	82	96	8	41	6	99	51	74	9	86	95	76	31	14	24	85	34	79	2	25	95	63	73	79	88	91	50	81	21	10	0	4	75	68	41	19	16	74	9	99	49	2	98	49	46	7	98	82	26	19	66	77	38	78	29	86	76	50	21	38	38	40	97	52	60	12	90	87	19	47	12	97	46	56	73	80	92	73	59	71	95	60	77	59	27	78	28	46	95	97	31	28	21	76	61	36	47	87	100	94	28	46	98	6	55	91	11	3	48	38	30	17	
3	32	60	75	16	32	96	31	88	85	38	97	58	51	13	82	84	61	62	97	43	51	91	57	24	62	99	95	87	79	83	99	78	81	15	12	58	54	8	15	69	52	39	71	65	10	26	79	25	69	98	18	59	98	2	67	97	63	23	16	59	58	76	71	61	33	26	47	4	0	61	56	45	43	91	13	66	34	37	94	88	66	99	87	1	18	43	30	25	14	72	48	18	34	40	96	70	38	8	97	82	36	45	71	28	17	25	57	59	24	66	13	78	100	94	40	74	28	12	4	28	12	50	47	90	93	28	54	24	57	80	90	51	8	90	37	97	21	34	89	56	97	35	16	95	61	66	47	33	3	
89	21	37	69	67	92	15	97	82	69	37	50	65	9	2	55	41	91	43	96	100	94	68	26	17	21	80	11	16	1	86	72	52	21	11	71	23	62	5	24	4	59	56	41	62	92	54	50	47	92	20	97	33	86	10	76	82	92	15	93	8	19	19	14	79	33	26	47	75	61	0	43	37	21	4	36	78	93	95	32	45	27	19	77	37	37	20	97	11	8	47	93	1	71	1	19	65	21	39	46	69	92	11	16	81	36	61	43	26	7	59	27	42	18	37	87	35	44	62	21	8	65	11	23	66	50	24	92	79	83	68	11	73	5	60	66	21	17	9	61	14	80	38	74	80	81	79	37	91	68	
62	70	13	85	100	36	91	39	74	60	76	4	6	76	92	19	97	99	81	19	42	86	21	35	50	36	8	65	37	55	73	98	14	49	86	1	61	4	96	44	53	87	46	96	3	88	18	24	87	28	44	1	54	96	47	99	5	5	69	52	12	63	30	40	23	100	40	10	68	56	43	0	24	15	77	20	44	48	31	72	18	39	43	25	45	41	39	87	62	22	64	56	86	18	14	57	56	96	23	19	61	95	94	45	3	15	25	41	67	67	56	80	10	14	32	74	46	22	28	17	28	67	19	33	25	86	10	12	73	2	95	50	91	71	7	4	63	84	88	80	52	52	13	20	30	21	18	40	2	89	
97	13	67	68	41	96	83	33	75	71	45	20	33	61	86	63	2	67	27	8	34	41	19	46	74	41	45	15	12	11	58	20	44	34	96	85	41	60	21	85	38	77	44	45	11	19	78	91	5	50	69	60	17	85	38	44	90	6	78	61	34	5	74	8	31	84	5	73	41	45	37	24	0	43	13	75	10	17	36	74	40	27	22	21	96	49	9	25	46	38	75	39	11	62	70	27	20	87	99	40	60	70	46	35	8	100	86	59	83	18	9	68	96	40	31	63	69	32	8	42	47	11	55	37	71	8	93	67	59	70	25	76	81	14	32	47	24	24	48	100	9	14	41	65	15	97	80	4	38	21	
21	67	29	95	62	77	53	50	7	31	77	20	80	20	36	30	61	81	99	52	49	10	37	30	46	88	98	99	56	48	63	59	11	79	76	71	50	90	66	28	65	47	96	17	27	88	28	78	100	40	12	65	19	34	89	7	84	57	60	59	46	30	14	48	56	20	99	6	19	43	21	15	43	0	48	7	36	23	37	63	1	77	78	42	29	36	6	76	67	8	23	31	88	53	43	58	100	22	70	39	29	27	71	17	42	19	75	72	49	17	15	30	92	53	74	66	64	35	14	47	52	36	53	63	25	38	47	96	98	21	18	19	77	5	14	75	82	58	82	73	3	17	15	50	61	45	75	48	11	30	
48	95	57	53	72	31	2	100	76	34	40	95	95	90	27	67	59	42	38	56	75	88	13	85	84	13	85	22	64	96	38	84	63	90	74	97	59	91	30	4	45	36	14	98	62	74	26	88	98	29	10	42	89	65	27	75	7	77	20	71	15	14	56	13	25	58	82	64	16	91	4	77	13	48	0	53	32	60	45	11	7	2	72	68	79	92	83	19	53	4	79	11	61	9	30	85	2	14	24	95	74	48	24	95	12	52	94	27	48	45	7	65	82	56	29	82	12	73	13	63	9	33	82	32	54	4	60	41	34	77	13	81	24	16	22	56	33	79	13	72	75	12	26	36	58	70	24	29	28	78	
91	60	21	61	77	35	65	76	84	42	21	85	56	74	89	38	48	86	64	35	71	22	54	18	65	65	34	40	58	78	17	1	38	31	56	6	69	100	5	65	3	14	87	40	81	75	61	6	61	50	70	51	55	55	26	19	3	18	72	42	62	93	37	84	74	65	29	26	74	13	36	20	75	7	53	0	74	48	74	25	53	80	73	71	27	28	2	25	8	92	54	21	68	4	13	22	17	24	69	28	31	22	25	97	21	45	6	46	22	92	58	15	44	55	39	1	79	35	22	65	9	19	93	9	85	30	34	54	14	84	17	46	49	73	60	33	93	39	57	31	77	94	19	44	20	24	80	78	53	7	
88	56	1	67	73	24	1	59	33	79	67	22	93	84	40	32	17	56	57	29	79	45	81	33	7	87	76	39	90	5	7	44	61	73	90	59	49	86	85	28	29	99	59	62	95	2	16	91	33	28	31	64	46	80	52	79	36	51	74	3	80	69	96	92	41	37	59	87	9	66	78	44	10	36	32	74	0	30	82	33	48	69	13	21	6	33	22	90	82	49	81	32	87	91	13	59	45	28	81	24	2	6	32	55	21	20	47	84	63	50	64	100	66	82	64	88	55	2	11	44	51	91	35	29	14	69	46	79	33	36	69	35	48	87	34	72	41	59	4	100	42	58	38	80	25	35	8	63	83	17	
72	13	67	56	69	15	98	16	34	20	2	99	61	70	90	43	52	53	28	94	61	16	48	81	95	8	90	9	9	93	1	81	27	97	47	15	1	79	85	8	56	76	39	93	9	22	84	24	35	40	21	6	21	60	15	84	80	67	4	83	34	41	52	45	24	41	60	53	99	34	93	48	17	23	60	48	30	0	52	49	92	12	68	15	13	32	83	66	69	37	91	16	8	45	14	32	84	96	72	26	66	49	44	19	9	2	89	10	77	41	43	94	64	44	33	94	31	66	81	67	23	55	66	65	14	58	78	81	78	36	64	13	38	72	27	44	34	21	4	27	73	60	60	12	30	62	6	34	30	48	
26	97	47	65	90	58	40	97	52	69	15	96	22	26	31	79	8	4	25	18	79	17	85	90	15	78	92	49	25	43	44	24	73	20	56	88	45	18	28	73	41	14	28	85	2	9	66	53	49	44	53	14	73	50	46	29	28	47	67	78	56	91	76	59	76	51	49	48	49	37	95	31	36	37	45	74	82	52	0	71	50	25	81	39	9	74	16	71	6	84	87	52	73	10	63	71	23	17	73	77	40	24	72	20	79	84	8	18	28	85	6	26	24	9	49	41	36	48	100	48	39	64	57	95	82	82	78	67	5	36	74	19	64	28	70	47	49	89	92	26	32	88	23	58	40	38	57	1	31	12	
16	85	20	24	88	96	1	64	17	28	41	95	71	84	32	96	90	42	2	29	33	39	81	44	77	77	5	16	18	75	38	27	85	57	80	34	51	46	100	12	51	33	78	20	54	29	11	7	36	19	32	30	98	6	97	11	69	11	61	72	45	23	12	57	90	34	41	95	2	94	32	72	74	63	11	25	33	49	71	0	42	35	57	75	94	13	77	38	24	16	49	40	7	2	83	2	30	36	24	32	63	9	60	15	1	54	98	40	74	67	37	90	62	64	51	77	13	83	53	10	99	25	60	9	62	20	6	46	79	60	79	43	5	40	94	22	26	75	75	79	40	78	63	23	63	12	86	95	35	69	
71	86	18	53	64	94	16	1	86	83	69	75	23	48	91	62	38	9	88	76	74	74	90	67	13	69	65	89	94	42	36	15	73	60	9	71	66	55	5	91	100	98	69	70	61	81	3	34	52	96	14	87	6	42	84	44	35	73	44	3	71	53	12	93	9	45	65	2	98	88	45	18	40	1	7	53	48	92	50	42	0	39	46	13	75	52	52	29	90	68	41	35	98	7	41	74	15	37	81	75	20	26	15	66	62	39	65	74	95	40	83	16	62	85	10	71	22	87	47	69	91	69	49	64	67	7	86	25	17	93	80	40	66	15	8	30	45	63	54	72	68	39	99	48	11	78	14	93	25	37	
83	24	19	36	66	34	61	77	30	73	92	64	100	84	16	85	9	85	32	47	72	86	91	2	16	31	58	76	19	17	86	69	22	89	59	92	53	59	91	48	4	3	95	31	2	67	58	3	1	92	61	69	49	9	4	22	32	41	88	87	19	29	33	33	91	85	15	37	49	66	27	39	27	77	2	80	69	12	25	35	39	0	4	46	85	34	84	55	63	23	62	55	90	91	24	5	96	22	82	46	100	27	8	86	96	83	61	27	19	23	86	18	88	16	30	59	96	86	4	52	17	47	93	92	35	54	63	1	31	68	29	3	34	13	33	39	14	82	91	85	51	94	71	76	89	90	64	82	41	5	
72	76	42	77	37	29	28	70	23	60	1	48	42	53	16	3	77	79	72	18	94	96	50	82	89	26	66	24	42	41	94	73	89	37	5	41	59	65	32	17	98	87	30	24	94	43	78	29	26	11	50	89	99	85	81	45	10	35	61	27	20	91	4	8	16	73	47	62	46	99	19	43	22	78	72	73	13	68	81	57	46	4	0	23	46	37	48	96	4	76	35	66	18	70	88	5	53	68	71	11	66	35	98	40	21	91	90	59	13	77	62	48	85	56	72	63	87	72	73	57	95	60	80	86	26	50	94	66	56	89	9	44	90	10	98	28	44	82	39	60	94	79	17	53	13	36	90	34	9	46	
11	35	7	6	99	77	79	77	99	20	23	76	69	2	69	71	72	39	77	24	6	80	92	9	26	87	21	43	63	35	17	68	51	95	88	99	67	77	35	72	28	91	83	41	3	34	24	66	73	45	94	80	98	52	74	61	41	82	82	44	66	47	69	52	5	5	79	100	7	87	77	25	21	42	68	71	21	15	39	75	13	46	23	0	79	93	5	28	99	85	54	15	75	1	39	3	93	79	92	32	95	35	94	61	98	64	7	57	86	83	78	2	27	95	33	86	68	21	41	8	96	81	82	52	34	96	68	74	25	84	100	69	84	12	47	83	82	13	60	19	41	74	32	29	12	14	31	65	90	87	
85	66	21	93	97	59	48	95	6	10	78	78	68	55	85	91	68	21	98	66	66	22	39	22	83	26	30	34	67	42	98	75	96	57	34	4	42	100	41	4	79	91	57	90	1	73	75	80	65	78	86	84	65	34	40	13	77	3	41	54	90	86	41	47	72	55	54	97	98	1	37	45	96	29	79	27	6	13	9	94	75	85	46	79	0	84	87	65	5	41	54	84	68	77	59	96	35	98	60	65	41	86	64	39	57	76	78	35	94	91	18	68	83	67	91	37	41	18	9	4	68	53	20	15	6	35	2	27	32	58	86	86	1	97	46	74	6	36	22	30	79	78	61	47	38	16	82	11	29	27	
14	68	100	99	69	33	83	20	30	99	14	36	78	64	90	93	10	61	27	51	16	18	59	9	75	30	36	75	18	49	88	25	27	76	3	98	22	49	62	86	87	81	14	64	58	80	91	60	43	7	48	28	12	73	91	30	15	99	34	20	97	15	86	96	99	19	84	62	82	18	37	41	49	36	92	28	33	32	74	13	52	34	37	93	84	0	75	64	32	88	91	97	57	85	74	33	19	67	2	44	73	62	23	89	43	73	10	37	93	86	5	93	31	15	33	62	29	67	45	62	44	7	14	77	36	69	36	26	88	38	5	74	99	42	15	83	36	36	10	41	4	11	90	83	98	17	74	86	19	29	
75	96	30	72	83	5	73	28	48	52	81	40	86	55	17	27	5	84	70	52	33	27	37	3	39	72	4	42	83	41	1	47	96	65	55	28	53	81	20	84	91	88	93	90	3	64	48	90	15	50	76	42	66	15	94	19	73	65	86	74	6	10	90	13	38	96	94	19	26	43	20	39	9	6	83	2	22	83	16	77	52	84	48	5	87	75	0	66	9	60	22	14	48	29	69	4	74	51	31	30	93	24	29	35	45	5	68	68	8	8	17	45	52	23	92	14	17	77	42	47	9	92	97	19	13	79	67	20	82	32	30	22	28	92	55	19	61	82	60	97	45	1	71	58	65	6	68	64	41	10	
86	61	45	49	7	58	37	54	79	11	21	4	75	52	77	51	72	23	37	29	90	37	93	14	28	30	82	46	78	19	39	2	46	93	3	30	16	14	42	31	33	82	53	58	59	3	40	57	87	99	14	61	40	89	64	7	58	9	26	91	10	28	75	95	50	74	53	2	19	30	97	87	25	76	19	25	90	66	71	38	29	55	96	28	65	64	66	0	38	15	30	96	83	64	88	1	17	51	41	71	39	64	83	44	83	90	46	83	87	88	8	16	15	72	12	96	23	81	17	94	85	95	33	12	53	94	66	73	39	19	75	61	77	82	10	54	50	100	9	40	50	7	62	43	19	24	15	55	91	92	
28	22	96	94	2	89	40	65	66	12	86	59	16	19	12	72	94	12	72	29	49	88	80	24	38	26	70	5	67	66	33	93	81	42	72	19	77	100	51	66	47	24	22	72	93	88	70	97	70	11	44	23	14	93	65	5	37	82	37	30	3	84	68	18	10	71	71	70	66	25	11	62	46	67	53	8	82	69	6	24	90	63	4	99	5	32	9	38	0	22	1	87	31	9	96	99	28	86	6	31	5	69	72	22	73	38	95	32	23	20	97	33	22	18	12	96	37	22	64	21	34	35	71	51	58	75	88	97	23	28	44	83	44	34	57	68	11	6	72	1	20	46	86	40	14	64	13	94	96	75	
71	20	75	8	43	8	7	75	20	74	78	74	57	13	27	64	47	31	94	43	90	31	60	84	28	65	97	53	45	77	41	31	47	67	61	97	17	91	7	25	91	1	97	37	30	13	50	70	54	67	80	67	60	18	85	49	73	98	36	97	66	2	78	64	22	96	90	18	77	14	8	22	38	8	4	92	49	37	84	16	68	23	76	85	41	88	60	15	22	0	20	21	50	88	8	23	68	10	4	79	78	88	59	33	100	78	21	96	44	98	24	37	50	44	52	95	71	1	72	97	41	80	34	15	89	53	84	13	46	54	85	61	34	39	96	79	59	38	51	9	91	11	86	23	23	4	53	41	16	40	
56	77	14	89	17	65	56	62	28	45	17	72	90	17	37	61	89	52	4	85	37	35	85	96	93	31	38	40	34	25	62	42	13	35	15	48	72	85	73	47	14	45	71	4	29	3	81	95	100	31	18	4	70	17	38	46	39	71	99	56	82	23	91	35	94	21	50	11	38	72	47	64	75	23	79	54	81	91	87	49	41	62	35	54	54	91	22	30	1	20	0	48	56	67	69	97	47	11	51	67	42	100	11	45	14	38	32	93	94	95	41	78	61	81	19	60	77	75	77	66	43	18	37	60	64	99	36	55	80	47	77	93	62	61	46	54	63	43	28	55	85	76	47	56	26	82	9	49	53	35	
72	72	7	85	42	35	14	77	14	46	13	42	93	17	37	88	32	62	74	71	25	45	42	61	29	90	15	92	40	96	26	90	29	46	5	100	60	58	4	83	18	47	66	92	80	63	3	66	61	52	65	91	9	14	2	41	13	3	51	39	31	26	46	21	38	71	99	2	78	48	93	56	39	31	11	21	32	16	52	40	35	55	66	15	84	97	14	96	87	21	48	0	71	84	18	52	93	66	45	12	71	63	36	34	39	63	28	18	14	58	16	45	33	86	34	91	9	48	97	37	42	17	76	19	95	45	67	99	54	53	31	11	57	28	81	87	58	75	33	83	3	59	5	79	33	27	51	23	42	70	
74	76	21	78	13	40	80	46	33	58	85	61	48	26	93	53	17	12	10	75	90	87	1	24	84	41	10	90	70	13	29	48	86	19	86	24	31	68	50	70	39	18	15	41	87	89	12	73	5	12	31	90	21	69	47	49	10	39	40	23	2	42	22	68	81	13	56	67	29	18	1	86	11	88	61	68	87	8	73	7	98	90	18	75	68	57	48	83	31	50	56	71	0	58	94	96	31	42	34	16	7	49	82	79	73	22	55	7	8	8	59	29	95	10	58	30	3	9	54	92	8	57	78	54	85	73	14	90	57	46	81	26	9	7	98	33	78	18	61	60	6	60	77	64	53	89	42	34	52	2	
8	55	99	25	54	97	23	6	13	11	10	82	18	53	62	16	97	41	95	27	76	29	4	34	34	98	66	47	52	28	94	3	61	2	94	17	78	38	88	86	29	68	56	38	96	78	8	95	16	49	41	99	33	76	55	12	50	50	38	49	76	14	67	31	44	89	43	21	86	34	71	18	62	53	9	4	91	45	10	2	7	91	70	1	77	85	29	64	9	88	67	84	58	0	21	16	35	4	49	49	7	30	25	89	58	26	15	85	70	100	51	34	52	58	4	84	78	67	10	16	47	70	81	55	53	38	5	59	38	52	58	60	31	68	34	4	63	16	49	46	60	81	84	37	79	87	17	7	24	79	
94	30	41	15	54	17	23	64	52	74	26	68	55	35	100	2	24	46	22	16	5	27	76	34	55	69	16	1	42	75	53	70	91	12	65	35	93	17	19	46	78	74	6	46	38	84	68	34	4	60	7	6	93	50	7	13	74	22	44	90	78	100	72	37	83	38	88	83	76	40	1	14	70	43	30	13	13	14	63	83	41	24	88	39	59	74	69	88	96	8	69	18	94	21	0	66	16	3	63	88	25	66	58	69	85	87	25	81	14	34	49	18	87	66	57	86	53	66	50	50	15	75	81	88	58	32	65	28	76	19	6	58	73	66	26	86	36	77	54	54	68	74	51	32	38	28	25	23	48	88	
76	74	43	10	15	39	72	11	4	78	91	42	14	94	85	74	40	24	73	28	73	41	30	98	93	66	32	36	50	20	7	73	17	91	32	76	98	28	68	38	2	99	38	84	88	38	17	41	53	52	5	55	16	54	48	6	14	19	48	71	34	10	80	52	26	70	6	96	50	96	19	57	27	58	85	22	59	32	71	2	74	5	5	3	96	33	4	1	99	23	97	52	96	16	66	0	31	40	46	52	56	28	52	35	17	52	17	54	49	52	18	15	90	36	98	39	40	100	1	28	38	69	70	41	35	44	1	10	63	55	24	59	32	78	6	15	7	4	38	64	34	13	13	52	17	70	38	3	19	35	
39	88	78	50	92	34	22	30	19	88	47	71	60	36	100	71	95	32	52	85	17	65	19	83	55	14	2	7	14	63	73	53	45	22	6	21	1	76	6	91	21	66	73	8	100	25	36	70	51	33	5	3	62	8	87	48	63	27	9	60	88	68	18	41	94	75	32	18	21	70	65	56	20	100	2	17	45	84	23	30	15	96	53	93	35	19	74	17	28	68	47	93	31	35	16	31	0	61	52	32	29	2	66	37	24	75	96	44	34	89	74	60	29	26	5	35	85	83	76	50	14	1	1	96	85	65	32	31	100	20	23	40	55	70	25	49	64	31	94	52	26	19	42	1	34	50	85	12	78	45	
94	99	92	27	65	91	17	25	24	54	43	1	58	48	8	15	59	30	29	14	37	59	42	14	12	36	77	39	23	39	87	16	36	70	80	96	16	94	30	52	47	7	54	73	11	95	62	87	55	41	19	22	59	13	4	56	12	42	69	54	72	53	36	95	75	5	87	26	38	38	21	96	87	22	14	24	28	96	17	36	37	22	68	79	98	67	51	51	86	10	11	66	42	4	3	40	61	0	48	16	50	22	3	3	12	34	86	52	59	79	91	49	95	51	7	28	87	87	36	24	19	44	40	47	68	78	20	75	65	54	67	58	74	12	8	98	96	77	57	93	63	33	29	8	39	36	37	66	74	93	
79	2	23	63	3	63	22	21	25	25	3	68	13	18	83	80	59	40	14	84	82	82	74	34	57	6	69	68	89	33	13	85	49	32	35	67	41	32	32	3	4	92	19	82	4	39	22	5	95	26	64	54	49	37	59	57	31	32	21	47	20	46	61	77	65	68	63	14	38	8	39	23	99	70	24	69	81	72	73	24	81	82	71	92	60	2	31	41	6	4	51	45	34	49	63	46	52	48	0	34	80	8	36	43	98	64	1	88	48	42	25	89	34	62	32	89	61	84	38	37	71	93	6	26	81	16	25	34	59	64	93	81	95	61	9	26	86	13	6	83	3	6	47	67	77	13	73	98	28	33	
2	29	45	26	87	20	95	34	55	6	90	48	13	32	20	12	19	50	76	87	76	59	47	92	84	62	14	70	36	40	5	96	52	53	44	68	22	46	58	90	70	62	82	68	57	16	54	5	19	36	14	11	80	5	49	59	13	1	9	47	39	19	54	52	56	13	11	18	40	97	46	19	40	39	95	28	24	26	77	32	75	46	11	32	65	44	30	71	31	79	67	12	16	49	88	52	32	16	34	0	42	86	38	16	19	17	20	33	99	49	70	18	26	23	95	24	61	31	14	29	80	16	4	69	22	87	87	52	55	72	50	6	88	93	82	93	15	49	28	63	81	72	5	92	88	17	94	46	32	29	
69	79	30	23	64	37	59	69	84	53	37	37	22	47	62	88	38	38	8	10	76	74	42	6	46	50	21	20	85	69	86	57	9	61	98	73	34	74	72	83	18	25	8	5	42	52	68	87	42	5	85	82	37	44	57	81	47	59	5	47	89	18	9	73	91	90	84	42	97	82	69	61	60	29	74	31	2	66	40	63	20	100	66	95	41	73	93	39	5	78	42	71	7	7	25	56	29	50	80	42	0	24	81	96	10	62	10	97	34	32	62	91	25	36	76	89	44	95	39	38	28	31	29	7	18	66	25	43	40	93	86	36	59	58	67	96	11	46	18	64	92	87	80	24	59	46	87	99	64	4	
86	68	5	37	21	42	4	71	63	44	60	38	15	81	60	94	62	1	38	67	96	3	1	5	13	40	56	22	54	86	81	92	61	75	19	60	73	94	14	72	66	74	13	89	33	93	5	2	100	19	48	30	77	77	90	76	21	4	56	31	37	14	62	31	93	48	77	81	52	36	92	95	70	27	48	22	6	49	24	9	26	27	35	35	86	62	24	64	69	88	100	63	49	30	66	28	2	22	8	86	24	0	63	25	33	39	89	26	71	62	53	48	14	44	42	39	59	29	39	80	6	13	56	92	46	62	69	22	20	92	58	88	38	43	29	38	63	49	75	60	78	37	1	50	81	87	18	80	64	20	
29	25	46	64	72	64	15	65	47	74	55	53	29	55	46	13	4	91	74	46	54	35	16	83	63	5	15	18	52	76	51	99	58	3	45	33	37	74	45	40	21	5	48	82	28	96	97	85	96	23	7	47	83	67	25	95	13	57	66	2	34	55	45	31	20	47	45	42	60	45	11	94	46	71	24	25	32	44	72	60	15	8	98	94	64	23	29	83	72	59	11	36	82	25	58	52	66	3	36	38	81	63	0	72	74	35	64	61	28	74	35	50	18	74	41	14	72	84	78	92	40	32	45	96	16	25	38	53	97	28	49	31	12	10	17	3	4	54	66	44	32	94	55	67	71	100	47	90	37	24	
85	86	94	2	54	73	74	87	35	76	12	56	28	25	15	17	76	85	74	67	10	19	92	62	15	9	45	37	76	15	4	32	96	72	26	82	20	23	20	51	88	86	94	90	72	46	39	50	82	48	27	100	67	17	18	68	31	34	94	85	73	24	16	26	65	9	13	26	12	71	16	45	35	17	95	97	55	19	20	15	66	86	40	61	39	89	35	44	22	33	45	34	79	89	69	35	37	3	43	16	96	25	72	0	46	64	48	35	30	32	39	55	51	12	29	58	75	65	98	97	42	88	21	31	94	58	9	48	10	87	1	25	12	59	89	4	55	83	12	52	30	38	91	49	62	43	47	93	98	83	
42	14	81	7	14	43	35	54	92	45	51	5	26	41	28	86	88	41	69	6	95	46	77	17	47	32	8	61	36	40	56	46	74	63	81	18	51	40	40	87	90	6	3	14	64	55	80	21	77	4	26	85	47	96	78	60	70	68	14	92	10	70	59	81	14	78	52	40	90	28	81	3	8	42	12	21	21	9	79	1	62	96	21	98	57	43	45	83	73	100	14	39	73	58	85	17	24	12	98	19	10	33	74	46	0	46	93	88	74	6	22	51	58	6	86	19	35	93	63	65	36	8	42	80	74	11	43	51	11	43	85	96	66	83	100	3	85	44	62	51	69	29	59	54	14	51	82	76	62	22	
17	76	33	40	23	11	56	52	82	50	36	81	72	30	14	36	80	78	21	17	77	90	34	79	100	22	25	68	35	63	88	81	72	58	74	22	8	6	56	10	44	86	60	77	67	6	21	27	72	42	93	48	85	80	36	41	13	78	96	68	97	89	83	89	53	44	80	99	87	17	36	15	100	19	52	45	20	2	84	54	39	83	91	64	76	73	5	90	38	78	38	63	22	26	87	52	75	34	64	17	62	39	35	64	46	0	5	18	10	52	52	39	24	14	85	90	87	75	40	45	92	59	31	29	17	89	37	27	2	64	62	79	31	81	50	43	73	60	27	35	45	27	16	78	7	55	68	99	8	84	
94	55	38	19	46	54	23	95	82	100	89	85	52	36	24	80	75	59	27	50	5	73	64	64	63	71	88	41	8	79	74	64	18	87	6	92	31	43	49	83	59	72	12	76	67	60	51	51	3	51	39	53	46	16	13	40	85	73	12	77	23	13	68	23	86	11	97	1	19	25	61	25	86	75	94	6	47	89	8	98	65	61	90	7	78	10	68	46	95	21	32	28	55	15	25	17	96	86	1	20	10	89	64	48	93	5	0	22	72	89	29	86	35	56	56	12	20	93	39	95	82	55	15	61	17	99	75	21	67	8	12	13	18	19	64	33	77	93	9	76	11	18	8	13	32	65	1	52	33	53	
95	19	79	52	57	5	90	42	95	76	67	59	28	66	91	45	91	17	16	23	34	22	69	91	55	89	99	27	41	56	74	28	90	96	16	77	90	49	35	20	73	19	9	3	1	57	78	68	4	39	52	98	43	94	86	14	31	66	25	26	45	32	40	87	98	15	15	31	47	57	43	41	59	72	27	46	84	10	18	40	74	27	59	57	35	37	68	83	32	96	93	18	7	85	81	54	44	52	88	33	97	26	61	35	88	18	22	0	81	43	10	42	77	27	66	29	96	59	55	12	36	55	83	21	29	72	82	100	31	40	32	27	37	12	17	70	57	50	7	51	74	68	97	87	43	52	62	38	78	97	
29	99	38	70	79	30	36	77	38	31	32	11	8	67	57	100	37	31	35	87	10	60	55	7	46	35	59	84	81	91	28	73	49	78	28	26	67	56	72	1	12	44	47	9	92	51	31	52	48	10	11	5	85	34	90	96	21	71	61	9	13	26	79	66	45	5	83	41	12	59	26	67	83	49	48	22	63	77	28	74	95	19	13	86	94	93	8	87	23	44	94	14	8	70	14	49	34	59	48	99	34	71	28	30	74	10	72	81	0	87	40	2	18	96	25	100	22	56	62	80	87	72	91	86	27	10	79	99	100	54	47	70	83	25	27	30	76	44	99	6	7	43	85	94	46	91	66	91	37	92	
28	10	10	11	50	58	59	14	12	1	43	31	44	67	56	43	72	61	50	5	6	41	12	38	24	15	3	70	99	71	54	34	33	34	97	43	9	100	20	27	46	95	10	85	88	15	39	7	9	9	46	42	46	71	69	98	1	57	70	36	80	7	49	25	11	56	90	43	97	24	7	67	18	17	45	92	50	41	85	67	40	23	77	83	91	86	8	88	20	98	95	58	8	100	34	52	89	79	42	49	32	62	74	32	6	52	89	43	87	0	50	30	58	43	7	89	55	47	69	83	28	54	20	10	53	35	70	65	71	26	36	26	42	87	78	72	15	30	9	42	23	74	12	65	56	57	31	6	42	20	
98	95	8	55	34	21	3	93	97	51	54	9	30	55	19	92	17	28	45	60	22	67	29	5	81	41	88	71	19	89	38	9	33	52	31	61	73	84	4	72	97	81	10	27	57	34	13	34	70	46	44	40	5	95	47	54	68	30	42	30	69	46	93	92	3	49	9	89	46	66	59	56	9	15	7	58	64	43	6	37	83	86	62	78	18	5	17	8	97	24	41	16	59	51	49	18	74	91	25	70	62	53	35	39	22	52	29	10	40	50	0	28	10	24	59	46	33	52	83	67	25	73	18	100	13	72	35	60	77	65	82	37	87	62	70	70	47	16	93	5	56	45	72	47	23	14	88	22	3	42	
98	70	62	95	39	98	77	66	94	96	62	69	98	85	52	84	37	57	88	74	81	49	77	20	27	14	96	25	26	15	38	66	100	43	12	27	43	42	2	43	63	84	43	26	64	83	46	10	65	23	73	45	16	38	30	20	46	80	12	58	25	24	88	98	1	38	9	47	56	13	27	80	68	30	65	15	100	94	26	90	16	18	48	2	68	93	45	16	33	37	78	45	29	34	18	15	60	49	89	18	91	48	50	55	51	39	86	42	2	30	28	0	48	42	93	86	73	32	100	46	58	10	24	36	19	95	60	92	99	82	18	76	73	4	91	45	32	95	46	21	31	4	85	34	96	29	33	78	42	63	
52	43	30	83	56	38	94	17	30	59	29	60	99	21	83	34	79	77	35	3	65	9	69	39	57	46	89	25	35	26	25	63	4	33	81	98	9	11	14	60	57	7	11	74	14	25	60	20	7	24	9	95	52	26	58	27	79	8	45	85	82	72	86	43	42	66	90	2	73	78	42	10	96	92	82	44	66	64	24	62	62	88	85	27	83	31	52	15	22	50	61	33	95	52	87	90	29	95	34	26	25	14	18	51	58	24	35	77	18	58	10	48	0	21	69	13	85	10	69	85	46	49	60	71	52	29	3	83	18	55	28	21	47	48	65	14	35	30	15	9	29	85	50	51	50	31	19	44	77	73	
78	65	47	3	84	45	98	32	4	53	82	25	26	65	38	98	64	37	23	38	6	27	50	56	72	69	96	57	9	11	7	78	79	14	43	29	58	28	79	75	41	62	31	87	50	88	37	38	18	15	76	88	2	99	99	100	76	74	80	59	59	38	3	37	1	78	38	34	80	100	18	14	40	53	56	55	82	44	9	64	85	16	56	95	67	15	23	72	18	44	81	86	10	58	66	36	26	51	62	23	36	44	74	12	6	14	56	27	96	43	24	42	21	0	98	55	51	40	2	12	89	13	29	16	32	53	40	36	16	40	33	2	20	58	95	92	92	70	32	90	36	86	98	79	57	67	28	78	90	51	
79	19	73	2	9	90	4	36	8	12	89	29	30	33	52	66	21	41	86	41	96	77	98	70	41	100	46	35	83	79	76	20	34	32	20	91	75	83	63	47	24	81	1	55	91	25	73	50	16	93	92	85	41	39	25	85	70	42	8	32	39	84	64	76	28	72	87	53	92	94	37	32	31	74	29	39	64	33	49	51	10	30	72	33	91	33	92	12	12	52	19	34	58	4	57	98	5	7	32	95	76	42	41	29	86	85	56	66	25	7	59	93	69	98	0	61	3	77	77	54	31	53	20	99	40	61	46	79	26	50	13	97	69	38	19	94	92	94	98	85	69	34	88	64	39	2	21	7	12	39	
95	47	27	43	41	62	84	17	3	99	59	19	52	82	36	40	76	99	48	88	64	28	59	36	1	96	72	95	53	7	78	30	88	85	95	6	35	37	63	85	44	12	20	91	74	65	39	9	22	62	48	22	98	1	51	22	78	14	43	19	73	88	30	60	83	23	45	96	73	40	87	74	63	66	82	1	88	94	41	77	71	59	63	86	37	62	14	96	96	95	60	91	30	84	86	39	35	28	89	24	89	39	14	58	19	90	12	29	100	89	46	86	13	55	61	0	41	9	94	14	84	47	4	75	34	22	56	10	36	57	84	27	8	62	53	84	80	43	52	91	10	4	92	15	91	15	58	39	37	93	
69	81	52	70	44	8	19	65	98	75	29	74	79	13	42	51	26	33	9	46	21	65	24	74	36	100	79	38	44	25	25	14	25	46	15	95	19	51	17	39	33	32	33	74	39	35	31	68	23	28	4	55	17	87	30	94	36	16	34	35	71	17	44	42	17	68	66	6	59	74	35	46	69	64	12	79	55	31	36	13	22	96	87	68	41	29	17	23	37	71	77	9	3	78	53	40	85	87	61	61	44	59	72	75	35	87	20	96	22	55	33	73	85	51	3	41	0	39	38	69	71	27	66	21	46	30	75	94	31	64	26	58	70	77	57	36	18	46	85	51	18	93	83	24	49	15	51	74	99	4	
68	46	44	86	8	67	91	19	76	3	85	14	76	41	34	80	93	1	62	77	44	37	82	66	13	96	96	50	28	2	99	59	79	82	82	65	48	31	30	28	98	62	56	97	66	55	28	48	76	67	75	18	59	16	57	3	68	38	68	65	56	11	43	76	42	5	84	54	71	28	44	22	32	35	73	35	2	66	48	83	87	86	72	21	18	67	77	81	22	1	75	48	9	67	66	100	83	87	84	31	95	29	84	65	93	75	93	59	56	47	52	32	10	40	77	9	39	0	6	28	38	90	41	62	68	25	42	52	87	63	11	32	76	68	21	28	37	64	15	79	69	4	15	80	85	41	84	75	24	27	
5	14	87	78	64	30	47	43	93	38	50	11	8	41	90	24	71	79	53	8	92	76	34	73	47	64	79	37	94	46	26	1	31	25	3	88	4	96	20	36	87	40	82	38	37	74	64	67	2	41	90	100	19	42	26	86	16	9	47	61	57	59	99	58	46	13	73	33	95	12	62	28	8	14	13	22	11	81	100	53	47	4	73	41	9	45	42	17	64	72	77	97	54	10	50	1	76	36	38	14	39	39	78	98	63	40	39	55	62	69	83	100	69	2	77	94	38	6	0	85	73	70	29	21	62	34	53	35	65	45	15	67	10	78	69	10	54	76	66	86	32	56	87	82	15	16	85	61	37	60	
65	44	54	24	70	89	72	92	17	64	74	2	99	31	100	31	20	19	27	34	68	47	4	45	15	16	80	54	56	20	91	40	10	21	12	6	34	74	63	57	51	6	87	43	80	53	60	14	62	56	43	75	76	33	86	3	29	93	9	83	72	77	16	7	32	69	29	76	60	4	21	17	42	47	63	65	44	67	48	10	69	52	57	8	4	62	47	94	21	97	66	37	92	16	50	28	50	24	37	29	38	80	92	97	65	45	95	12	80	83	67	46	85	12	54	14	69	28	85	0	53	40	78	34	100	97	67	61	62	33	53	37	77	82	45	67	93	45	33	95	100	78	32	45	11	6	46	52	11	40	
24	29	79	12	72	40	21	29	93	23	80	16	29	97	73	16	68	88	45	93	13	44	8	21	94	53	26	15	72	55	26	63	64	48	48	96	52	67	68	46	34	16	42	96	69	56	10	79	43	42	2	95	26	37	89	33	46	74	52	6	98	51	59	53	20	44	89	47	77	28	8	28	47	52	9	9	51	23	39	99	91	17	95	96	68	44	9	85	34	41	43	42	8	47	15	38	14	19	71	80	28	6	40	42	36	92	82	36	87	28	25	58	46	89	31	84	71	38	73	53	0	38	35	29	55	81	46	42	2	40	61	4	73	32	48	25	19	71	3	53	9	18	34	37	42	78	63	44	71	84	
87	24	82	12	98	26	13	66	15	32	93	26	64	70	91	55	54	65	84	90	5	74	48	62	27	28	45	93	67	75	33	58	45	14	93	50	100	57	8	39	64	39	51	18	66	57	100	90	92	92	12	99	44	29	5	62	97	74	19	11	39	93	76	64	27	58	19	22	59	12	65	67	11	36	33	19	91	55	64	25	69	47	60	81	53	7	92	95	35	80	18	17	57	70	75	69	1	44	93	16	31	13	32	88	8	59	55	55	72	54	73	10	49	13	53	47	27	90	70	40	38	0	14	39	89	69	74	37	5	77	70	21	11	14	15	98	82	75	76	86	51	99	9	66	40	20	17	62	75	47	
19	58	8	59	42	48	11	91	65	22	69	40	4	97	6	10	50	33	44	18	66	11	31	30	92	99	81	28	43	72	96	65	31	39	38	22	69	35	56	3	37	10	6	33	5	57	100	73	45	96	14	24	72	57	41	14	52	96	49	73	82	40	79	94	71	40	42	28	27	50	11	19	55	53	82	93	35	66	57	60	49	93	80	82	20	14	97	33	71	34	37	76	78	81	81	70	1	40	6	4	29	56	45	21	42	31	15	83	91	20	18	24	60	29	20	4	66	41	29	78	35	14	0	74	58	82	1	78	8	17	95	99	31	90	94	90	15	37	75	33	37	13	53	34	46	57	18	11	55	30	
29	10	95	49	83	56	34	23	15	70	61	100	71	32	49	89	45	39	45	91	35	99	32	89	13	76	43	14	2	3	54	19	4	93	61	13	92	4	11	88	56	53	65	73	71	65	69	13	32	13	85	55	46	73	11	33	65	83	49	99	27	64	92	100	95	58	100	3	78	47	23	33	37	63	32	9	29	65	95	9	64	92	86	52	15	77	19	12	51	15	60	19	54	55	88	41	96	47	26	69	7	92	96	31	80	29	61	21	86	10	100	36	71	16	99	75	21	62	21	34	29	39	74	0	43	16	51	76	26	70	33	3	34	33	75	40	94	36	32	68	85	3	93	68	82	25	18	41	98	87	
44	81	80	84	79	29	20	96	2	89	67	59	54	81	61	30	7	92	35	99	79	91	93	86	100	67	16	98	17	99	14	78	41	32	60	32	40	39	12	85	68	64	78	78	85	72	41	21	97	72	48	27	96	67	93	43	25	84	47	55	5	7	4	36	38	79	45	56	28	90	66	25	71	25	54	85	14	14	82	62	67	35	26	34	6	36	13	53	58	89	64	95	85	53	58	35	85	68	81	22	18	46	16	94	74	17	17	29	27	53	13	19	52	32	40	34	46	68	62	100	55	89	58	43	0	3	54	30	64	11	100	23	19	100	22	47	79	76	89	10	81	89	13	89	3	68	52	65	51	43	
72	34	9	42	58	36	5	80	96	62	34	52	48	67	94	29	94	7	40	87	53	70	81	43	24	43	74	85	58	49	34	6	49	28	93	10	78	49	94	71	97	28	27	66	80	45	57	68	41	97	72	42	11	20	4	19	54	50	58	73	80	9	36	87	47	70	83	41	46	93	50	86	8	38	4	30	69	58	82	20	7	54	50	96	35	69	79	94	75	53	99	45	73	38	32	44	65	78	16	87	66	62	25	58	11	89	99	72	10	35	72	95	29	53	61	22	30	25	34	97	81	69	82	16	3	0	67	7	33	66	31	71	13	14	70	46	88	61	26	25	98	21	60	90	25	41	17	85	44	43	
18	43	63	85	71	47	80	8	100	74	20	15	59	48	37	16	89	81	21	29	46	98	15	55	31	28	8	21	69	9	85	90	44	14	51	46	52	72	35	63	78	12	86	29	46	20	34	83	60	7	25	33	89	34	21	86	58	12	42	88	29	25	65	96	98	4	73	71	95	28	24	10	93	47	60	34	46	78	78	6	86	63	94	68	2	36	67	66	88	84	36	67	14	5	65	1	32	20	25	87	25	69	38	9	43	37	75	82	79	70	35	60	3	40	46	56	75	42	53	67	46	74	1	51	54	67	0	33	84	58	99	81	79	99	4	2	67	67	52	75	91	74	87	72	91	72	34	43	36	70	
8	83	46	99	19	36	5	43	24	22	33	50	55	42	54	15	74	54	61	71	24	94	99	35	45	26	37	2	9	51	77	40	28	67	83	42	10	14	92	10	34	92	71	98	83	20	63	100	6	29	2	98	7	31	41	43	31	39	47	23	86	43	17	17	95	89	58	83	97	54	92	12	67	96	41	54	79	81	67	46	25	1	66	74	27	26	20	73	97	13	55	99	90	59	28	10	31	75	34	52	43	22	53	48	51	27	21	100	99	65	60	92	83	36	79	10	94	52	35	61	42	37	78	76	30	7	33	0	82	15	76	32	10	90	48	56	60	3	55	19	24	17	29	55	38	19	56	65	79	52	
56	89	68	8	44	7	82	19	98	25	76	82	65	64	48	96	37	39	67	99	60	84	5	86	18	4	51	27	10	64	95	94	90	29	99	94	82	59	15	78	18	91	94	36	52	62	47	100	5	38	50	56	58	50	21	85	59	37	50	17	35	95	3	17	71	36	27	33	31	24	79	73	59	98	34	14	33	78	5	79	17	31	56	25	32	88	82	39	23	46	80	54	57	38	76	63	100	65	59	55	40	20	97	10	11	2	67	31	100	71	77	99	18	16	26	36	31	87	65	62	2	5	8	26	64	33	84	82	0	74	12	17	100	31	34	98	40	44	37	70	82	72	92	72	33	42	71	43	36	63	
58	78	28	63	26	44	89	47	30	65	59	66	53	22	41	27	3	95	41	84	75	64	5	81	23	4	81	35	14	57	68	66	88	8	6	19	49	13	86	52	19	82	81	20	4	66	58	66	24	76	65	24	42	53	65	54	64	66	81	19	61	92	57	10	43	37	23	80	28	57	83	2	70	21	77	84	36	36	36	60	93	68	89	84	58	38	32	19	28	54	47	53	46	52	19	55	20	54	64	72	93	92	28	87	43	64	8	40	54	26	65	82	55	40	50	57	64	63	45	33	40	77	17	70	11	66	58	15	74	0	72	80	80	18	48	59	99	81	69	86	34	1	21	18	3	16	27	25	32	30	
13	44	83	29	95	62	92	22	78	69	8	67	59	36	65	87	34	44	91	43	49	99	71	85	79	38	71	1	53	17	21	15	7	99	14	68	46	30	84	22	87	19	4	6	89	14	75	9	94	91	99	15	73	69	28	49	63	84	99	4	47	66	77	19	35	69	88	9	21	80	68	95	25	18	13	17	69	64	74	79	80	29	9	100	86	5	30	75	44	85	77	31	81	58	6	24	23	67	93	50	86	58	49	1	85	62	12	32	47	36	82	18	28	33	13	84	26	11	15	53	61	70	95	33	100	31	99	76	12	72	0	17	26	34	59	93	86	97	43	20	47	51	8	36	72	47	71	16	32	69	
40	66	64	72	35	41	95	12	18	100	97	16	3	31	46	90	61	33	46	4	5	13	78	71	50	50	94	37	6	43	47	77	21	5	56	50	54	47	71	38	18	66	100	49	49	94	22	71	85	14	17	7	70	27	65	34	13	78	8	8	44	64	14	69	4	36	20	16	76	90	11	50	76	19	81	46	35	13	19	43	40	3	44	69	86	74	22	61	83	61	93	11	26	60	58	59	40	58	81	6	36	88	31	25	96	79	13	27	70	26	37	76	21	2	97	27	58	32	67	37	4	21	99	3	23	71	81	32	17	80	17	0	27	82	50	51	7	8	24	37	2	99	50	92	1	8	42	15	23	56	
99	85	36	75	40	21	88	64	37	75	6	50	41	46	91	34	74	20	11	50	25	51	30	50	80	35	8	17	79	9	79	21	58	47	84	98	46	34	84	37	23	8	19	9	94	29	67	36	29	98	97	90	82	86	8	20	62	33	22	59	41	100	75	43	95	99	67	87	61	51	73	91	81	77	24	49	48	38	64	5	66	34	90	84	1	99	28	77	44	34	62	57	9	31	73	32	55	74	95	88	59	38	12	12	66	31	18	37	83	42	87	73	47	20	69	8	70	76	10	77	73	11	31	34	19	13	79	10	100	80	26	27	0	82	23	56	18	53	5	72	59	38	86	45	53	13	58	56	44	19	
17	46	4	83	55	28	82	15	59	2	11	84	9	63	61	2	19	72	68	71	20	14	59	82	30	99	92	43	56	44	31	99	89	6	24	53	68	16	6	94	12	25	68	95	70	63	81	66	12	64	33	9	22	98	69	84	27	95	33	16	83	72	19	45	53	9	32	73	36	8	5	71	14	5	16	73	87	72	28	40	15	13	10	12	97	42	92	82	34	39	61	28	7	68	66	78	70	12	61	93	58	43	10	59	83	81	19	12	25	87	62	4	48	58	38	62	77	68	78	82	32	14	90	33	100	14	99	90	31	18	34	82	82	0	20	60	97	56	65	60	3	55	83	93	60	66	44	3	67	54	
12	68	89	71	39	57	48	75	87	26	91	27	48	46	17	57	47	29	96	94	80	47	26	8	95	67	80	63	48	36	79	58	48	10	1	69	15	95	70	85	50	50	100	19	84	41	29	14	6	37	42	4	61	35	63	80	86	28	86	25	20	22	35	67	21	29	1	41	47	90	60	7	32	14	22	60	34	27	70	94	8	33	98	47	46	15	55	10	57	96	46	81	98	34	26	6	25	8	9	82	67	29	17	89	100	50	64	17	27	78	70	91	65	95	19	53	57	21	69	45	48	15	94	75	22	70	4	48	34	48	59	50	23	20	0	75	44	67	57	34	45	57	26	52	57	29	74	77	75	55	
58	94	37	1	32	32	67	13	36	70	2	97	51	7	88	40	96	89	87	3	48	18	86	83	94	38	75	60	41	47	44	55	17	50	38	56	66	59	13	31	55	33	88	88	82	38	67	33	26	43	73	51	57	79	17	64	80	83	74	25	5	46	22	58	34	61	23	27	87	37	66	4	47	75	56	33	72	44	47	22	30	39	28	83	74	83	19	54	68	79	54	87	33	4	86	15	49	98	26	93	96	38	3	4	3	43	33	70	30	72	70	45	14	92	94	84	36	28	10	67	25	98	90	40	47	46	2	56	98	59	93	51	56	60	75	0	41	20	24	60	54	56	70	85	82	90	39	3	61	46	
39	50	39	37	49	84	63	64	33	15	27	85	86	38	58	54	40	17	22	26	27	99	49	6	36	32	7	100	97	28	47	6	15	69	66	74	24	43	9	30	51	27	20	98	96	48	67	99	50	30	31	43	22	66	44	2	5	55	86	18	91	34	66	84	44	21	41	94	100	97	21	63	24	82	33	93	41	34	49	26	45	14	44	82	6	36	61	50	11	59	63	58	78	63	36	7	64	96	86	15	11	63	4	55	85	73	77	57	76	15	47	32	35	92	92	80	18	37	54	93	19	82	15	94	79	88	67	60	40	99	86	7	18	97	44	41	0	76	80	7	8	67	78	43	77	66	78	82	98	87	
78	24	93	78	94	82	89	59	20	55	86	18	46	57	95	7	46	24	30	61	46	14	75	19	66	35	68	60	3	85	89	10	97	15	78	22	97	64	91	26	72	34	31	6	57	13	78	13	63	41	65	66	28	62	67	63	10	51	32	80	80	19	89	65	20	78	18	37	94	21	17	84	24	58	79	39	59	21	89	75	63	82	82	13	36	36	82	100	6	38	43	75	18	16	77	4	31	77	13	49	46	49	54	83	44	60	93	50	44	30	16	95	30	70	94	43	46	64	76	45	71	75	37	36	76	61	67	3	44	81	97	8	53	56	67	20	76	0	2	38	100	69	51	67	17	20	52	46	89	24	
44	60	66	58	51	19	86	20	2	37	14	100	20	16	4	55	53	31	42	99	36	50	79	85	1	59	21	11	41	98	35	71	42	88	74	25	67	30	23	82	86	77	6	35	4	35	11	61	47	20	77	24	63	55	38	33	15	84	10	71	80	95	21	85	95	6	84	96	28	34	9	88	48	82	13	57	4	4	92	75	54	91	39	60	22	10	60	9	72	51	28	33	61	49	54	38	94	57	6	28	18	75	66	12	62	27	9	7	99	9	93	46	15	32	98	52	85	15	66	33	3	76	75	32	89	26	52	55	37	69	43	24	5	65	57	24	80	2	0	27	48	93	98	83	85	24	36	45	9	35	
79	51	3	51	73	52	42	29	64	97	24	54	54	50	69	16	52	18	4	36	24	41	53	52	36	96	21	82	84	47	16	47	82	78	87	50	27	50	36	61	16	12	62	67	30	53	86	59	17	43	99	77	26	20	27	21	86	100	20	21	58	4	93	61	66	99	55	99	46	89	61	80	100	73	72	31	100	27	26	79	72	85	60	19	30	41	97	40	1	9	55	83	60	46	54	64	52	93	83	63	64	60	44	52	51	35	76	51	6	42	5	21	9	90	85	91	51	79	86	95	53	86	33	68	10	25	75	19	70	86	20	37	72	60	34	60	7	38	27	0	77	47	47	15	16	70	56	27	41	75	
2	88	88	62	47	100	70	65	41	93	28	24	90	40	87	21	91	74	33	100	2	69	87	13	29	34	20	66	98	26	20	33	58	33	11	29	33	65	23	23	76	97	79	43	77	97	36	9	37	71	46	85	86	46	74	5	65	2	2	93	84	82	34	63	54	15	84	60	98	56	14	52	9	3	75	77	42	73	32	40	68	51	94	41	79	4	45	50	20	91	85	3	6	60	68	34	26	63	3	81	92	78	32	30	69	45	11	74	7	23	56	31	29	36	69	10	18	69	32	100	9	51	37	85	81	98	91	24	82	34	47	2	59	3	45	54	8	100	48	77	0	22	51	37	100	22	35	67	11	11	
87	46	44	65	47	60	40	79	98	72	52	2	22	14	67	65	76	83	72	96	93	47	48	56	75	94	69	4	3	41	5	26	85	83	90	19	96	39	35	36	31	17	64	43	79	58	49	39	26	15	40	100	94	22	3	52	6	91	70	33	9	100	17	83	76	33	6	84	6	97	80	52	14	17	12	94	58	60	88	78	39	94	79	74	78	11	1	7	46	11	76	59	60	81	74	13	19	33	6	72	87	37	94	38	29	27	18	68	43	74	45	4	85	86	34	4	93	4	56	78	18	99	13	3	89	21	74	17	72	1	51	99	38	55	57	56	67	69	93	47	22	0	81	95	75	73	59	90	63	40	
99	55	29	7	45	88	72	15	1	62	38	24	54	30	87	17	33	60	64	52	23	82	15	66	27	47	62	94	100	92	19	91	50	34	70	53	10	6	70	35	46	40	50	83	40	79	64	80	50	20	53	70	35	1	33	58	59	49	24	66	96	58	5	6	52	9	30	12	55	35	38	13	41	15	26	19	38	60	23	63	99	71	17	32	61	90	71	62	86	86	47	5	77	84	51	13	42	29	47	5	80	1	55	91	59	16	8	97	85	12	72	85	50	98	88	92	83	15	87	32	34	9	53	93	13	60	87	29	92	21	8	50	86	83	26	70	78	51	98	47	51	81	0	83	49	48	68	91	59	86	
61	69	27	69	35	53	77	47	81	89	39	41	83	86	24	69	68	40	28	53	81	86	98	33	60	66	76	31	82	25	81	72	20	68	40	4	9	19	87	54	85	93	73	7	9	80	78	79	36	23	51	10	41	26	5	90	42	7	53	40	16	11	23	48	42	24	27	10	91	16	74	20	65	50	36	44	80	12	58	23	48	76	53	29	47	83	58	43	40	23	56	79	64	37	32	52	1	8	67	92	24	50	67	49	54	78	13	87	94	65	47	34	51	79	64	15	24	80	82	45	37	66	34	68	89	90	72	55	72	18	36	92	45	93	52	85	43	67	83	15	37	95	83	0	92	3	54	13	6	36	
59	62	21	42	97	34	78	9	89	96	76	14	24	66	69	7	88	1	23	58	62	26	99	27	69	99	10	91	68	83	19	58	85	4	8	10	41	4	13	35	52	50	8	18	80	13	42	52	46	24	85	83	64	44	24	64	87	91	4	71	83	56	76	93	21	85	65	79	11	95	80	30	15	61	58	20	25	30	40	63	11	89	13	12	38	98	65	19	14	23	26	33	53	79	38	17	34	39	77	88	59	81	71	62	14	7	32	43	46	56	23	96	50	57	39	91	49	85	15	11	42	40	46	82	3	25	91	38	33	3	72	1	53	60	57	82	77	17	85	16	100	75	49	92	0	53	100	91	24	19	
24	37	30	35	81	45	87	31	41	52	13	17	42	98	93	62	37	46	72	42	2	70	84	7	82	93	1	63	14	90	88	12	31	18	67	9	6	12	10	70	19	19	83	49	75	95	41	84	52	9	40	18	40	23	99	84	2	35	70	32	61	80	77	29	28	31	62	28	3	61	81	21	97	45	70	24	35	62	38	12	78	90	36	14	16	17	6	24	64	4	82	27	89	87	28	70	50	36	13	17	46	87	100	43	51	55	65	52	91	57	14	29	31	67	2	15	15	41	16	6	78	20	57	25	68	41	72	19	42	16	47	8	13	66	29	90	66	20	24	70	22	73	48	3	53	0	2	99	55	46	
85	13	66	87	30	77	76	90	16	18	16	64	7	52	10	69	28	72	19	38	2	77	36	18	10	66	79	59	60	22	25	80	2	66	4	57	11	46	74	29	44	96	41	18	78	35	71	2	26	52	6	66	34	15	94	36	59	46	11	55	85	10	55	39	38	41	84	71	48	66	79	18	80	75	24	80	8	6	57	86	14	64	90	31	82	74	68	15	13	53	9	51	42	17	25	38	85	37	73	94	87	18	47	47	82	68	1	62	66	31	88	33	19	28	21	58	51	84	85	46	63	17	18	18	52	17	34	56	71	27	71	42	58	44	74	39	78	52	36	56	35	59	68	54	100	2	0	57	50	92	
69	43	23	32	33	82	90	94	90	19	36	84	99	51	95	19	43	76	88	56	19	91	9	82	16	61	63	95	73	3	99	72	87	77	98	85	14	62	47	91	46	59	82	61	89	70	34	44	86	31	27	79	91	70	19	36	69	69	79	84	49	47	35	65	12	4	56	77	38	47	37	40	4	48	29	78	63	34	1	95	93	82	34	65	11	86	64	55	94	41	49	23	34	7	23	3	12	66	98	46	99	80	90	93	76	99	52	38	91	6	22	78	44	78	7	39	74	75	61	52	44	62	11	41	65	85	43	65	43	25	16	15	56	3	77	3	82	46	45	27	67	90	91	13	91	99	57	0	62	7	
60	71	19	72	83	29	12	19	41	90	13	86	36	50	25	22	48	43	87	23	46	91	25	55	78	2	46	74	90	82	33	70	68	89	41	92	36	87	44	94	20	39	21	99	84	98	14	91	21	44	88	22	20	76	40	37	80	82	41	64	56	67	36	45	45	34	2	54	30	33	91	2	38	11	28	53	83	30	31	35	25	41	9	90	29	19	41	91	96	16	53	42	52	24	48	19	78	74	28	32	64	64	37	98	62	8	33	78	37	42	3	42	77	90	12	37	99	24	37	11	71	75	55	98	51	44	36	79	36	32	32	23	44	67	75	61	98	89	9	41	11	63	59	6	24	55	50	62	0	44	
70	41	75	46	63	20	69	38	4	75	14	96	64	54	67	50	77	70	14	10	46	58	52	58	1	39	83	94	49	97	22	76	4	25	6	18	27	53	63	11	62	48	31	50	27	3	31	4	99	11	76	64	88	29	67	71	74	63	85	21	27	68	31	50	65	59	41	91	17	3	68	89	21	30	78	7	17	48	12	69	37	5	46	87	27	29	10	92	75	40	35	70	2	79	88	35	45	93	33	29	4	20	24	83	22	84	53	97	92	20	42	63	73	51	39	93	4	27	60	40	84	47	30	87	43	43	70	52	63	30	69	56	19	54	55	46	87	24	35	75	11	40	86	36	19	46	92	7	44	0	
