120
0	41	85	58	89	93	2	69	3	88	84	16	49	39	75	30	66	56	74	55	99	1	46	46	71	14	24	13	36	70	40	90	89	52	100	85	77	48	10	17	88	67	21	43	37	35	17	84	44	60	68	23	37	74	76	83	76	88	38	66	78	4	29	46	24	21	100	31	3	21	88	73	8	46	46	27	1	27	27	65	23	22	8	18	57	53	12	69	29	73	32	48	13	63	62	13	37	97	82	68	15	31	69	38	95	23	14	25	28	10	41	84	55	80	98	40	79	33	23	58	
41	0	24	5	21	27	20	69	64	10	95	7	33	61	41	20	24	87	9	72	70	56	24	69	72	1	56	43	5	21	71	32	84	16	59	56	82	72	27	99	31	1	29	78	62	5	57	14	98	40	14	31	21	64	4	4	4	52	74	23	17	18	53	52	44	18	93	1	14	42	41	81	2	27	5	73	4	53	23	26	78	33	3	8	92	93	4	39	28	86	26	68	47	50	25	82	95	21	53	85	74	25	24	30	57	11	54	57	84	23	83	88	25	7	2	89	71	12	8	81	
85	24	0	13	62	90	30	67	30	71	66	32	92	65	24	9	5	83	16	17	49	4	70	85	93	26	20	38	53	68	85	65	52	80	92	98	84	43	96	4	68	56	99	60	39	20	2	56	95	74	25	74	85	50	16	80	3	58	93	94	35	62	51	75	38	36	54	96	1	34	91	75	34	26	62	58	55	42	39	10	34	38	66	63	8	22	71	65	52	68	100	41	2	70	76	24	57	72	100	31	40	37	11	55	60	46	60	79	38	87	95	92	23	93	67	61	17	11	14	27	
58	5	13	0	72	29	85	2	41	50	52	93	25	100	86	30	73	30	84	13	4	29	11	15	3	75	93	10	24	12	8	47	89	77	95	47	83	91	48	74	88	20	43	53	18	17	83	30	85	51	46	5	24	33	60	33	71	94	2	31	95	79	56	14	15	77	32	24	74	60	41	60	56	70	12	1	41	97	57	6	67	78	32	10	100	72	98	9	80	64	18	80	24	31	33	90	59	33	13	19	55	51	100	5	68	51	28	56	61	33	50	10	63	14	52	1	10	69	43	56	
89	21	62	72	0	73	70	81	72	53	50	45	82	69	2	32	47	73	99	16	28	28	78	32	96	6	70	31	68	54	99	12	5	60	100	93	98	78	94	94	44	28	70	85	98	2	4	48	85	25	86	66	90	49	5	62	86	97	63	52	42	39	68	93	43	17	52	37	30	64	21	3	27	85	5	1	59	25	28	60	61	45	11	50	55	21	79	30	52	53	83	21	8	22	27	46	58	10	3	83	89	46	32	54	74	54	53	56	25	50	92	1	66	60	86	16	30	19	16	18	
93	27	90	29	73	0	78	86	56	97	43	23	43	89	83	62	72	23	87	80	73	60	97	29	61	40	95	38	46	11	45	23	75	68	32	20	60	8	99	69	49	25	3	7	84	44	77	57	95	4	75	7	94	77	95	98	88	23	78	56	76	62	1	49	90	97	80	86	27	57	16	37	49	5	47	49	51	37	53	43	60	59	77	74	38	24	28	75	48	66	54	52	96	65	95	82	91	44	71	20	62	54	81	54	94	89	11	34	6	98	87	93	35	9	94	73	48	95	46	38	
2	20	30	85	70	78	0	100	45	46	19	89	34	10	26	54	73	76	7	39	24	37	76	99	49	73	60	82	55	38	10	36	92	98	13	38	84	86	94	20	27	14	60	34	51	55	18	71	68	36	5	35	34	88	92	32	77	79	38	43	14	63	59	32	100	4	41	47	56	15	76	64	30	99	23	45	37	30	49	51	97	71	20	26	46	27	81	41	16	53	21	86	9	5	30	69	47	1	85	83	47	19	10	40	92	41	36	1	48	58	76	48	15	4	72	21	34	2	20	26	
69	69	67	2	81	86	100	0	67	28	75	69	86	65	46	80	99	48	17	22	92	10	55	4	38	27	36	78	75	83	17	3	32	67	51	90	100	20	12	63	14	75	43	54	51	2	52	78	5	82	90	68	1	25	28	92	12	14	38	88	84	46	18	69	74	69	35	7	89	14	21	53	93	71	49	99	20	65	94	89	73	14	99	25	16	88	75	61	46	69	7	3	5	7	87	16	26	54	40	42	12	3	43	70	28	4	58	30	11	29	75	95	27	93	85	65	86	18	71	77	
3	64	30	41	72	56	45	67	0	55	97	78	67	7	85	58	30	19	77	28	65	19	36	31	75	98	33	81	37	11	60	95	55	79	11	31	56	27	88	16	93	45	14	71	85	62	89	61	46	79	67	9	11	60	13	36	13	32	27	42	78	75	7	14	8	24	99	69	2	27	97	43	78	38	71	78	63	78	87	55	47	76	92	66	16	24	61	34	6	14	25	9	72	64	20	89	16	16	30	39	68	74	34	75	10	79	32	76	38	66	34	93	99	39	59	64	11	3	32	66	
88	10	71	50	53	97	46	28	55	0	64	48	44	95	7	42	99	4	18	57	83	94	88	27	10	68	91	96	98	16	15	76	46	22	17	16	20	46	98	25	68	99	41	22	72	55	3	73	39	69	70	72	79	1	59	51	30	67	36	40	81	26	96	90	28	86	65	7	100	64	40	54	98	61	11	80	72	62	12	60	57	26	44	4	77	32	14	78	22	51	36	13	28	15	15	97	44	22	87	100	95	50	1	89	81	77	93	17	16	59	18	45	61	42	92	51	46	44	47	76	
84	95	66	52	50	43	19	75	97	64	0	69	88	9	37	32	70	6	52	45	60	15	98	76	81	9	3	63	98	22	50	13	38	5	66	14	14	86	27	30	68	24	85	79	47	46	89	57	19	35	53	8	99	89	31	92	76	61	36	48	36	20	47	51	71	53	4	40	32	42	37	8	80	68	12	22	86	91	97	74	75	100	26	36	88	5	77	26	72	83	64	29	67	54	96	53	71	78	6	52	51	96	37	41	37	43	70	83	96	36	76	63	21	99	41	86	81	71	68	7	
16	7	32	93	45	23	89	69	78	48	69	0	8	100	67	26	28	72	40	20	65	61	26	22	48	64	3	56	70	4	7	45	58	89	28	77	57	95	32	42	21	76	58	35	76	40	28	82	14	42	9	59	89	12	50	41	1	78	63	26	91	45	75	46	86	6	75	12	60	16	71	7	80	62	86	85	76	92	1	61	54	44	13	83	28	44	4	30	45	19	32	62	56	89	94	46	19	27	90	67	84	22	72	81	95	50	75	5	85	10	40	57	99	75	57	48	41	34	14	29	
49	33	92	25	82	43	34	86	67	44	88	8	0	80	81	47	17	34	92	87	66	57	72	37	51	64	73	10	49	93	77	6	21	94	88	6	47	65	13	61	49	33	88	45	73	67	14	96	50	68	42	84	82	97	45	60	79	41	29	68	59	66	65	11	26	71	76	26	6	96	87	64	55	54	20	96	50	57	76	87	30	51	59	15	93	98	67	62	76	73	46	99	10	31	48	6	59	29	28	2	28	97	41	96	77	66	65	5	9	70	45	48	97	49	96	45	23	77	4	29	
39	61	65	100	69	89	10	65	7	95	9	100	80	0	37	27	48	91	63	3	45	62	66	90	31	64	65	35	68	3	31	8	98	46	54	47	80	26	66	45	71	77	90	80	42	35	36	15	92	3	2	90	55	73	63	61	69	89	30	2	42	18	11	33	57	96	48	95	88	90	26	28	1	89	96	85	11	41	14	94	96	29	66	61	28	81	43	51	89	81	55	55	89	93	79	68	81	67	76	82	95	92	72	36	70	51	5	28	29	91	25	31	81	67	87	47	63	83	41	22	
75	41	24	86	2	83	26	46	85	7	37	67	81	37	0	45	88	31	13	11	4	75	21	38	75	81	100	4	8	9	48	59	48	38	39	90	20	29	6	36	18	86	8	72	63	31	9	48	22	75	52	34	42	80	44	96	39	64	10	39	98	48	24	82	92	38	12	76	14	93	12	75	86	11	64	51	24	26	29	14	66	58	49	61	52	82	2	23	49	48	95	36	74	6	69	21	3	7	66	50	11	90	84	52	79	97	32	80	92	80	5	87	77	45	3	76	2	40	34	87	
30	20	9	30	32	62	54	80	58	42	32	26	47	27	45	0	63	18	100	47	3	43	98	51	5	2	54	20	36	4	2	46	41	37	87	19	41	25	77	80	43	55	78	50	76	22	97	84	78	78	68	76	6	90	3	19	53	41	51	13	5	85	59	40	51	50	70	44	100	97	61	3	92	1	66	1	14	6	86	15	90	91	67	71	87	55	24	67	13	96	61	7	45	68	58	16	26	45	12	79	21	71	18	65	88	51	52	96	40	73	77	74	2	78	61	69	74	19	78	6	
66	24	5	73	47	72	73	99	30	99	70	28	17	48	88	63	0	79	99	21	57	78	87	15	85	54	86	9	68	3	31	19	74	94	96	51	15	33	82	58	58	52	14	11	48	10	2	25	8	87	68	89	71	6	19	91	27	55	64	49	32	4	38	48	39	83	21	72	91	90	95	30	96	14	4	100	41	97	100	71	81	11	18	23	6	90	83	20	18	25	91	53	9	66	88	34	98	28	65	86	70	95	16	68	78	65	39	12	61	85	15	34	97	22	83	43	64	38	36	57	
56	87	83	30	73	23	76	48	19	4	6	72	34	91	31	18	79	0	2	23	73	96	89	50	56	16	25	34	93	57	81	88	94	60	34	21	68	24	2	79	58	9	28	63	23	92	66	50	45	59	87	50	3	54	6	4	55	46	22	84	60	45	68	93	81	43	18	97	99	39	78	71	11	37	78	51	56	78	48	9	83	100	81	43	68	28	14	64	4	21	95	25	11	7	28	17	68	24	92	83	27	57	79	72	66	36	83	2	19	37	31	85	29	31	56	3	9	17	47	17	
74	9	16	84	99	87	7	17	77	18	52	40	92	63	13	100	99	2	0	100	80	43	76	50	58	67	93	24	95	75	65	8	7	51	48	21	4	43	68	83	34	77	68	40	12	20	41	29	77	23	5	42	43	2	58	36	74	78	5	56	24	22	40	56	44	17	49	49	81	95	40	65	92	40	3	76	52	10	36	82	28	41	54	43	75	39	95	53	32	2	89	13	56	23	68	4	16	17	44	29	21	69	12	48	99	82	18	4	2	96	67	84	19	81	13	51	82	52	51	10	
55	72	17	13	16	80	39	22	28	57	45	20	87	3	11	47	21	23	100	0	95	94	33	19	83	97	17	15	71	6	25	14	55	98	78	66	4	85	96	5	90	80	87	40	26	75	14	57	55	40	54	7	27	25	49	69	39	60	22	3	14	58	4	99	24	47	71	47	14	80	75	90	61	96	48	14	51	67	44	57	87	67	39	63	85	53	32	67	38	32	57	76	49	92	40	86	49	79	27	76	1	42	9	88	98	46	10	57	28	21	45	25	24	61	11	95	88	77	63	90	
99	70	49	4	28	73	24	92	65	83	60	65	66	45	4	3	57	73	80	95	0	39	29	96	35	2	12	87	15	31	53	17	97	65	1	75	94	65	28	64	14	16	13	7	6	21	19	42	39	80	85	14	58	10	100	84	68	35	3	79	71	78	67	19	5	99	68	33	49	39	76	8	52	39	3	79	87	42	99	44	22	5	77	37	62	36	91	37	54	63	63	41	10	12	80	43	61	27	99	34	97	7	17	76	64	46	99	25	26	100	94	29	96	32	69	75	3	72	83	6	
1	56	4	29	28	60	37	10	19	94	15	61	57	62	75	43	78	96	43	94	39	0	29	2	45	13	27	67	83	70	8	63	70	12	93	33	83	37	98	80	93	65	59	82	96	80	70	92	61	58	20	59	56	13	91	61	45	90	31	86	2	52	87	21	5	53	30	94	2	31	93	50	58	38	95	89	98	50	12	10	33	64	62	11	55	48	21	43	48	26	97	94	60	77	26	72	8	2	75	13	34	1	13	54	80	69	82	99	54	63	45	72	49	98	49	22	54	40	98	80	
46	24	70	11	78	97	76	55	36	88	98	26	72	66	21	98	87	89	76	33	29	29	0	12	51	78	58	13	68	76	52	35	19	37	86	7	25	48	58	1	71	75	70	86	43	50	29	89	44	76	32	99	85	52	65	87	22	2	54	49	54	13	90	23	16	99	61	77	53	71	50	71	73	7	2	16	86	98	90	13	45	47	87	29	18	7	53	31	47	68	42	88	31	38	77	90	96	18	59	4	2	89	48	28	30	45	41	30	92	18	93	34	95	40	53	19	77	12	60	90	
46	69	85	15	32	29	99	4	31	27	76	22	37	90	38	51	15	50	50	19	96	2	12	0	53	84	91	51	67	11	66	37	13	89	47	44	96	59	34	54	45	70	45	47	60	30	5	42	72	36	1	75	32	71	63	86	58	99	12	88	98	43	35	85	5	85	37	85	27	32	16	19	41	65	49	19	31	45	54	79	45	62	84	68	28	11	1	65	92	1	98	48	96	75	62	28	33	18	86	16	54	14	96	70	63	91	70	94	45	96	61	3	34	16	61	2	13	53	74	82	
71	72	93	3	96	61	49	38	75	10	81	48	51	31	75	5	85	56	58	83	35	45	51	53	0	12	21	51	52	72	3	15	20	77	71	29	23	11	37	72	39	75	16	63	87	14	74	45	20	11	2	76	81	35	40	47	9	90	60	53	78	39	46	60	88	36	5	47	59	96	90	71	74	61	43	32	84	17	27	50	52	3	69	46	73	46	73	39	2	54	66	64	8	45	48	55	11	32	87	62	77	82	85	14	35	25	57	93	28	8	65	85	69	87	37	1	46	69	76	70	
14	1	26	75	6	40	73	27	98	68	9	64	64	64	81	2	54	16	67	97	2	13	78	84	12	0	97	83	85	18	88	10	78	23	87	35	58	12	24	8	25	16	70	22	77	39	100	5	14	16	58	100	33	84	32	29	96	20	46	78	48	33	64	90	28	45	59	70	65	76	83	20	39	85	71	97	100	41	10	33	62	42	55	55	25	48	31	90	41	30	21	92	85	37	46	76	81	32	87	85	97	83	72	64	75	29	50	78	29	16	3	52	22	20	44	63	91	23	39	48	
24	56	20	93	70	95	60	36	33	91	3	3	73	65	100	54	86	25	93	17	12	27	58	91	21	97	0	40	3	2	31	37	32	12	29	42	56	79	76	18	32	70	22	43	49	95	81	41	23	55	26	62	68	57	79	44	20	88	38	13	36	25	19	83	36	5	81	42	85	95	30	63	75	88	16	42	36	18	78	19	66	75	18	5	69	78	82	11	59	7	34	71	19	39	38	12	76	97	68	70	12	39	16	77	5	40	66	62	82	72	20	25	65	1	1	71	32	3	69	86	
13	43	38	10	31	38	82	78	81	96	63	56	10	35	4	20	9	34	24	15	87	67	13	51	51	83	40	0	73	22	74	15	42	38	50	51	61	96	26	70	28	67	62	43	25	69	34	16	4	31	53	20	49	10	47	66	91	80	28	77	5	63	3	72	85	71	44	73	38	42	30	77	18	19	44	54	51	19	14	7	81	48	3	46	21	71	64	19	49	5	59	93	11	52	37	91	58	67	56	17	71	39	58	51	61	47	26	9	79	66	8	31	53	28	19	15	69	91	32	21	
36	5	53	24	68	46	55	75	37	98	98	70	49	68	8	36	68	93	95	71	15	83	68	67	52	85	3	73	0	63	91	90	58	24	83	92	12	99	5	46	68	100	23	88	77	97	56	92	49	82	83	14	42	57	90	36	82	54	69	98	50	23	60	60	27	23	47	19	66	76	8	90	86	46	66	73	95	94	60	45	85	75	8	73	46	56	65	76	76	50	11	84	42	44	93	38	37	96	31	79	74	79	22	87	66	68	100	33	36	53	97	10	6	23	50	92	79	6	75	77	
70	21	68	12	54	11	38	83	11	16	22	4	93	3	9	4	3	57	75	6	31	70	76	11	72	18	2	22	63	0	65	12	16	8	90	38	47	5	95	12	25	96	47	34	70	55	17	10	30	55	57	61	45	31	8	96	45	17	62	64	83	4	56	1	20	63	14	78	60	62	18	49	16	2	22	24	59	96	14	93	50	100	70	42	74	36	58	80	98	62	46	41	37	69	1	27	18	77	85	31	26	36	25	66	24	93	26	94	79	35	82	12	62	1	77	9	62	40	33	7	
40	71	85	8	99	45	10	17	60	15	50	7	77	31	48	2	31	81	65	25	53	8	52	66	3	88	31	74	91	65	0	43	44	69	81	100	72	57	77	44	13	4	57	80	2	49	64	1	9	76	83	1	83	12	43	96	52	41	37	39	17	16	15	50	19	92	88	54	33	56	48	61	73	94	16	77	55	26	57	63	85	79	59	13	70	73	75	82	89	12	66	52	85	100	26	49	11	69	27	26	59	1	51	34	27	100	25	87	44	67	4	62	98	68	54	83	78	9	39	14	
90	32	65	47	12	23	36	3	95	76	13	45	6	8	59	46	19	88	8	14	17	63	35	37	15	10	37	15	90	12	43	0	22	99	60	25	89	80	4	78	12	44	93	61	44	73	6	21	16	93	32	29	5	25	74	78	28	99	57	31	44	99	79	90	89	1	48	37	57	97	55	64	85	85	75	17	66	91	13	83	84	70	75	71	94	23	81	27	23	83	55	58	24	35	84	33	4	7	85	14	5	63	69	6	31	83	20	35	25	48	17	48	42	47	60	61	18	62	19	90	
89	84	52	89	5	75	92	32	55	46	38	58	21	98	48	41	74	94	7	55	97	70	19	13	20	78	32	42	58	16	44	22	0	67	93	61	78	94	83	85	3	13	32	20	95	32	97	9	34	54	54	8	75	7	12	37	73	8	99	50	67	7	17	92	9	15	20	85	92	50	76	94	23	1	81	32	72	95	28	88	43	94	3	11	10	51	26	77	16	68	95	38	1	7	33	82	65	24	85	29	12	7	65	36	87	23	49	61	50	2	55	25	25	91	30	98	94	48	2	14	
52	16	80	77	60	68	98	67	79	22	5	89	94	46	38	37	94	60	51	98	65	12	37	89	77	23	12	38	24	8	69	99	67	0	66	79	58	10	63	87	34	83	35	90	63	93	71	34	64	9	82	5	53	7	83	13	55	52	76	92	86	64	32	79	34	71	80	65	1	16	29	3	47	35	26	9	19	36	79	51	69	60	96	5	5	35	76	44	75	49	88	14	84	33	77	72	15	48	77	22	63	32	64	58	8	84	81	49	44	45	98	70	13	46	50	88	4	68	13	27	
100	59	92	95	100	32	13	51	11	17	66	28	88	54	39	87	96	34	48	78	1	93	86	47	71	87	29	50	83	90	81	60	93	66	0	40	37	49	41	59	90	32	15	84	94	76	49	73	29	74	50	63	96	74	13	20	71	71	83	4	1	62	86	75	90	31	49	81	51	52	29	4	82	80	11	18	32	67	48	19	75	20	25	93	43	44	75	16	91	89	37	57	40	85	39	65	50	12	19	67	36	83	70	2	17	91	18	72	30	29	57	8	62	47	48	57	7	94	77	62	
85	56	98	47	93	20	38	90	31	16	14	77	6	47	90	19	51	21	21	66	75	33	7	44	29	35	42	51	92	38	100	25	61	79	40	0	11	30	1	61	87	3	50	47	23	90	29	78	14	99	23	94	32	44	14	68	37	50	17	8	15	73	75	21	86	98	68	10	31	81	96	11	79	65	65	84	45	79	59	97	55	53	90	12	57	6	28	42	43	41	40	80	17	76	10	89	19	59	27	71	45	18	27	12	95	85	94	29	49	77	8	53	39	63	1	11	19	23	12	99	
77	82	84	83	98	60	84	100	56	20	14	57	47	80	20	41	15	68	4	4	94	83	25	96	23	58	56	61	12	47	72	89	78	58	37	11	0	55	88	73	36	80	43	80	42	27	9	44	78	79	93	57	7	63	81	54	26	26	31	30	45	88	15	29	67	39	26	1	23	50	2	34	51	44	9	98	36	73	52	5	23	16	78	33	49	20	27	65	10	64	100	63	14	8	59	82	22	99	91	21	33	58	64	77	54	78	96	97	94	65	52	3	53	37	25	18	61	81	41	14	
48	72	43	91	78	8	86	20	27	46	86	95	65	26	29	25	33	24	43	85	65	37	48	59	11	12	79	96	99	5	57	80	94	10	49	30	55	0	74	80	66	32	7	79	77	35	97	42	14	14	26	14	84	91	1	14	7	26	88	55	9	34	8	80	2	1	13	6	97	27	97	49	20	85	81	91	83	38	83	73	4	41	6	2	39	72	99	38	90	28	60	76	56	30	17	51	29	54	74	68	5	34	56	79	70	86	32	50	27	37	50	26	19	54	47	83	73	47	52	8	
10	27	96	48	94	99	94	12	88	98	27	32	13	66	6	77	82	2	68	96	28	98	58	34	37	24	76	26	5	95	77	4	83	63	41	1	88	74	0	81	26	91	3	87	91	68	14	2	37	94	14	44	64	46	34	40	18	95	3	20	21	98	63	100	20	4	96	27	18	53	35	28	31	40	24	63	56	72	92	74	61	61	40	18	53	56	79	6	22	15	11	42	46	52	40	3	97	31	58	75	19	86	64	95	8	37	72	17	66	30	5	39	60	34	86	35	5	97	69	56	
17	99	4	74	94	69	20	63	16	25	30	42	61	45	36	80	58	79	83	5	64	80	1	54	72	8	18	70	46	12	44	78	85	87	59	61	73	80	81	0	54	75	45	1	71	56	39	69	91	97	95	90	59	22	61	30	9	54	90	71	65	2	37	78	52	86	37	35	27	6	21	26	94	36	89	77	26	17	74	16	31	5	17	45	78	94	64	62	38	36	34	87	1	3	97	20	74	25	20	22	65	7	81	73	38	29	67	42	41	28	21	50	1	71	8	43	56	90	29	1	
88	31	68	88	44	49	27	14	93	68	68	21	49	71	18	43	58	58	34	90	14	93	71	45	39	25	32	28	68	25	13	12	3	34	90	87	36	66	26	54	0	19	35	37	55	58	5	24	43	18	34	76	100	97	19	92	63	70	95	56	72	21	8	78	21	1	49	94	87	40	20	79	40	95	46	10	1	55	9	14	41	63	5	92	5	8	15	87	49	93	45	71	39	70	66	11	99	18	65	21	47	52	91	30	92	31	2	9	12	18	67	32	89	7	36	28	73	17	26	32	
67	1	56	20	28	25	14	75	45	99	24	76	33	77	86	55	52	9	77	80	16	65	75	70	75	16	70	67	100	96	4	44	13	83	32	3	80	32	91	75	19	0	32	64	68	9	84	28	37	12	67	94	55	4	58	10	61	26	79	12	78	71	44	37	58	97	10	32	32	60	37	82	77	50	94	95	28	40	77	42	10	99	57	23	96	44	52	7	47	40	43	3	23	39	16	9	19	29	14	11	7	9	95	29	11	61	1	14	24	18	55	25	1	54	16	18	72	80	61	70	
21	29	99	43	70	3	60	43	14	41	85	58	88	90	8	78	14	28	68	87	13	59	70	45	16	70	22	62	23	47	57	93	32	35	15	50	43	7	3	45	35	32	0	24	39	38	31	24	37	18	69	9	36	56	100	81	6	49	19	33	81	32	72	33	75	87	98	81	20	42	15	70	32	16	65	25	19	6	71	14	69	33	51	13	63	40	11	82	91	93	20	71	87	18	71	6	13	7	11	78	34	50	97	58	100	84	90	5	36	66	18	29	48	77	61	70	41	54	71	77	
43	78	60	53	85	7	34	54	71	22	79	35	45	80	72	50	11	63	40	40	7	82	86	47	63	22	43	43	88	34	80	61	20	90	84	47	80	79	87	1	37	64	24	0	21	93	100	8	83	37	65	100	90	49	56	82	95	32	42	6	93	58	87	45	11	53	57	12	65	71	8	81	35	34	66	42	27	75	99	52	67	16	99	46	2	48	95	66	63	32	40	27	98	67	58	48	56	21	88	84	25	25	72	34	68	32	98	26	17	69	56	73	33	67	1	17	55	31	22	1	
37	62	39	18	98	84	51	51	85	72	47	76	73	42	63	76	48	23	12	26	6	96	43	60	87	77	49	25	77	70	2	44	95	63	94	23	42	77	91	71	55	68	39	21	0	26	47	4	40	16	71	16	75	9	37	67	100	6	24	33	76	60	48	56	53	84	34	52	88	4	14	87	25	7	100	6	77	69	47	2	7	89	30	72	46	44	85	1	97	39	12	43	76	91	99	16	86	22	62	68	84	29	97	56	89	21	82	15	42	35	25	18	60	76	69	12	68	24	29	88	
35	5	20	17	2	44	55	2	62	55	46	40	67	35	31	22	10	92	20	75	21	80	50	30	14	39	95	69	97	55	49	73	32	93	76	90	27	35	68	56	58	9	38	93	26	0	14	89	38	57	61	38	83	73	30	14	44	21	95	55	8	65	6	74	5	25	5	64	21	23	8	6	78	54	41	73	85	74	64	10	76	32	52	36	49	45	64	13	38	34	49	86	51	54	39	21	97	76	62	25	24	46	35	61	15	87	59	80	50	60	71	93	40	97	56	85	26	98	73	89	
17	57	2	83	4	77	18	52	89	3	89	28	14	36	9	97	2	66	41	14	19	70	29	5	74	100	81	34	56	17	64	6	97	71	49	29	9	97	14	39	5	84	31	100	47	14	0	99	30	67	90	50	19	1	94	86	47	100	45	4	96	28	28	34	3	99	92	34	2	94	10	36	81	74	10	92	89	85	85	83	68	57	32	5	8	39	37	28	88	96	16	15	6	52	11	89	66	68	22	34	71	37	46	42	19	94	34	9	58	99	94	43	81	54	35	5	53	10	75	83	
84	14	56	30	48	57	71	78	61	73	57	82	96	15	48	84	25	50	29	57	42	92	89	42	45	5	41	16	92	10	1	21	9	34	73	78	44	42	2	69	24	28	24	8	4	89	99	0	85	21	23	27	27	42	54	34	7	60	4	94	65	78	95	28	82	99	37	87	100	55	14	97	69	83	83	84	41	77	39	39	91	32	13	22	30	79	18	55	27	95	9	39	94	66	64	4	41	57	100	20	97	38	63	98	68	23	93	92	13	45	10	52	33	48	26	3	6	14	35	35	
44	98	95	85	85	95	68	5	46	39	19	14	50	92	22	78	8	45	77	55	39	61	44	72	20	14	23	4	49	30	9	16	34	64	29	14	78	14	37	91	43	37	37	83	40	38	30	85	0	67	18	94	11	59	28	2	5	41	34	26	47	15	100	97	30	17	47	4	27	29	26	42	79	5	42	67	17	32	40	87	58	65	29	16	100	48	25	7	71	62	47	83	60	43	40	51	10	62	18	20	7	69	3	74	70	5	46	67	98	40	89	100	40	33	51	28	80	33	68	18	
60	40	74	51	25	4	36	82	79	69	35	42	68	3	75	78	87	59	23	40	80	58	76	36	11	16	55	31	82	55	76	93	54	9	74	99	79	14	94	97	18	12	18	37	16	57	67	21	67	0	70	52	7	99	63	21	27	41	84	45	57	74	26	32	73	15	47	34	47	50	57	14	68	9	29	21	69	74	5	41	67	56	38	98	80	99	11	9	72	59	2	51	40	57	2	72	67	59	92	96	26	72	58	22	94	31	73	43	54	60	46	49	42	84	75	89	58	66	78	54	
68	14	25	46	86	75	5	90	67	70	53	9	42	2	52	68	68	87	5	54	85	20	32	1	2	58	26	53	83	57	83	32	54	82	50	23	93	26	14	95	34	67	69	65	71	61	90	23	18	70	0	60	10	74	32	70	57	58	27	58	72	23	67	50	82	13	55	86	25	48	57	3	56	91	26	23	74	49	50	22	49	48	21	83	41	50	75	3	91	42	90	97	73	90	86	16	23	82	90	41	27	2	17	35	57	39	21	43	50	24	11	12	19	55	67	72	80	5	10	25	
23	31	74	5	66	7	35	68	9	72	8	59	84	90	34	76	89	50	42	7	14	59	99	75	76	100	62	20	14	61	1	29	8	5	63	94	57	14	44	90	76	94	9	100	16	38	50	27	94	52	60	0	2	45	73	37	83	75	39	7	100	41	55	94	21	11	83	31	88	76	9	13	41	64	68	91	80	16	94	4	31	14	27	5	62	45	40	42	76	57	4	64	80	51	2	58	36	51	53	91	4	37	13	14	58	2	91	79	96	67	94	22	11	23	59	78	3	97	78	15	
37	21	85	24	90	94	34	1	11	79	99	89	82	55	42	6	71	3	43	27	58	56	85	32	81	33	68	49	42	45	83	5	75	53	96	32	7	84	64	59	100	55	36	90	75	83	19	27	11	7	10	2	0	32	16	38	54	91	82	31	48	75	99	26	42	49	2	12	5	53	64	18	54	92	20	17	51	15	3	42	62	90	9	56	33	77	32	29	66	21	27	65	57	90	25	5	65	67	36	71	48	27	11	91	49	23	44	93	18	16	98	79	69	78	38	34	47	17	12	37	
74	64	50	33	49	77	88	25	60	1	89	12	97	73	80	90	6	54	2	25	10	13	52	71	35	84	57	10	57	31	12	25	7	7	74	44	63	91	46	22	97	4	56	49	9	73	1	42	59	99	74	45	32	0	80	91	91	14	17	42	7	63	35	31	53	74	15	23	40	84	27	69	13	40	92	65	76	12	4	84	86	56	82	35	70	89	67	44	60	72	67	70	79	76	49	68	14	25	87	29	73	81	34	7	93	64	48	22	13	51	23	54	74	54	37	92	14	54	56	20	
76	4	16	60	5	95	92	28	13	59	31	50	45	63	44	3	19	6	58	49	100	91	65	63	40	32	79	47	90	8	43	74	12	83	13	14	81	1	34	61	19	58	100	56	37	30	94	54	28	63	32	73	16	80	0	72	20	88	94	15	87	30	43	99	16	48	46	4	32	10	76	94	21	39	63	9	9	45	30	6	76	21	58	82	64	98	24	45	25	99	43	17	82	23	74	69	22	25	53	56	24	88	40	10	25	89	73	68	38	10	48	99	61	77	19	51	27	70	51	17	
83	4	80	33	62	98	32	92	36	51	92	41	60	61	96	19	91	4	36	69	84	61	87	86	47	29	44	66	36	96	96	78	37	13	20	68	54	14	40	30	92	10	81	82	67	14	86	34	2	21	70	37	38	91	72	0	13	97	24	87	43	64	79	30	8	19	70	52	12	56	96	84	6	29	15	27	90	52	70	87	30	62	71	89	51	3	93	67	86	50	21	60	27	12	2	75	27	37	2	46	57	57	31	71	50	64	30	84	57	57	22	20	31	4	53	5	79	58	35	62	
76	4	3	71	86	88	77	12	13	30	76	1	79	69	39	53	27	55	74	39	68	45	22	58	9	96	20	91	82	45	52	28	73	55	71	37	26	7	18	9	63	61	6	95	100	44	47	7	5	27	57	83	54	91	20	13	0	10	64	35	36	58	19	81	13	76	96	24	93	23	28	61	81	91	41	4	72	94	5	92	96	56	70	17	33	93	47	59	20	95	94	72	15	64	94	86	67	50	83	64	13	10	96	35	37	22	81	35	92	2	33	58	29	56	73	59	42	11	9	76	
88	52	58	94	97	23	79	14	32	67	61	78	41	89	64	41	55	46	78	60	35	90	2	99	90	20	88	80	54	17	41	99	8	52	71	50	26	26	95	54	70	26	49	32	6	21	100	60	41	41	58	75	91	14	88	97	10	0	68	9	94	87	93	9	69	13	72	56	31	54	58	17	78	56	75	86	43	35	38	77	68	66	82	69	92	88	69	54	41	55	86	74	97	9	34	60	32	48	18	57	8	11	76	54	50	28	15	13	96	86	76	91	64	20	98	49	56	55	12	46	
38	74	93	2	63	78	38	38	27	36	36	63	29	30	10	51	64	22	5	22	3	31	54	12	60	46	38	28	69	62	37	57	99	76	83	17	31	88	3	90	95	79	19	42	24	95	45	4	34	84	27	39	82	17	94	24	64	68	0	94	62	70	60	38	84	2	54	29	45	8	70	25	90	87	27	7	11	97	85	16	58	32	80	58	50	43	5	92	92	5	14	13	56	96	97	34	99	57	99	99	51	94	95	35	64	39	49	41	66	69	7	86	59	4	19	20	54	56	33	9	
66	23	94	31	52	56	43	88	42	40	48	26	68	2	39	13	49	84	56	3	79	86	49	88	53	78	13	77	98	64	39	31	50	92	4	8	30	55	20	71	56	12	33	6	33	55	4	94	26	45	58	7	31	42	15	87	35	9	94	0	7	79	87	33	62	92	95	68	18	27	39	36	75	44	56	29	80	45	67	97	44	67	67	26	11	83	89	6	83	97	81	51	89	98	34	79	26	99	22	1	54	72	54	24	52	6	60	8	62	19	35	79	25	39	9	38	80	61	70	95	
78	17	35	95	42	76	14	84	78	81	36	91	59	42	98	5	32	60	24	14	71	2	54	98	78	48	36	5	50	83	17	44	67	86	1	15	45	9	21	65	72	78	81	93	76	8	96	65	47	57	72	100	48	7	87	43	36	94	62	7	0	58	42	84	37	2	25	89	98	62	7	96	69	62	17	91	8	78	48	37	79	50	74	40	82	54	54	61	23	45	30	14	92	53	11	63	64	20	54	93	99	10	89	24	79	43	84	40	20	81	82	33	55	25	55	73	91	98	22	38	
4	18	62	79	39	62	63	46	75	26	20	45	66	18	48	85	4	45	22	58	78	52	13	43	39	33	25	63	23	4	16	99	7	64	62	73	88	34	98	2	21	71	32	58	60	65	28	78	15	74	23	41	75	63	30	64	58	87	70	79	58	0	96	95	45	41	93	79	12	94	63	69	48	21	78	69	70	29	11	39	99	87	83	14	8	17	24	82	4	27	13	90	9	77	7	65	32	42	49	1	33	5	79	12	99	87	54	3	84	24	58	44	48	93	78	92	2	9	17	25	
29	53	51	56	68	1	59	18	7	96	47	75	65	11	24	59	38	68	40	4	67	87	90	35	46	64	19	3	60	56	15	79	17	32	86	75	15	8	63	37	8	44	72	87	48	6	28	95	100	26	67	55	99	35	43	79	19	93	60	87	42	96	0	31	2	49	88	25	98	16	31	11	79	36	49	79	76	91	62	31	73	8	100	53	41	16	90	21	53	45	60	28	84	66	71	10	29	23	50	100	9	24	53	68	14	24	46	32	7	60	5	4	96	7	49	79	32	20	23	68	
46	52	75	14	93	49	32	69	14	90	51	46	11	33	82	40	48	93	56	99	19	21	23	85	60	90	83	72	60	1	50	90	92	79	75	21	29	80	100	78	78	37	33	45	56	74	34	28	97	32	50	94	26	31	99	30	81	9	38	33	84	95	31	0	33	10	20	95	36	53	83	51	82	14	92	8	74	7	32	88	16	66	80	29	85	45	79	7	80	44	60	48	100	51	37	79	99	28	74	29	79	91	65	57	63	95	20	79	4	76	15	59	52	49	96	55	51	19	60	94	
24	44	38	15	43	90	100	74	8	28	71	86	26	57	92	51	39	81	44	24	5	5	16	5	88	28	36	85	27	20	19	89	9	34	90	86	67	2	20	52	21	58	75	11	53	5	3	82	30	73	82	21	42	53	16	8	13	69	84	62	37	45	2	33	0	49	2	44	91	71	93	63	1	60	9	82	40	78	75	69	100	53	93	44	52	68	23	27	97	32	6	37	40	33	62	39	54	30	90	2	91	87	73	86	86	88	54	34	82	21	66	24	51	96	29	31	82	23	78	2	
21	18	36	77	17	97	4	69	24	86	53	6	71	96	38	50	83	43	17	47	99	53	99	85	36	45	5	71	23	63	92	1	15	71	31	98	39	1	4	86	1	97	87	53	84	25	99	99	17	15	13	11	49	74	48	19	76	13	2	92	2	41	49	10	49	0	19	62	4	39	2	75	57	84	76	56	4	68	14	81	55	97	50	95	54	80	97	48	39	74	48	8	46	42	11	70	43	90	71	92	29	35	4	44	65	75	42	95	67	65	7	1	48	96	73	61	58	100	39	50	
100	93	54	32	52	80	41	35	99	65	4	75	76	48	12	70	21	18	49	71	68	30	61	37	5	59	81	44	47	14	88	48	20	80	49	68	26	13	96	37	49	10	98	57	34	5	92	37	47	47	55	83	2	15	46	70	96	72	54	95	25	93	88	20	2	19	0	8	65	58	76	77	32	26	8	62	83	71	36	89	16	57	94	85	37	6	83	24	14	66	86	100	35	3	5	37	32	14	8	25	99	49	22	13	89	99	48	20	19	61	78	89	70	59	63	58	5	50	28	46	
31	1	96	24	37	86	47	7	69	7	40	12	26	95	76	44	72	97	49	47	33	94	77	85	47	70	42	73	19	78	54	37	85	65	81	10	1	6	27	35	94	32	81	12	52	64	34	87	4	34	86	31	12	23	4	52	24	56	29	68	89	79	25	95	44	62	8	0	66	35	58	98	39	52	12	24	14	73	55	20	15	53	4	3	89	82	57	76	12	91	76	85	14	53	44	99	27	92	74	26	97	74	27	7	47	64	42	2	73	52	8	58	1	71	19	87	77	43	20	31	
3	14	1	74	30	27	56	89	2	100	32	60	6	88	14	100	91	99	81	14	49	2	53	27	59	65	85	38	66	60	33	57	92	1	51	31	23	97	18	27	87	32	20	65	88	21	2	100	27	47	25	88	5	40	32	12	93	31	45	18	98	12	98	36	91	4	65	66	0	89	68	20	28	22	99	81	65	28	79	68	47	43	95	22	94	40	19	87	20	70	3	6	17	54	65	31	60	20	99	13	89	23	71	8	91	5	5	74	16	46	90	91	54	41	22	95	4	12	57	43	
21	42	34	60	64	57	15	14	27	64	42	16	96	90	93	97	90	39	95	80	39	31	71	32	96	76	95	42	76	62	56	97	50	16	52	81	50	27	53	6	40	60	42	71	4	23	94	55	29	50	48	76	53	84	10	56	23	54	8	27	62	94	16	53	71	39	58	35	89	0	46	56	90	76	13	17	100	7	11	83	84	92	65	29	42	2	69	24	63	74	23	96	7	99	11	18	64	77	21	69	23	9	3	11	65	93	70	79	5	21	47	56	47	4	48	3	88	71	19	45	
88	41	91	41	21	16	76	21	97	40	37	71	87	26	12	61	95	78	40	75	76	93	50	16	90	83	30	30	8	18	48	55	76	29	29	96	2	97	35	21	20	37	15	8	14	8	10	14	26	57	57	9	64	27	76	96	28	58	70	39	7	63	31	83	93	2	76	58	68	46	0	81	86	31	3	9	48	73	63	7	62	4	63	87	91	75	79	24	58	51	70	74	79	41	61	85	15	65	50	49	18	85	55	79	2	23	41	4	30	88	26	61	56	49	21	59	27	4	97	47	
73	81	75	60	3	37	64	53	43	54	8	7	64	28	75	3	30	71	65	90	8	50	71	19	71	20	63	77	90	49	61	64	94	3	4	11	34	49	28	26	79	82	70	81	87	6	36	97	42	14	3	13	18	69	94	84	61	17	25	36	96	69	11	51	63	75	77	98	20	56	81	0	87	28	68	32	26	48	14	44	75	53	20	33	53	70	74	29	98	24	25	36	72	93	21	44	20	34	15	41	90	20	64	98	20	14	97	76	10	53	21	53	25	88	12	76	18	66	47	51	
8	2	34	56	27	49	30	93	78	98	80	80	55	1	86	92	96	11	92	61	52	58	73	41	74	39	75	18	86	16	73	85	23	47	82	79	51	20	31	94	40	77	32	35	25	78	81	69	79	68	56	41	54	13	21	6	81	78	90	75	69	48	79	82	1	57	32	39	28	90	86	87	0	74	1	16	49	43	52	88	25	38	100	97	39	95	11	5	22	45	61	19	29	46	95	24	57	89	53	95	82	94	90	81	50	78	27	84	47	12	80	29	61	78	38	31	23	92	22	42	
46	27	26	70	85	5	99	71	38	61	68	62	54	89	11	1	14	37	40	96	39	38	7	65	61	85	88	19	46	2	94	85	1	35	80	65	44	85	40	36	95	50	16	34	7	54	74	83	5	9	91	64	92	40	39	29	91	56	87	44	62	21	36	14	60	84	26	52	22	76	31	28	74	0	9	73	96	84	78	56	40	55	83	11	72	59	55	33	50	45	8	49	81	52	74	80	22	74	83	92	42	58	95	95	24	93	72	69	52	11	17	30	73	72	6	22	46	31	96	19	
46	5	62	12	5	47	23	49	71	11	12	86	20	96	64	66	4	78	3	48	3	95	2	49	43	71	16	44	66	22	16	75	81	26	11	65	9	81	24	89	46	94	65	66	100	41	10	83	42	29	26	68	20	92	63	15	41	75	27	56	17	78	49	92	9	76	8	12	99	13	3	68	1	9	0	45	37	27	76	52	77	67	26	46	14	74	23	80	30	90	97	10	2	36	82	72	5	33	61	76	1	52	39	11	19	71	43	96	15	89	3	68	1	96	93	39	38	36	64	61	
27	73	58	1	1	49	45	99	78	80	22	85	96	85	51	1	100	51	76	14	79	89	16	19	32	97	42	54	73	24	77	17	32	9	18	84	98	91	63	77	10	95	25	42	6	73	92	84	67	21	23	91	17	65	9	27	4	86	7	29	91	69	79	8	82	56	62	24	81	17	9	32	16	73	45	0	9	40	86	32	39	39	49	37	41	46	45	49	58	60	2	82	44	81	99	51	99	92	26	64	75	98	96	17	57	48	31	36	5	45	26	29	42	7	93	2	79	76	82	87	
1	4	55	41	59	51	37	20	63	72	86	76	50	11	24	14	41	56	52	51	87	98	86	31	84	100	36	51	95	59	55	66	72	19	32	45	36	83	56	26	1	28	19	27	77	85	89	41	17	69	74	80	51	76	9	90	72	43	11	80	8	70	76	74	40	4	83	14	65	100	48	26	49	96	37	9	0	53	54	99	12	37	91	81	77	3	18	28	17	95	78	20	53	83	42	56	63	73	37	45	2	71	43	25	64	88	75	7	39	28	70	42	61	6	31	90	2	5	29	47	
27	53	42	97	25	37	30	65	78	62	91	92	57	41	26	6	97	78	10	67	42	50	98	45	17	41	18	19	94	96	26	91	95	36	67	79	73	38	72	17	55	40	6	75	69	74	85	77	32	74	49	16	15	12	45	52	94	35	97	45	78	29	91	7	78	68	71	73	28	7	73	48	43	84	27	40	53	0	42	38	2	17	43	85	30	58	71	10	44	46	38	48	34	4	95	46	59	94	49	18	64	26	32	72	99	94	79	8	4	37	100	55	4	47	6	29	40	47	99	90	
27	23	39	57	28	53	49	94	87	12	97	1	76	14	29	86	100	48	36	44	99	12	90	54	27	10	78	14	60	14	57	13	28	79	48	59	52	83	92	74	9	77	71	99	47	64	85	39	40	5	50	94	3	4	30	70	5	38	85	67	48	11	62	32	75	14	36	55	79	11	63	14	52	78	76	86	54	42	0	98	98	86	95	18	15	38	48	80	17	12	84	4	69	97	2	89	32	84	45	71	39	18	42	51	69	19	10	84	13	60	40	91	9	82	55	14	94	46	27	86	
65	26	10	6	60	43	51	89	55	60	74	61	87	94	14	15	71	9	82	57	44	10	13	79	50	33	19	7	45	93	63	83	88	51	19	97	5	73	74	16	14	42	14	52	2	10	83	39	87	41	22	4	42	84	6	87	92	77	16	97	37	39	31	88	69	81	89	20	68	83	7	44	88	56	52	32	99	38	98	0	89	84	52	10	73	77	36	63	46	80	43	5	85	5	12	6	13	49	13	54	37	41	53	87	23	53	73	54	29	42	33	25	58	14	8	14	95	92	67	80	
23	78	34	67	61	60	97	73	47	57	75	54	30	96	66	90	81	83	28	87	22	33	45	45	52	62	66	81	85	50	85	84	43	69	75	55	23	4	61	31	41	10	69	67	7	76	68	91	58	67	49	31	62	86	76	30	96	68	58	44	79	99	73	16	100	55	16	15	47	84	62	75	25	40	77	39	12	2	98	89	0	82	92	90	100	87	73	47	67	13	89	60	90	19	100	43	42	52	19	16	90	27	95	25	77	75	70	32	100	43	73	58	100	53	67	39	95	48	73	82	
22	33	38	78	45	59	71	14	76	26	100	44	51	29	58	91	11	100	41	67	5	64	47	62	3	42	75	48	75	100	79	70	94	60	20	53	16	41	61	5	63	99	33	16	89	32	57	32	65	56	48	14	90	56	21	62	56	66	32	67	50	87	8	66	53	97	57	53	43	92	4	53	38	55	67	39	37	17	86	84	82	0	65	6	55	90	21	11	73	65	17	47	89	48	54	18	44	7	87	30	15	99	69	80	25	21	47	11	42	64	50	57	2	26	60	96	18	47	49	16	
8	3	66	32	11	77	20	99	92	44	26	13	59	66	49	67	18	81	54	39	77	62	87	84	69	55	18	3	8	70	59	75	3	96	25	90	78	6	40	17	5	57	51	99	30	52	32	13	29	38	21	27	9	82	58	71	70	82	80	67	74	83	100	80	93	50	94	4	95	65	63	20	100	83	26	49	91	43	95	52	92	65	0	1	19	2	93	63	29	94	16	70	96	33	77	66	81	31	88	27	80	77	44	81	7	34	22	59	1	12	94	10	96	31	63	100	18	19	47	64	
18	8	63	10	50	74	26	25	66	4	36	83	15	61	61	71	23	43	43	63	37	11	29	68	46	55	5	46	73	42	13	71	11	5	93	12	33	2	18	45	92	23	13	46	72	36	5	22	16	98	83	5	56	35	82	89	17	69	58	26	40	14	53	29	44	95	85	3	22	29	87	33	97	11	46	37	81	85	18	10	90	6	1	0	80	38	22	29	51	61	81	99	74	19	37	64	100	46	43	67	72	37	3	53	6	17	14	84	68	72	29	25	17	90	66	73	48	34	92	48	
57	92	8	100	55	38	46	16	16	77	88	28	93	28	52	87	6	68	75	85	62	55	18	28	73	25	69	21	46	74	70	94	10	5	43	57	49	39	53	78	5	96	63	2	46	49	8	30	100	80	41	62	33	70	64	51	33	92	50	11	82	8	41	85	52	54	37	89	94	42	91	53	39	72	14	41	77	30	15	73	100	55	19	80	0	44	9	38	45	39	78	80	63	96	78	1	76	50	28	48	99	86	31	34	20	51	90	11	9	84	5	49	61	46	11	97	31	60	23	48	
53	93	22	72	21	24	27	88	24	32	5	44	98	81	82	55	90	28	39	53	36	48	7	11	46	48	78	71	56	36	73	23	51	35	44	6	20	72	56	94	8	44	40	48	44	45	39	79	48	99	50	45	77	89	98	3	93	88	43	83	54	17	16	45	68	80	6	82	40	2	75	70	95	59	74	46	3	58	38	77	87	90	2	38	44	0	96	31	34	93	57	25	57	51	45	69	27	57	22	96	14	43	85	66	23	96	19	100	14	59	25	8	11	67	87	58	74	14	33	66	
12	4	71	98	79	28	81	75	61	14	77	4	67	43	2	24	83	14	95	32	91	21	53	1	73	31	82	64	65	58	75	81	26	76	75	28	27	99	79	64	15	52	11	95	85	64	37	18	25	11	75	40	32	67	24	93	47	69	5	89	54	24	90	79	23	97	83	57	19	69	79	74	11	55	23	45	18	71	48	36	73	21	93	22	9	96	0	33	3	22	86	3	90	62	45	35	17	85	4	86	29	72	92	22	55	68	88	71	31	85	4	59	80	100	46	1	77	60	21	34	
69	39	65	9	30	75	41	61	34	78	26	30	62	51	23	67	20	64	53	67	37	43	31	65	39	90	11	19	76	80	82	27	77	44	16	42	65	38	6	62	87	7	82	66	1	13	28	55	7	9	3	42	29	44	45	67	59	54	92	6	61	82	21	7	27	48	24	76	87	24	24	29	5	33	80	49	28	10	80	63	47	11	63	29	38	31	33	0	60	5	95	36	57	10	27	70	69	57	54	40	84	65	37	18	11	75	84	95	38	16	94	32	5	30	9	78	13	40	34	8	
29	28	52	80	52	48	16	46	6	22	72	45	76	89	49	13	18	4	32	38	54	48	47	92	2	41	59	49	76	98	89	23	16	75	91	43	10	90	22	38	49	47	91	63	97	38	88	27	71	72	91	76	66	60	25	86	20	41	92	83	23	4	53	80	97	39	14	12	20	63	58	98	22	50	30	58	17	44	17	46	67	73	29	51	45	34	3	60	0	62	95	8	5	59	26	90	98	41	54	3	94	67	71	6	97	9	33	68	66	20	86	32	20	94	7	73	8	70	90	76	
73	86	68	64	53	66	53	69	14	51	83	19	73	81	48	96	25	21	2	32	63	26	68	1	54	30	7	5	50	62	12	83	68	49	89	41	64	28	15	36	93	40	93	32	39	34	96	95	62	59	42	57	21	72	99	50	95	55	5	97	45	27	45	44	32	74	66	91	70	74	51	24	45	45	90	60	95	46	12	80	13	65	94	61	39	93	22	5	62	0	17	98	55	98	60	3	9	2	33	77	23	22	69	12	54	62	22	13	74	33	36	57	21	4	29	87	70	17	27	96	
32	26	100	18	83	54	21	7	25	36	64	32	46	55	95	61	91	95	89	57	63	97	42	98	66	21	34	59	11	46	66	55	95	88	37	40	100	60	11	34	45	43	20	40	12	49	16	9	47	2	90	4	27	67	43	21	94	86	14	81	30	13	60	60	6	48	86	76	3	23	70	25	61	8	97	2	78	38	84	43	89	17	16	81	78	57	86	95	95	17	0	89	4	64	76	90	76	50	2	76	32	73	76	61	87	18	85	3	97	73	7	73	83	85	60	2	90	14	43	1	
48	68	41	80	21	52	86	3	9	13	29	62	99	55	36	7	53	25	13	76	41	94	88	48	64	92	71	93	84	41	52	58	38	14	57	80	63	76	42	87	71	3	71	27	43	86	15	39	83	51	97	64	65	70	17	60	72	74	13	51	14	90	28	48	37	8	100	85	6	96	74	36	19	49	10	82	20	48	4	5	60	47	70	99	80	25	3	36	8	98	89	0	54	71	11	2	44	37	88	75	2	56	8	7	35	65	28	99	59	91	23	98	31	14	27	43	64	93	83	68	
13	47	2	24	8	96	9	5	72	28	67	56	10	89	74	45	9	11	56	49	10	60	31	96	8	85	19	11	42	37	85	24	1	84	40	17	14	56	46	1	39	23	87	98	76	51	6	94	60	40	73	80	57	79	82	27	15	97	56	89	92	9	84	100	40	46	35	14	17	7	79	72	29	81	2	44	53	34	69	85	90	89	96	74	63	57	90	57	5	55	4	54	0	28	78	43	84	86	40	70	88	47	8	81	95	81	88	5	69	35	68	3	46	5	74	1	74	17	21	28	
63	50	70	31	22	65	5	7	64	15	54	89	31	93	6	68	66	7	23	92	12	77	38	75	45	37	39	52	44	69	100	35	7	33	85	76	8	30	52	3	70	39	18	67	91	54	52	66	43	57	90	51	90	76	23	12	64	9	96	98	53	77	66	51	33	42	3	53	54	99	41	93	46	52	36	81	83	4	97	5	19	48	33	19	96	51	62	10	59	98	64	71	28	0	7	38	40	44	16	20	11	84	17	20	34	98	64	94	29	89	46	28	96	81	87	12	64	26	49	73	
62	25	76	33	27	95	30	87	20	15	96	94	48	79	69	58	88	28	68	40	80	26	77	62	48	46	38	37	93	1	26	84	33	77	39	10	59	17	40	97	66	16	71	58	99	39	11	64	40	2	86	2	25	49	74	2	94	34	97	34	11	7	71	37	62	11	5	44	65	11	61	21	95	74	82	99	42	95	2	12	100	54	77	37	78	45	45	27	26	60	76	11	78	7	0	81	65	60	94	58	23	94	8	38	68	1	97	12	20	65	41	85	59	66	24	68	98	55	35	23	
13	82	24	90	46	82	69	16	89	97	53	46	6	68	21	16	34	17	4	86	43	72	90	28	55	76	12	91	38	27	49	33	82	72	65	89	82	51	3	20	11	9	6	48	16	21	89	4	51	72	16	58	5	68	69	75	86	60	34	79	63	65	10	79	39	70	37	99	31	18	85	44	24	80	72	51	56	46	89	6	43	18	66	64	1	69	35	70	90	3	90	2	43	38	81	0	95	76	79	44	9	97	24	62	57	71	71	65	40	39	90	63	83	33	84	33	87	38	47	25	
37	95	57	59	58	91	47	26	16	44	71	19	59	81	3	26	98	68	16	49	61	8	96	33	11	81	76	58	37	18	11	4	65	15	50	19	22	29	97	74	99	19	13	56	86	97	66	41	10	67	23	36	65	14	22	27	67	32	99	26	64	32	29	99	54	43	32	27	60	64	15	20	57	22	5	99	63	59	32	13	42	44	81	100	76	27	17	69	98	9	76	44	84	40	65	95	0	17	25	41	77	13	67	43	76	44	77	76	16	20	54	25	96	99	52	78	2	63	87	13	
97	21	72	33	10	44	1	54	16	22	78	27	29	67	7	45	28	24	17	79	27	2	18	18	32	32	97	67	96	77	69	7	24	48	12	59	99	54	31	25	18	29	7	21	22	76	68	57	62	59	82	51	67	25	25	37	50	48	57	99	20	42	23	28	30	90	14	92	20	77	65	34	89	74	33	92	73	94	84	49	52	7	31	46	50	57	85	57	41	2	50	37	86	44	60	76	17	0	91	17	80	32	74	47	88	16	83	71	62	73	89	61	25	67	1	56	21	65	72	74	
82	53	100	13	3	71	85	40	30	87	6	90	28	76	66	12	65	92	44	27	99	75	59	86	87	87	68	56	31	85	27	85	85	77	19	27	91	74	58	20	65	14	11	88	62	62	22	100	18	92	90	53	36	87	53	2	83	18	99	22	54	49	50	74	90	71	8	74	99	21	50	15	53	83	61	26	37	49	45	13	19	87	88	43	28	22	4	54	54	33	2	88	40	16	94	79	25	91	0	87	60	63	73	99	46	78	60	89	80	67	69	36	89	83	74	3	68	21	31	20	
68	85	31	19	83	20	83	42	39	100	52	67	2	82	50	79	86	83	29	76	34	13	4	16	62	85	70	17	79	31	26	14	29	22	67	71	21	68	75	22	21	11	78	84	68	25	34	20	20	96	41	91	71	29	56	46	64	57	99	1	93	1	100	29	2	92	25	26	13	69	49	41	95	92	76	64	45	18	71	54	16	30	27	67	48	96	86	40	3	77	76	75	70	20	58	44	41	17	87	0	49	18	88	53	35	37	3	29	44	20	44	9	89	7	3	71	96	79	18	2	
15	74	40	55	89	62	47	12	68	95	51	84	28	95	11	21	70	27	21	1	97	34	2	54	77	97	12	71	74	26	59	5	12	63	36	45	33	5	19	65	47	7	34	25	84	24	71	97	7	26	27	4	48	73	24	57	13	8	51	54	99	33	9	79	91	29	99	97	89	23	18	90	82	42	1	75	2	64	39	37	90	15	80	72	99	14	29	84	94	23	32	2	88	11	23	9	77	80	60	49	0	44	93	44	50	31	92	37	14	69	69	67	68	88	29	92	13	19	92	53	
31	25	37	51	46	54	19	3	74	50	96	22	97	92	90	71	95	57	69	42	7	1	89	14	82	83	39	39	79	36	1	63	7	32	83	18	58	34	86	7	52	9	50	25	29	46	37	38	69	72	2	37	27	81	88	57	10	11	94	72	10	5	24	91	87	35	49	74	23	9	85	20	94	58	52	98	71	26	18	41	27	99	77	37	86	43	72	65	67	22	73	56	47	84	94	97	13	32	63	18	44	0	44	36	80	22	71	49	8	83	12	46	46	83	94	31	47	14	28	95	
69	24	11	100	32	81	10	43	34	1	37	72	41	72	84	18	16	79	12	9	17	13	48	96	85	72	16	58	22	25	51	69	65	64	70	27	64	56	64	81	91	95	97	72	97	35	46	63	3	58	17	13	11	34	40	31	96	76	95	54	89	79	53	65	73	4	22	27	71	3	55	64	90	95	39	96	43	32	42	53	95	69	44	3	31	85	92	37	71	69	76	8	8	17	8	24	67	74	73	88	93	44	0	81	52	25	61	85	92	97	70	3	59	39	72	38	14	71	25	24	
38	30	55	5	54	54	40	70	75	89	41	81	96	36	52	65	68	72	48	88	76	54	28	70	14	64	77	51	87	66	34	6	36	58	2	12	77	79	95	73	30	29	58	34	56	61	42	98	74	22	35	14	91	7	10	71	35	54	35	24	24	12	68	57	86	44	13	7	8	11	79	98	81	95	11	17	25	72	51	87	25	80	81	53	34	66	22	18	6	12	61	7	81	20	38	62	43	47	99	53	44	36	81	0	52	30	23	74	76	28	7	68	81	68	83	63	55	70	48	47	
95	57	60	68	74	94	92	28	10	81	37	95	77	70	79	88	78	66	99	98	64	80	30	63	35	75	5	61	66	24	27	31	87	8	17	95	54	70	8	38	92	11	100	68	89	15	19	68	70	94	57	58	49	93	25	50	37	50	64	52	79	99	14	63	86	65	89	47	91	65	2	20	50	24	19	57	64	99	69	23	77	25	7	6	20	23	55	11	97	54	87	35	95	34	68	57	76	88	46	35	50	80	52	52	0	23	17	36	63	86	92	40	66	27	75	53	47	65	2	24	
23	11	46	51	54	89	41	4	79	77	43	50	66	51	97	51	65	36	82	46	46	69	45	91	25	29	40	47	68	93	100	83	23	84	91	85	78	86	37	29	31	61	84	32	21	87	94	23	5	31	39	2	23	64	89	64	22	28	39	6	43	87	24	95	88	75	99	64	5	93	23	14	78	93	71	48	88	94	19	53	75	21	34	17	51	96	68	75	9	62	18	65	81	98	1	71	44	16	78	37	31	22	25	30	23	0	73	30	53	40	13	45	80	55	79	93	73	83	83	79	
14	54	60	28	53	11	36	58	32	93	70	75	65	5	32	52	39	83	18	10	99	82	41	70	57	50	66	26	100	26	25	20	49	81	18	94	96	32	72	67	2	1	90	98	82	59	34	93	46	73	21	91	44	48	73	30	81	15	49	60	84	54	46	20	54	42	48	42	5	70	41	97	27	72	43	31	75	79	10	73	70	47	22	14	90	19	88	84	33	22	85	28	88	64	97	71	77	83	60	3	92	71	61	23	17	73	0	64	14	32	74	42	56	61	1	93	69	32	20	6	
25	57	79	56	56	34	1	30	76	17	83	5	5	28	80	96	12	2	4	57	25	99	30	94	93	78	62	9	33	94	87	35	61	49	72	29	97	50	17	42	9	14	5	26	15	80	9	92	67	43	43	79	93	22	68	84	35	13	41	8	40	3	32	79	34	95	20	2	74	79	4	76	84	69	96	36	7	8	84	54	32	11	59	84	11	100	71	95	68	13	3	99	5	94	12	65	76	71	89	29	37	49	85	74	36	30	64	0	7	55	51	20	8	29	76	13	39	1	27	55	
28	84	38	61	25	6	48	11	38	16	96	85	9	29	92	40	61	19	2	28	26	54	92	45	28	29	82	79	36	79	44	25	50	44	30	49	94	27	66	41	12	24	36	17	42	50	58	13	98	54	50	96	18	13	38	57	92	96	66	62	20	84	7	4	82	67	19	73	16	5	30	10	47	52	15	5	39	4	13	29	100	42	1	68	9	14	31	38	66	74	97	59	69	29	20	40	16	62	80	44	14	8	92	76	63	53	14	7	0	59	33	22	96	28	42	2	53	18	65	48	
10	23	87	33	50	98	58	29	66	59	36	10	70	91	80	73	85	37	96	21	100	63	18	96	8	16	72	66	53	35	67	48	2	45	29	77	65	37	30	28	18	18	66	69	35	60	99	45	40	60	24	67	16	51	10	57	2	86	69	19	81	24	60	76	21	65	61	52	46	21	88	53	12	11	89	45	28	37	60	42	43	64	12	72	84	59	85	16	20	33	73	91	35	89	65	39	20	73	67	20	69	83	97	28	86	40	32	55	59	0	59	71	1	88	95	57	59	52	88	81	
41	83	95	50	92	87	76	75	34	18	76	40	45	25	5	77	15	31	67	45	94	45	93	61	65	3	20	8	97	82	4	17	55	98	57	8	52	50	5	21	67	55	18	56	25	71	94	10	89	46	11	94	98	23	48	22	33	76	7	35	82	58	5	15	66	7	78	8	90	47	26	21	80	17	3	26	70	100	40	33	73	50	94	29	5	25	4	94	86	36	7	23	68	46	41	90	54	89	69	44	69	12	70	7	92	13	74	51	33	59	0	98	24	34	78	77	57	89	68	78	
84	88	92	10	1	93	48	95	93	45	63	57	48	31	87	74	34	85	84	25	29	72	34	3	85	52	25	31	10	12	62	48	25	70	8	53	3	26	39	50	32	25	29	73	18	93	43	52	100	49	12	22	79	54	99	20	58	91	86	79	33	44	4	59	24	1	89	58	91	56	61	53	29	30	68	29	42	55	91	25	58	57	10	25	49	8	59	32	32	57	73	98	3	28	85	63	25	61	36	9	67	46	3	68	40	45	42	20	22	71	98	0	94	26	14	65	90	98	25	7	
55	25	23	63	66	35	15	27	99	61	21	99	97	81	77	2	97	29	19	24	96	49	95	34	69	22	65	53	6	62	98	42	25	13	62	39	53	19	60	1	89	1	48	33	60	40	81	33	40	42	19	11	69	74	61	31	29	64	59	25	55	48	96	52	51	48	70	1	54	47	56	25	61	73	1	42	61	4	9	58	100	2	96	17	61	11	80	5	20	21	83	31	46	96	59	83	96	25	89	89	68	46	59	81	66	80	56	8	96	1	24	94	0	7	9	39	55	79	37	1	
80	7	93	14	60	9	4	93	39	42	99	75	49	67	45	78	22	31	81	61	32	98	40	16	87	20	1	28	23	1	68	47	91	46	47	63	37	54	34	71	7	54	77	67	76	97	54	48	33	84	55	23	78	54	77	4	56	20	4	39	25	93	7	49	96	96	59	71	41	4	49	88	78	72	96	7	6	47	82	14	53	26	31	90	46	67	100	30	94	4	85	14	5	81	66	33	99	67	83	7	88	83	39	68	27	55	61	29	28	88	34	26	7	0	42	4	54	97	25	17	
98	2	67	52	86	94	72	85	59	92	41	57	96	87	3	61	83	56	13	11	69	49	53	61	37	44	1	19	50	77	54	60	30	50	48	1	25	47	86	8	36	16	61	1	69	56	35	26	51	75	67	59	38	37	19	53	73	98	19	9	55	78	49	96	29	73	63	19	22	48	21	12	38	6	93	93	31	6	55	8	67	60	63	66	11	87	46	9	7	29	60	27	74	87	24	84	52	1	74	3	29	94	72	83	75	79	1	76	42	95	78	14	9	42	0	20	75	13	36	7	
40	89	61	1	16	73	21	65	64	51	86	48	45	47	76	69	43	3	51	95	75	22	19	2	1	63	71	15	92	9	83	61	98	88	57	11	18	83	35	43	28	18	70	17	12	85	5	3	28	89	72	78	34	92	51	5	59	49	20	38	73	92	79	55	31	61	58	87	95	3	59	76	31	22	39	2	90	29	14	14	39	96	100	73	97	58	1	78	73	87	2	43	1	12	68	33	78	56	3	71	92	31	38	63	53	93	93	13	2	57	77	65	39	4	20	0	64	18	66	38	
79	71	17	10	30	48	34	86	11	46	81	41	23	63	2	74	64	9	82	88	3	54	77	13	46	91	32	69	79	62	78	18	94	4	7	19	61	73	5	56	73	72	41	55	68	26	53	6	80	58	80	3	47	14	27	79	42	56	54	80	91	2	32	51	82	58	5	77	4	88	27	18	23	46	38	79	2	40	94	95	95	18	18	48	31	74	77	13	8	70	90	64	74	64	98	87	2	21	68	96	13	47	14	55	47	73	69	39	53	59	57	90	55	54	75	64	0	91	80	53	
33	12	11	69	19	95	2	18	3	44	71	34	77	83	40	19	38	17	52	77	72	40	12	53	69	23	3	91	6	40	9	62	48	68	94	23	81	47	97	90	17	80	54	31	24	98	10	14	33	66	5	97	17	54	70	58	11	55	56	61	98	9	20	19	23	100	50	43	12	71	4	66	92	31	36	76	5	47	46	92	48	47	19	34	60	14	60	40	70	17	14	93	17	26	55	38	63	65	21	79	19	14	71	70	65	83	32	1	18	52	89	98	79	97	13	18	91	0	28	12	
23	8	14	43	16	46	20	71	32	47	68	14	4	41	34	78	36	47	51	63	83	98	60	74	76	39	69	32	75	33	39	19	2	13	77	12	41	52	69	29	26	61	71	22	29	73	75	35	68	78	10	78	12	56	51	35	9	12	33	70	22	17	23	60	78	39	28	20	57	19	97	47	22	96	64	82	29	99	27	67	73	49	47	92	23	33	21	34	90	27	43	83	21	49	35	47	87	72	31	18	92	28	25	48	2	83	20	27	65	88	68	25	37	25	36	66	80	28	0	90	
58	81	27	56	18	38	26	77	66	76	7	29	29	22	87	6	57	17	10	90	6	80	90	82	70	48	86	21	77	7	14	90	14	27	62	99	14	8	56	1	32	70	77	1	88	89	83	35	18	54	25	15	37	20	17	62	76	46	9	95	38	25	68	94	2	50	46	31	43	45	47	51	42	19	61	87	47	90	86	80	82	16	64	48	48	66	34	8	76	96	1	68	28	73	23	25	13	74	20	2	53	95	24	47	24	79	6	55	48	81	78	7	1	17	7	38	53	12	90	0	
