150
0	94	26	95	24	3	6	54	92	27	28	57	39	86	81	77	42	7	83	57	45	57	22	30	75	10	22	96	34	35	29	79	50	48	52	93	71	56	55	39	53	29	93	39	45	63	73	97	44	82	27	1	1	53	66	67	82	78	14	27	38	40	85	88	39	74	9	88	55	89	4	62	44	27	6	2	73	34	67	72	54	65	71	28	11	44	70	89	23	26	79	56	58	94	58	3	64	87	13	61	88	21	44	1	18	23	53	11	49	23	91	81	100	38	33	50	29	12	85	59	23	8	89	63	48	95	54	73	42	99	47	19	11	90	89	40	6	20	88	93	92	34	56	9	51	47	29	68	50	84	
94	0	52	54	17	70	84	51	58	22	59	17	64	58	64	23	59	51	69	13	80	15	4	29	15	19	32	48	90	3	17	42	83	36	95	53	53	66	39	13	63	68	87	100	70	9	56	64	60	72	73	81	28	42	97	91	24	46	37	29	9	85	55	87	10	64	94	81	23	75	72	100	4	75	64	25	40	94	83	84	7	69	37	27	83	30	99	42	89	99	76	93	48	3	5	76	66	8	49	98	100	45	29	89	11	68	7	1	71	90	41	51	50	10	20	28	52	11	78	3	74	46	77	87	24	64	97	40	88	60	7	75	96	55	31	44	82	91	19	79	66	5	29	27	76	43	68	11	92	14	
26	52	0	37	17	6	68	83	68	97	12	68	100	3	92	78	57	5	51	2	88	73	96	90	52	77	48	85	25	54	100	43	6	65	65	85	21	69	63	96	27	5	19	53	99	67	96	84	27	65	76	33	1	98	60	26	84	33	89	79	56	26	61	66	17	85	94	34	38	79	76	66	69	2	25	62	10	64	8	2	10	59	6	54	21	39	33	24	82	5	70	56	13	55	22	41	57	72	23	96	53	81	72	98	37	47	66	37	57	75	48	31	73	16	85	31	9	72	89	32	27	45	93	27	55	1	27	23	46	92	14	23	6	78	25	84	48	17	82	27	23	39	53	89	21	6	53	65	52	27	
95	54	37	0	42	18	38	50	28	42	92	53	5	58	43	59	21	2	60	2	33	35	26	62	73	48	17	92	41	10	1	15	51	96	91	38	98	37	76	95	46	51	28	26	30	76	49	28	2	23	3	50	35	17	70	12	43	20	70	67	77	55	70	71	49	64	61	29	72	63	12	96	79	43	88	100	28	26	71	100	12	44	81	40	90	12	85	43	25	98	71	19	14	64	20	81	52	48	84	18	64	90	19	54	26	10	92	80	5	12	94	54	71	30	63	27	72	93	50	6	17	12	31	36	14	1	22	29	65	30	8	23	85	31	17	75	57	12	47	33	19	57	37	14	99	81	76	20	4	48	
24	17	17	42	0	54	1	20	56	23	67	27	18	17	79	22	60	6	83	37	22	61	14	67	49	18	87	72	71	65	17	80	96	70	93	22	89	88	68	63	95	7	87	48	14	56	72	25	59	42	39	31	14	48	100	20	52	28	35	22	16	82	73	66	52	53	49	50	79	57	96	44	65	66	68	89	46	64	95	8	50	99	54	95	49	85	79	80	26	58	92	4	41	31	45	41	22	90	49	88	68	1	83	25	5	77	75	9	58	36	76	5	95	58	88	5	85	17	38	40	79	43	74	70	82	65	34	85	52	5	84	56	58	3	40	65	25	71	35	54	78	81	60	79	24	82	65	58	3	63	
3	70	6	18	54	0	9	62	87	12	54	20	27	43	54	14	90	41	42	86	6	19	88	60	3	73	4	83	54	11	65	93	3	100	34	24	3	84	69	3	98	85	34	38	20	98	64	41	54	38	67	99	87	47	93	65	52	94	98	68	53	77	26	13	2	60	38	64	1	48	9	91	59	69	49	56	52	1	4	12	66	22	72	21	31	92	2	42	24	75	98	33	1	76	84	98	93	1	85	50	72	30	94	15	92	65	20	90	40	37	87	36	52	47	56	69	20	33	68	14	75	43	7	86	68	39	61	44	22	88	76	39	41	10	2	33	51	28	37	68	20	26	76	94	2	85	87	76	24	19	
6	84	68	38	1	9	0	94	1	60	51	62	80	83	11	56	75	63	72	74	33	52	13	91	31	96	75	47	70	44	95	7	92	16	37	58	48	29	49	24	27	9	75	57	17	93	39	14	19	70	33	67	86	5	3	29	99	57	77	94	93	20	48	33	40	96	94	24	51	43	85	82	44	16	14	18	18	68	48	57	32	25	9	76	68	16	15	62	23	65	95	51	43	75	62	13	77	77	69	65	27	64	4	5	73	18	61	97	52	26	65	20	38	85	22	80	29	25	62	80	54	55	84	49	49	22	21	55	10	66	2	62	34	3	53	72	64	82	95	40	1	40	99	80	94	41	56	55	4	55	
54	51	83	50	20	62	94	0	96	86	12	32	85	16	52	97	17	8	77	72	52	18	15	95	88	40	34	18	57	89	99	6	58	95	50	87	88	70	41	51	76	61	44	4	34	9	42	84	80	70	49	43	40	1	94	29	39	79	36	32	10	16	60	36	29	100	31	89	45	56	71	9	34	96	68	83	22	11	93	91	85	48	94	95	9	39	75	77	75	71	80	5	39	83	50	62	5	7	54	80	21	73	76	81	79	95	31	49	98	2	60	9	10	59	84	79	28	57	45	98	43	76	51	53	56	84	79	71	53	41	69	100	89	73	19	35	91	6	81	53	33	55	78	20	75	69	83	21	85	6	
92	58	68	28	56	87	1	96	0	46	10	25	28	94	96	28	75	45	68	46	5	62	53	23	41	76	30	93	90	30	48	92	5	37	54	10	85	59	75	63	31	62	43	13	13	88	54	47	34	59	45	31	47	16	19	83	20	75	7	46	50	91	94	63	48	4	64	80	28	44	6	2	75	59	50	8	55	76	86	99	43	45	50	33	92	10	41	53	47	61	98	21	3	70	15	89	8	31	90	31	60	71	77	31	38	90	71	50	92	36	89	85	73	79	79	48	43	26	40	40	57	24	83	27	8	48	75	70	74	82	87	11	27	66	26	70	20	55	66	86	10	43	60	72	89	21	51	43	16	11	
27	22	97	42	23	12	60	86	46	0	100	44	10	5	34	16	5	97	41	3	25	9	37	44	49	94	55	30	78	2	79	69	68	73	32	14	54	75	72	31	3	9	45	22	30	60	70	11	78	94	82	68	70	8	70	93	56	84	74	80	99	28	77	62	7	98	44	23	24	33	64	95	45	64	67	86	34	30	69	80	56	9	70	40	80	59	3	30	62	26	93	80	99	47	77	2	10	58	39	100	83	63	8	28	89	20	61	75	1	1	25	29	10	84	49	16	87	26	8	68	87	50	25	8	87	89	19	65	73	57	24	73	80	22	31	61	96	85	28	50	39	43	87	35	92	85	31	83	83	54	
28	59	12	92	67	54	51	12	10	100	0	8	59	97	10	53	43	2	96	27	66	68	99	48	25	18	76	55	3	41	67	36	62	49	74	54	89	67	54	96	90	25	1	81	98	38	100	35	47	8	30	13	97	16	20	95	65	69	78	46	65	4	38	89	56	94	64	84	85	73	22	31	5	96	45	57	50	34	7	89	41	2	34	8	91	80	88	85	88	30	29	97	68	49	38	31	63	34	96	83	23	65	93	57	19	4	76	21	90	51	55	12	4	3	95	62	20	100	72	73	51	24	11	16	44	85	40	37	8	22	69	12	80	4	66	66	20	26	36	73	35	35	95	100	5	31	59	13	95	65	
57	17	68	53	27	20	62	32	25	44	8	0	2	53	1	7	90	35	24	59	78	57	7	36	97	51	39	36	39	86	14	25	47	72	72	77	49	85	3	31	45	86	73	70	80	55	7	92	12	70	53	71	22	9	63	91	11	36	26	44	79	80	66	33	15	28	66	14	68	2	51	42	93	88	78	91	100	44	97	22	75	88	82	62	6	46	72	52	91	51	2	61	82	50	67	39	27	67	53	57	4	25	88	64	23	85	13	17	28	56	22	69	22	14	100	83	32	92	24	21	65	3	41	98	45	98	63	62	18	42	12	66	5	96	47	29	3	27	86	79	58	62	58	98	17	56	38	66	98	42	
39	64	100	5	18	27	80	85	28	10	59	2	0	24	57	9	53	23	39	26	33	90	14	10	53	60	77	88	92	84	62	21	15	82	53	84	72	71	3	100	10	37	20	70	58	43	85	19	13	32	88	22	99	45	71	2	88	24	71	67	97	78	46	9	41	89	96	1	64	14	7	31	24	9	64	11	74	39	83	100	83	63	86	25	8	44	2	10	91	69	75	87	94	66	97	84	13	70	7	64	87	6	59	18	33	73	30	17	27	28	65	78	83	48	56	60	75	98	38	34	89	34	93	97	5	75	24	44	27	98	30	3	25	49	37	85	59	90	62	84	89	15	39	26	17	32	98	85	89	71	
86	58	3	58	17	43	83	16	94	5	97	53	24	0	72	54	63	4	6	39	56	58	30	38	30	84	22	5	97	71	16	36	8	27	49	72	35	64	4	1	76	95	25	21	38	57	91	2	81	31	77	22	72	22	80	95	59	49	49	26	97	25	29	27	77	61	90	41	15	30	56	37	41	60	92	25	82	1	75	91	31	78	42	27	85	36	100	93	70	16	26	54	51	55	38	62	45	39	62	83	7	90	51	24	76	92	67	52	81	42	68	79	21	13	86	25	62	88	12	62	3	22	6	77	56	92	37	26	82	86	88	90	64	47	77	28	33	26	31	53	2	10	11	11	10	13	4	55	41	93	
81	64	92	43	79	54	11	52	96	34	10	1	57	72	0	32	76	86	75	95	48	80	28	42	53	38	65	68	50	42	94	79	3	15	43	75	82	15	89	67	16	79	98	100	27	28	87	70	97	34	86	4	17	91	13	67	28	22	13	46	19	33	46	33	16	47	58	99	90	54	24	32	32	28	23	95	12	32	35	32	32	80	48	25	69	65	85	54	52	94	42	83	54	64	80	73	46	42	32	20	93	64	15	95	17	45	89	84	78	33	21	53	37	80	88	27	53	9	72	75	3	34	39	10	5	100	24	33	95	94	33	60	6	89	21	7	45	2	100	39	97	83	89	94	51	74	11	93	19	36	
77	23	78	59	22	14	56	97	28	16	53	7	9	54	32	0	27	92	15	42	61	75	93	78	1	4	42	87	100	26	79	76	91	80	70	58	3	80	69	97	73	78	64	22	60	47	13	30	97	99	99	1	43	3	3	64	91	75	83	27	81	63	91	43	96	55	31	59	18	4	30	1	64	57	79	4	88	26	81	43	16	51	19	20	26	29	18	34	64	93	62	68	98	33	55	8	1	99	79	39	6	54	12	85	44	43	16	51	87	81	37	63	5	97	82	91	57	33	53	66	45	2	75	56	12	39	49	32	93	8	52	15	71	15	15	78	17	13	75	20	88	36	23	81	86	80	86	26	25	44	
42	59	57	21	60	90	75	17	75	5	43	90	53	63	76	27	0	58	6	21	74	30	17	62	97	50	39	49	42	65	59	20	85	35	80	49	66	77	15	31	32	17	62	95	72	70	89	94	29	80	71	66	78	88	4	90	36	34	60	5	54	86	30	70	74	4	90	57	3	84	28	66	84	30	34	63	42	58	31	99	4	62	13	44	5	19	16	12	59	10	29	52	23	31	74	77	70	51	82	56	46	81	6	78	20	66	1	47	48	26	94	84	29	54	24	80	80	48	11	57	87	52	80	75	26	96	21	72	4	2	94	43	17	65	47	98	12	1	99	23	17	62	32	35	9	99	28	54	53	16	
7	51	5	2	6	41	63	8	45	97	2	35	23	4	86	92	58	0	63	21	10	33	54	13	66	98	56	27	20	51	7	49	64	82	37	60	13	39	3	26	98	71	58	9	27	37	88	37	70	41	69	43	38	58	27	99	43	95	83	55	74	92	33	52	97	94	81	40	50	20	91	16	37	71	35	5	12	80	38	90	7	29	9	72	55	98	43	52	81	68	25	8	98	15	24	60	54	79	3	91	64	80	41	47	41	67	49	65	67	1	76	64	62	30	51	27	23	56	17	53	5	9	96	45	73	79	31	38	35	99	14	1	74	23	6	88	14	76	2	33	44	6	11	36	1	46	50	37	84	2	
83	69	51	60	83	42	72	77	68	41	96	24	39	6	75	15	6	63	0	71	37	62	63	22	35	87	71	47	74	66	60	80	37	44	49	37	74	53	32	51	98	71	68	82	41	15	27	48	69	57	3	23	66	32	20	56	85	74	81	96	79	37	88	51	72	46	59	60	58	49	53	40	88	89	91	3	100	25	7	71	100	39	91	98	53	52	54	2	44	80	28	10	58	99	58	64	49	69	87	65	55	54	33	65	6	49	80	20	97	10	33	100	82	37	33	60	12	57	55	79	67	96	68	21	34	29	58	11	25	76	63	50	35	85	58	10	29	15	1	86	35	14	1	35	2	7	95	36	71	43	
57	13	2	2	37	86	74	72	46	3	27	59	26	39	95	42	21	21	71	0	61	1	51	91	17	65	28	2	92	68	91	43	53	81	22	85	86	42	4	28	92	85	79	74	59	63	61	45	72	32	21	67	27	94	68	12	59	13	11	18	16	30	52	91	19	58	5	22	99	86	24	7	51	45	80	88	35	26	94	64	61	46	7	80	89	43	61	51	46	42	16	74	98	51	80	19	23	23	92	32	24	50	20	16	80	57	15	19	5	14	82	15	24	55	37	62	30	48	15	8	58	64	35	60	90	97	94	71	27	82	46	40	37	62	65	64	74	19	87	20	29	76	12	99	86	3	34	21	88	33	
45	80	88	33	22	6	33	52	5	25	66	78	33	56	48	61	74	10	37	61	0	21	36	11	27	43	98	92	25	14	100	90	81	60	70	30	6	71	70	32	97	85	41	83	76	9	59	7	1	18	94	46	38	48	58	18	82	13	100	56	78	41	40	4	2	45	4	11	81	89	2	84	96	60	61	92	34	76	19	48	35	66	44	100	58	35	78	57	51	40	41	79	18	11	70	28	30	74	88	36	45	83	68	57	52	85	52	94	21	87	43	31	55	78	64	67	42	63	81	74	92	73	93	75	95	36	79	52	84	43	93	45	36	87	89	79	45	24	15	10	30	91	12	45	18	9	9	77	58	88	
57	15	73	35	61	19	52	18	62	9	68	57	90	58	80	75	30	33	62	1	21	0	58	11	98	23	52	9	43	34	33	31	90	35	55	26	51	6	100	78	18	96	13	49	73	10	49	47	84	8	91	7	26	69	81	78	69	55	47	58	84	68	79	21	74	94	39	84	1	27	78	10	20	14	2	25	82	76	22	24	81	14	90	21	22	78	3	17	37	61	97	16	26	68	42	43	69	21	32	1	24	72	10	67	39	45	3	80	9	24	75	95	8	88	43	28	37	24	83	2	5	52	86	29	31	10	20	79	39	8	55	14	38	1	32	74	27	50	27	93	90	67	1	46	67	50	49	54	52	59	
22	4	96	26	14	88	13	15	53	37	99	7	14	30	28	93	17	54	63	51	36	58	0	61	4	14	68	91	88	46	44	32	18	56	66	54	8	16	23	56	17	12	12	50	67	16	57	4	96	28	43	4	8	35	6	54	62	41	39	18	1	6	23	63	76	91	72	71	13	86	82	71	53	53	4	77	84	100	85	94	61	68	36	29	47	6	98	61	82	31	14	2	91	64	78	87	70	90	18	78	15	28	61	80	67	16	26	35	43	70	19	33	89	30	52	43	78	5	7	18	31	35	40	36	32	28	78	51	46	63	27	37	72	42	89	27	13	35	65	20	24	46	32	88	95	96	7	90	20	23	
30	29	90	62	67	60	91	95	23	44	48	36	10	38	42	78	62	13	22	91	11	11	61	0	80	81	13	72	15	78	11	26	70	79	22	95	7	42	70	11	97	73	41	47	2	16	55	96	40	44	62	48	7	11	47	74	37	79	60	29	63	79	32	69	68	12	8	2	95	48	100	44	62	53	1	60	4	44	16	75	30	24	31	44	50	40	78	56	39	87	40	35	69	20	15	90	100	61	18	75	83	36	42	33	95	79	11	49	100	75	99	96	31	68	51	38	20	76	81	22	22	58	85	82	37	40	96	46	99	22	95	40	18	85	20	22	89	80	85	32	73	86	16	55	14	24	98	23	66	8	
75	15	52	73	49	3	31	88	41	49	25	97	53	30	53	1	97	66	35	17	27	98	4	80	0	40	44	93	91	60	38	62	75	92	38	37	99	14	23	41	99	78	11	4	23	69	55	32	39	91	100	88	21	80	30	20	90	55	81	37	94	27	3	32	57	1	29	29	77	89	89	83	46	40	83	11	92	78	39	44	33	65	67	5	30	42	93	41	69	42	43	78	87	15	80	93	11	72	98	96	16	23	42	65	87	46	12	18	48	56	40	30	21	28	79	56	35	54	46	13	22	33	96	78	39	21	14	79	56	37	40	65	54	60	18	99	45	52	88	47	25	47	17	6	89	85	10	5	97	26	
10	19	77	48	18	73	96	40	76	94	18	51	60	84	38	4	50	98	87	65	43	23	14	81	40	0	98	10	83	40	57	76	25	35	13	14	76	77	44	41	45	36	56	20	5	62	88	87	10	27	68	7	16	57	90	62	91	60	21	29	55	27	98	18	33	19	25	15	12	18	14	32	48	91	37	20	46	64	43	5	28	72	23	62	74	14	100	36	33	30	31	61	27	38	42	57	32	95	34	89	71	74	74	57	71	61	6	52	76	27	39	7	53	90	19	90	68	10	7	18	88	70	7	80	57	66	35	52	65	57	27	33	49	4	4	4	35	82	12	88	95	1	78	5	68	53	60	100	25	44	
22	32	48	17	87	4	75	34	30	55	76	39	77	22	65	42	39	56	71	28	98	52	68	13	44	98	0	1	33	95	50	2	26	28	21	71	72	88	60	62	3	11	15	99	6	67	59	78	27	4	87	17	56	1	2	22	59	5	67	88	52	74	73	5	24	48	29	67	56	69	24	97	10	76	1	13	71	44	54	27	26	58	70	100	88	61	39	80	92	28	45	97	17	22	35	6	94	94	96	63	53	89	5	29	23	96	69	80	42	84	36	82	29	45	12	23	36	99	69	19	79	7	93	40	44	13	72	33	7	97	12	78	54	71	86	57	69	15	7	93	8	85	70	8	38	14	95	70	9	11	
96	48	85	92	72	83	47	18	93	30	55	36	88	5	68	87	49	27	47	2	92	9	91	72	93	10	1	0	61	23	91	53	75	53	90	70	80	20	32	85	47	90	88	16	89	51	33	74	87	95	28	23	86	5	84	8	50	8	90	70	49	12	93	71	35	20	87	22	23	29	56	19	59	29	59	39	65	17	55	8	29	16	71	52	82	41	49	95	21	62	4	99	67	42	36	24	37	84	6	47	65	70	92	13	47	76	10	32	63	96	66	14	37	6	81	38	52	88	78	43	67	72	82	58	82	9	65	72	25	2	28	64	98	45	79	50	99	35	62	63	97	68	22	47	63	66	37	57	26	21	
34	90	25	41	71	54	70	57	90	78	3	39	92	97	50	100	42	20	74	92	25	43	88	15	91	83	33	61	0	66	13	34	2	97	92	57	8	79	39	23	23	37	41	18	66	78	3	15	26	70	81	48	13	4	63	39	56	32	31	27	53	6	60	81	68	29	20	58	40	7	74	75	44	59	23	17	47	73	42	79	93	71	13	32	19	16	6	49	16	29	94	83	64	45	69	80	1	29	42	80	9	60	56	38	52	33	29	56	3	75	98	23	27	4	96	26	37	17	53	93	42	65	21	85	6	52	15	23	27	57	99	19	19	16	90	18	86	29	96	21	21	81	96	27	13	82	44	76	60	60	
35	3	54	10	65	11	44	89	30	2	41	86	84	71	42	26	65	51	66	68	14	34	46	78	60	40	95	23	66	0	75	84	49	19	73	23	67	90	6	82	52	51	81	67	14	100	42	4	69	32	66	6	58	50	58	55	19	28	19	24	16	53	36	52	74	12	13	52	70	80	10	78	37	16	87	52	73	70	78	1	50	97	97	29	38	63	99	55	97	4	61	80	1	62	97	43	37	67	21	28	45	62	24	81	61	71	94	34	46	70	54	95	25	20	25	48	57	91	60	52	55	11	84	86	51	46	77	51	14	21	21	72	86	71	71	44	62	70	60	1	83	67	20	88	46	75	60	81	14	31	
29	17	100	1	17	65	95	99	48	79	67	14	62	16	94	79	59	7	60	91	100	33	44	11	38	57	50	91	13	75	0	15	92	88	27	50	80	33	83	60	86	65	46	50	34	94	64	3	36	90	77	16	77	40	22	26	99	16	36	28	46	10	67	63	32	41	4	34	72	57	46	59	75	73	25	19	35	41	56	1	71	22	97	74	86	43	19	11	27	97	91	32	30	86	78	32	49	50	65	53	97	65	62	9	57	3	15	89	23	98	20	40	19	82	42	27	49	19	97	80	22	95	65	85	81	79	28	11	33	67	75	34	95	2	20	46	58	11	75	58	51	43	83	24	26	18	63	42	84	67	
79	42	43	15	80	93	7	6	92	69	36	25	21	36	79	76	20	49	80	43	90	31	32	26	62	76	2	53	34	84	15	0	20	28	83	75	58	46	83	4	46	51	58	32	74	21	34	19	27	67	49	5	46	12	65	54	2	50	58	62	21	32	45	20	13	51	54	56	9	83	48	8	12	64	43	5	9	63	82	70	84	90	86	77	35	75	47	80	53	45	25	33	15	87	50	82	20	2	35	40	2	80	92	6	65	22	27	29	32	26	75	41	50	6	73	7	63	49	75	8	3	29	25	72	86	45	49	29	76	27	34	17	91	98	27	55	70	30	64	73	72	16	45	26	74	24	94	94	22	52	
50	83	6	51	96	3	92	58	5	68	62	47	15	8	3	91	85	64	37	53	81	90	18	70	75	25	26	75	2	49	92	20	0	63	60	45	87	69	3	81	85	24	36	78	9	15	65	37	4	65	43	47	84	89	21	65	57	24	86	60	86	53	27	43	43	22	95	26	26	81	38	57	100	25	85	41	13	18	78	79	51	14	98	39	38	18	13	18	76	76	20	71	95	34	10	66	95	59	72	23	54	5	45	78	61	99	90	74	45	3	41	91	97	54	84	14	82	87	72	48	85	34	63	96	47	70	71	41	23	88	92	63	3	65	71	43	16	90	8	45	28	10	53	25	17	58	32	1	63	8	
48	36	65	96	70	100	16	95	37	73	49	72	82	27	15	80	35	82	44	81	60	35	56	79	92	35	28	53	97	19	88	28	63	0	12	46	36	56	86	10	71	75	85	85	23	80	55	3	70	1	58	32	58	78	91	73	54	32	40	74	92	100	80	16	90	49	63	9	30	39	99	50	50	14	90	65	100	75	32	86	42	1	96	31	26	74	34	74	76	3	8	2	52	54	66	30	65	22	10	9	10	44	76	7	1	68	32	47	5	81	65	49	40	5	30	29	68	21	67	85	69	81	54	16	68	22	67	76	22	23	89	57	64	61	65	98	98	63	20	39	66	34	96	52	74	34	55	93	12	60	
52	95	65	91	93	34	37	50	54	32	74	72	53	49	43	70	80	37	49	22	70	55	66	22	38	13	21	90	92	73	27	83	60	12	0	88	2	41	100	58	29	28	14	94	41	21	97	59	74	61	52	52	31	83	81	78	62	91	6	74	10	87	54	25	29	31	100	98	8	97	82	24	28	92	60	97	38	17	70	98	19	76	4	56	33	52	44	49	72	33	33	83	100	12	18	42	17	76	13	37	48	32	57	3	42	37	2	26	71	58	19	68	25	1	40	100	28	67	66	99	100	87	16	75	85	15	27	63	46	75	39	45	54	70	47	73	38	47	3	70	99	88	69	86	35	37	50	45	61	18	
93	53	85	38	22	24	58	87	10	14	54	77	84	72	75	58	49	60	37	85	30	26	54	95	37	14	71	70	57	23	50	75	45	46	88	0	34	46	86	29	21	74	54	87	63	64	44	69	83	69	17	32	83	92	61	52	99	89	7	16	27	56	98	62	21	87	68	88	92	59	44	44	49	71	86	48	92	77	78	41	79	23	85	65	45	41	59	30	54	75	2	41	48	2	1	67	5	58	77	22	59	98	24	31	33	31	86	79	60	18	93	24	32	89	63	45	97	56	23	64	100	28	48	59	6	63	9	21	22	61	34	27	9	3	90	98	35	86	14	90	97	86	72	56	11	24	15	76	19	20	
71	53	21	98	89	3	48	88	85	54	89	49	72	35	82	3	66	13	74	86	6	51	8	7	99	76	72	80	8	67	80	58	87	36	2	34	0	18	55	1	79	71	58	88	72	58	6	88	69	86	71	29	73	75	34	53	4	21	20	50	74	72	91	46	51	92	91	39	11	15	78	53	1	17	27	61	77	27	77	87	91	27	82	55	58	22	2	81	92	15	98	79	90	24	60	39	64	39	17	69	51	27	89	84	34	54	10	15	46	1	39	67	37	81	21	72	60	80	14	81	24	30	22	92	30	69	72	21	25	23	43	33	89	73	84	86	54	79	49	81	3	71	74	45	91	62	39	46	68	73	
56	66	69	37	88	84	29	70	59	75	67	85	71	64	15	80	77	39	53	42	71	6	16	42	14	77	88	20	79	90	33	46	69	56	41	46	18	0	91	80	46	55	79	17	74	51	46	56	4	69	84	7	89	14	12	55	9	44	46	43	88	70	40	63	71	39	17	62	94	64	100	70	39	5	18	94	25	89	82	39	67	61	84	83	39	17	24	16	14	56	32	33	96	73	9	38	63	7	61	52	29	26	85	7	87	82	86	79	5	11	57	68	22	70	19	34	10	23	56	23	55	15	68	67	76	61	95	79	61	83	45	29	26	34	2	51	46	50	55	12	88	87	58	34	79	60	54	14	27	84	
55	39	63	76	68	69	49	41	75	72	54	3	3	4	89	69	15	3	32	4	70	100	23	70	23	44	60	32	39	6	83	83	3	86	100	86	55	91	0	53	2	90	15	72	73	28	53	28	96	23	78	1	23	86	45	52	22	39	94	25	81	67	90	17	65	49	53	20	29	2	19	70	39	76	33	94	100	8	14	12	99	50	90	51	48	63	83	82	76	28	90	29	22	25	3	46	85	83	26	5	97	35	61	43	92	8	76	78	6	56	12	61	62	37	43	53	30	66	47	81	33	7	5	54	56	96	16	34	55	30	82	30	56	42	45	53	43	88	38	27	36	31	90	41	27	94	50	91	79	22	
39	13	96	95	63	3	24	51	63	31	96	31	100	1	67	97	31	26	51	28	32	78	56	11	41	41	62	85	23	82	60	4	81	10	58	29	1	80	53	0	13	84	13	13	64	20	49	98	25	16	61	82	78	42	88	95	84	55	82	14	7	9	83	14	33	56	33	23	51	71	89	13	30	71	100	81	14	76	86	40	35	37	60	94	1	13	95	85	62	85	92	27	92	84	21	73	32	56	84	37	41	71	66	41	54	66	78	85	28	29	68	82	58	19	40	64	89	83	60	57	6	91	21	67	61	9	76	28	20	39	83	80	37	54	69	91	12	42	64	67	1	15	73	36	13	64	22	86	6	81	
53	63	27	46	95	98	27	76	31	3	90	45	10	76	16	73	32	98	98	92	97	18	17	97	99	45	3	47	23	52	86	46	85	71	29	21	79	46	2	13	0	79	39	16	98	53	14	5	67	18	51	1	44	36	4	18	17	70	71	77	10	40	40	22	99	35	70	25	88	24	65	77	67	68	51	97	78	36	80	41	70	5	2	22	92	10	24	17	83	57	9	25	30	20	88	67	76	33	67	29	77	64	37	46	27	55	29	1	9	18	48	72	58	72	60	3	78	5	34	25	36	66	84	7	7	82	95	71	30	95	36	98	5	92	10	16	79	20	28	79	21	75	75	31	36	6	90	73	78	57	
29	68	5	51	7	85	9	61	62	9	25	86	37	95	79	78	17	71	71	85	85	96	12	73	78	36	11	90	37	51	65	51	24	75	28	74	71	55	90	84	79	0	24	91	25	85	29	83	56	8	17	58	14	64	1	47	84	26	92	48	66	87	93	96	49	55	17	69	63	45	12	100	44	95	55	87	20	82	65	18	69	73	45	45	3	34	42	65	72	45	66	25	24	36	20	87	9	34	34	67	100	36	98	27	9	85	27	76	95	73	29	20	87	20	9	72	69	16	91	48	75	64	13	92	90	23	57	29	98	88	22	25	98	15	39	35	80	56	39	79	78	26	84	68	57	27	7	3	80	66	
93	87	19	28	87	34	75	44	43	45	1	73	20	25	98	64	62	58	68	79	41	13	12	41	11	56	15	88	41	81	46	58	36	85	14	54	58	79	15	13	39	24	0	63	31	40	97	21	45	23	56	8	74	51	94	80	2	5	30	81	83	81	5	33	39	28	90	73	51	75	1	71	24	97	56	68	94	96	55	46	7	80	60	60	13	89	90	13	83	97	13	54	100	9	26	15	93	65	95	27	96	81	14	43	50	75	78	92	87	10	14	80	26	11	37	59	10	70	50	94	39	79	77	11	26	75	12	94	64	37	87	67	8	92	74	94	47	3	1	84	67	2	86	86	40	30	45	95	6	36	
39	100	53	26	48	38	57	4	13	22	81	70	70	21	100	22	95	9	82	74	83	49	50	47	4	20	99	16	18	67	50	32	78	85	94	87	88	17	72	13	16	91	63	0	80	96	3	14	84	88	72	67	56	54	37	89	96	65	62	3	85	3	76	87	79	71	69	64	11	29	74	77	18	53	49	38	50	66	94	63	11	76	59	54	17	42	84	24	100	45	76	23	83	83	20	41	49	39	31	69	97	13	19	86	10	100	58	5	62	87	29	48	54	53	78	11	50	16	36	42	57	51	39	35	72	50	87	97	96	26	1	36	53	74	12	55	55	58	94	80	22	42	40	51	22	49	30	62	81	62	
45	70	99	30	14	20	17	34	13	30	98	80	58	38	27	60	72	27	41	59	76	73	67	2	23	5	6	89	66	14	34	74	9	23	41	63	72	74	73	64	98	25	31	80	0	81	4	45	14	17	35	21	60	43	54	18	53	32	26	49	56	24	76	3	33	61	79	61	88	22	52	5	13	58	76	29	41	33	32	55	20	18	67	96	100	42	67	33	100	20	77	22	3	9	35	53	22	66	67	15	81	59	53	13	17	43	32	82	17	25	77	26	71	17	84	62	32	64	27	39	27	68	11	45	94	83	46	21	69	93	87	80	85	92	92	32	49	40	86	92	90	20	16	48	92	39	81	20	50	78	
63	9	67	76	56	98	93	9	88	60	38	55	43	57	28	47	70	37	15	63	9	10	16	16	69	62	67	51	78	100	94	21	15	80	21	64	58	51	28	20	53	85	40	96	81	0	79	18	18	17	88	84	50	19	52	34	10	67	91	56	95	21	97	4	52	14	74	47	27	32	59	60	26	7	2	32	87	79	1	64	76	18	18	76	23	45	90	10	65	84	79	7	13	1	22	80	23	1	77	95	70	37	37	50	71	26	68	64	47	52	97	23	58	96	19	54	5	48	27	40	5	51	92	61	77	13	89	32	10	12	86	88	25	100	15	18	41	4	78	75	1	5	65	58	4	14	55	85	55	5	
73	56	96	49	72	64	39	42	54	70	100	7	85	91	87	13	89	88	27	61	59	49	57	55	55	88	59	33	3	42	64	34	65	55	97	44	6	46	53	49	14	29	97	3	4	79	0	87	37	60	45	53	46	92	93	77	11	49	99	38	6	5	45	84	84	41	56	8	60	91	37	67	9	10	45	36	64	71	84	62	59	40	53	27	58	2	36	59	51	96	88	79	65	26	15	96	49	95	39	47	81	27	73	58	4	60	69	48	25	19	7	33	15	77	36	56	21	55	94	6	71	59	45	39	45	71	82	31	63	43	16	93	29	94	24	55	83	53	5	58	95	36	61	79	29	61	30	66	28	66	
97	64	84	28	25	41	14	84	47	11	35	92	19	2	70	30	94	37	48	45	7	47	4	96	32	87	78	74	15	4	3	19	37	3	59	69	88	56	28	98	5	83	21	14	45	18	87	0	76	82	67	65	10	86	91	30	76	66	23	81	28	61	28	8	63	69	2	79	13	7	38	62	16	40	74	95	6	57	1	56	82	79	88	63	64	3	81	93	79	4	77	92	50	36	2	89	86	72	1	44	63	18	14	4	37	49	40	70	80	72	34	13	35	18	32	21	62	18	93	21	99	77	90	45	3	88	7	96	76	68	68	77	60	55	83	44	11	69	96	99	46	67	77	29	84	14	8	27	33	67	
44	60	27	2	59	54	19	80	34	78	47	12	13	81	97	97	29	70	69	72	1	84	96	40	39	10	27	87	26	69	36	27	4	70	74	83	69	4	96	25	67	56	45	84	14	18	37	76	0	1	46	5	10	40	28	46	96	63	90	77	86	40	25	91	98	69	96	82	56	31	14	61	78	88	68	33	44	48	89	13	2	15	99	52	26	21	81	80	85	26	67	91	81	35	58	42	36	96	13	20	99	80	99	68	85	17	62	76	78	61	98	45	52	74	86	89	41	44	68	81	85	48	95	7	41	22	26	77	68	24	83	51	41	26	25	9	45	54	10	36	18	5	3	14	57	85	13	20	32	32	
82	72	65	23	42	38	70	70	59	94	8	70	32	31	34	99	80	41	57	32	18	8	28	44	91	27	4	95	70	32	90	67	65	1	61	69	86	69	23	16	18	8	23	88	17	17	60	82	1	0	68	60	82	13	10	40	79	54	70	69	75	6	98	23	58	71	18	36	62	14	53	55	92	89	4	43	31	86	25	72	70	63	50	10	32	6	52	63	2	93	18	30	11	96	85	13	87	30	88	42	14	13	31	34	86	6	21	65	40	48	98	34	91	60	66	58	70	9	96	71	82	89	50	43	46	47	10	84	59	67	64	27	27	35	24	96	54	59	94	20	23	7	52	13	55	95	92	9	44	71	
27	73	76	3	39	67	33	49	45	82	30	53	88	77	86	99	71	69	3	21	94	91	43	62	100	68	87	28	81	66	77	49	43	58	52	17	71	84	78	61	51	17	56	72	35	88	45	67	46	68	0	91	86	84	72	98	69	60	16	7	58	66	97	65	98	4	60	43	26	40	71	83	19	1	31	71	78	87	56	88	38	14	41	17	16	67	24	81	7	43	49	13	80	96	50	61	35	30	4	74	27	50	80	31	50	69	88	42	21	38	47	34	66	85	29	94	98	51	72	4	66	33	32	35	88	98	37	75	96	59	43	71	64	22	5	39	42	35	78	94	21	21	88	61	85	3	17	78	24	85	
1	81	33	50	31	99	67	43	31	68	13	71	22	22	4	1	66	43	23	67	46	7	4	48	88	7	17	23	48	6	16	5	47	32	52	32	29	7	1	82	1	58	8	67	21	84	53	65	5	60	91	0	28	63	93	42	47	51	10	15	50	82	74	34	57	91	24	83	82	27	63	19	33	55	18	43	79	58	26	31	80	60	41	15	16	34	77	96	44	7	94	20	70	47	40	68	90	94	52	26	27	99	20	22	85	89	77	8	40	97	29	38	29	1	90	12	80	49	14	33	2	88	51	12	83	18	4	23	19	43	84	70	76	14	98	15	63	31	50	44	3	70	44	10	6	1	2	41	44	59	
1	28	1	35	14	87	86	40	47	70	97	22	99	72	17	43	78	38	66	27	38	26	8	7	21	16	56	86	13	58	77	46	84	58	31	83	73	89	23	78	44	14	74	56	60	50	46	10	10	82	86	28	0	75	100	1	79	77	19	34	30	50	70	50	72	43	63	9	50	20	90	29	87	48	80	17	56	88	6	54	60	66	100	48	38	68	26	53	69	65	97	11	9	3	93	24	15	13	45	58	37	51	44	13	63	72	99	12	89	28	67	77	18	58	44	80	76	15	46	34	53	95	99	55	93	63	89	50	13	4	57	71	96	95	88	5	4	50	53	1	51	61	76	83	78	81	58	48	50	69	
53	42	98	17	48	47	5	1	16	8	16	9	45	22	91	3	88	58	32	94	48	69	35	11	80	57	1	5	4	50	40	12	89	78	83	92	75	14	86	42	36	64	51	54	43	19	92	86	40	13	84	63	75	0	12	56	57	34	68	16	79	1	29	98	42	78	62	8	95	31	10	35	58	28	83	81	83	34	61	76	22	27	20	68	23	1	84	59	83	15	12	36	83	98	97	6	14	55	21	81	25	44	43	57	41	17	28	62	77	29	98	92	28	49	40	13	49	81	67	51	65	53	100	29	37	41	26	77	44	16	20	87	100	29	34	65	40	11	20	6	8	39	72	4	81	19	18	33	30	89	
66	97	60	70	100	93	3	94	19	70	20	63	71	80	13	3	4	27	20	68	58	81	6	47	30	90	2	84	63	58	22	65	21	91	81	61	34	12	45	88	4	1	94	37	54	52	93	91	28	10	72	93	100	12	0	80	72	8	93	63	1	64	59	87	78	18	64	77	64	46	18	3	46	80	99	20	52	10	59	78	42	33	4	52	93	23	82	52	62	19	34	25	99	38	87	68	47	22	92	72	74	48	89	55	23	53	60	51	27	65	97	93	43	39	57	100	46	4	20	53	26	80	1	39	23	53	66	97	83	17	84	39	55	10	56	65	82	23	63	29	5	46	67	67	39	96	26	50	22	5	
67	91	26	12	20	65	29	29	83	93	95	91	2	95	67	64	90	99	56	12	18	78	54	74	20	62	22	8	39	55	26	54	65	73	78	52	53	55	52	95	18	47	80	89	18	34	77	30	46	40	98	42	1	56	80	0	38	6	98	1	74	19	20	90	48	51	50	95	15	84	65	88	39	93	46	54	67	67	41	41	18	66	63	65	46	48	35	74	13	4	16	71	92	76	56	17	56	17	48	55	18	67	6	57	3	39	63	18	25	3	7	30	17	34	77	44	13	72	48	46	28	89	14	74	51	79	42	17	55	60	73	31	80	10	4	82	20	20	85	86	76	8	23	40	94	89	47	69	76	26	
82	24	84	43	52	52	99	39	20	56	65	11	88	59	28	91	36	43	85	59	82	69	62	37	90	91	59	50	56	19	99	2	57	54	62	99	4	9	22	84	17	84	2	96	53	10	11	76	96	79	69	47	79	57	72	38	0	41	78	8	47	26	2	5	94	74	68	48	23	21	61	50	67	58	43	65	91	96	99	53	43	93	89	93	65	100	14	47	8	5	46	16	77	50	15	95	16	96	28	84	58	20	50	63	17	88	44	90	25	45	5	44	66	1	47	63	38	63	53	89	80	86	78	93	52	20	44	60	66	1	42	46	33	98	10	16	1	62	5	57	33	46	84	64	64	47	3	60	30	30	
78	46	33	20	28	94	57	79	75	84	69	36	24	49	22	75	34	95	74	13	13	55	41	79	55	60	5	8	32	28	16	50	24	32	91	89	21	44	39	55	70	26	5	65	32	67	49	66	63	54	60	51	77	34	8	6	41	0	64	59	97	75	58	51	94	99	54	54	58	63	10	63	93	48	52	93	90	96	38	96	11	44	88	14	17	16	65	83	7	28	29	4	76	48	17	9	35	15	49	61	74	39	52	70	93	92	62	69	80	90	66	15	27	87	4	57	66	6	64	69	80	13	33	97	27	93	81	27	17	63	37	54	86	5	39	40	65	91	58	13	31	56	42	95	66	52	57	10	50	30	
14	37	89	70	35	98	77	36	7	74	78	26	71	49	13	83	60	83	81	11	100	47	39	60	81	21	67	90	31	19	36	58	86	40	6	7	20	46	94	82	71	92	30	62	26	91	99	23	90	70	16	10	19	68	93	98	78	64	0	82	29	6	9	95	66	93	50	88	42	62	73	58	97	60	82	96	89	22	34	29	12	96	94	98	23	87	49	75	16	66	53	53	84	20	72	9	94	71	40	99	94	37	4	59	77	26	72	71	8	87	75	35	15	90	48	22	96	62	88	90	8	40	85	66	26	98	90	33	93	95	33	97	99	87	81	21	39	76	65	60	58	28	36	72	61	58	47	22	50	76	
27	29	79	67	22	68	94	32	46	80	46	44	67	26	46	27	5	55	96	18	56	58	18	29	37	29	88	70	27	24	28	62	60	74	74	16	50	43	25	14	77	48	81	3	49	56	38	81	77	69	7	15	34	16	63	1	8	59	82	0	43	34	42	62	24	29	22	32	51	32	28	52	50	16	48	30	94	32	50	24	95	15	78	26	4	3	79	70	33	57	60	88	88	78	33	80	44	37	12	59	39	6	27	30	24	74	69	72	100	12	39	56	80	8	13	36	62	98	89	60	99	8	79	38	30	27	17	36	71	4	13	22	74	27	1	74	5	12	67	89	55	21	21	44	87	94	46	62	96	63	
38	9	56	77	16	53	93	10	50	99	65	79	97	97	19	81	54	74	79	16	78	84	1	63	94	55	52	49	53	16	46	21	86	92	10	27	74	88	81	7	10	66	83	85	56	95	6	28	86	75	58	50	30	79	1	74	47	97	29	43	0	66	56	90	43	30	78	73	62	59	40	80	32	81	49	41	30	91	95	95	26	90	72	79	18	5	90	32	86	6	85	57	71	78	80	92	14	78	5	21	25	43	23	63	74	43	9	86	97	92	61	72	92	85	89	29	69	87	28	46	48	25	96	61	34	51	82	15	29	31	58	9	32	81	82	56	38	4	81	26	38	25	5	38	46	16	52	19	8	22	
40	85	26	55	82	77	20	16	91	28	4	80	78	25	33	63	86	92	37	30	41	68	6	79	27	27	74	12	6	53	10	32	53	100	87	56	72	70	67	9	40	87	81	3	24	21	5	61	40	6	66	82	50	1	64	19	26	75	6	34	66	0	81	43	64	42	31	20	99	66	42	78	80	100	58	43	73	3	72	82	16	76	94	78	34	2	18	35	39	81	54	39	40	90	6	86	70	74	6	50	84	62	66	52	10	73	32	87	66	4	45	47	23	42	82	17	41	54	56	61	44	22	62	35	5	29	50	87	21	40	14	63	43	36	24	59	56	11	56	75	72	30	13	35	24	94	63	58	10	42	
85	55	61	70	73	26	48	60	94	77	38	66	46	29	46	91	30	33	88	52	40	79	23	32	3	98	73	93	60	36	67	45	27	80	54	98	91	40	90	83	40	93	5	76	76	97	45	28	25	98	97	74	70	29	59	20	2	58	9	42	56	81	0	68	59	53	19	60	25	46	96	57	6	30	73	26	3	33	11	43	66	34	50	18	40	87	21	53	48	8	33	96	11	71	81	96	89	78	61	4	24	45	46	31	19	57	4	59	82	14	61	84	57	84	97	15	78	75	7	32	3	45	31	86	87	82	12	15	27	19	12	99	12	16	17	41	19	54	82	71	9	49	22	66	100	29	37	90	53	72	
88	87	66	71	66	13	33	36	63	62	89	33	9	27	33	43	70	52	51	91	4	21	63	69	32	18	5	71	81	52	63	20	43	16	25	62	46	63	17	14	22	96	33	87	3	4	84	8	91	23	65	34	50	98	87	90	5	51	95	62	90	43	68	0	41	83	100	95	35	84	25	76	30	22	97	59	7	61	68	48	77	14	12	89	55	36	90	72	56	1	43	51	25	64	30	13	2	28	55	4	2	82	71	21	92	15	39	72	90	48	38	97	15	6	55	17	82	6	70	17	76	33	50	12	94	67	99	43	23	89	33	38	23	89	96	89	41	49	9	80	46	34	33	86	79	2	21	80	27	39	
39	10	17	49	52	2	40	29	48	7	56	15	41	77	16	96	74	97	72	19	2	74	76	68	57	33	24	35	68	74	32	13	43	90	29	21	51	71	65	33	99	49	39	79	33	52	84	63	98	58	98	57	72	42	78	48	94	94	66	24	43	64	59	41	0	86	93	92	67	69	97	48	81	58	70	31	82	44	82	71	19	40	51	82	8	79	28	35	98	29	49	4	13	64	8	31	77	76	40	32	66	96	10	98	58	29	10	76	49	54	40	21	39	39	88	39	73	34	47	21	5	2	80	87	47	86	14	42	40	14	6	88	59	8	42	96	64	6	79	62	28	5	72	90	86	33	13	63	83	12	
74	64	85	64	53	60	96	100	4	98	94	28	89	61	47	55	4	94	46	58	45	94	91	12	1	19	48	20	29	12	41	51	22	49	31	87	92	39	49	56	35	55	28	71	61	14	41	69	69	71	4	91	43	78	18	51	74	99	93	29	30	42	53	83	86	0	55	43	25	24	52	79	73	41	33	11	86	67	2	35	64	99	71	40	13	11	64	22	19	91	54	70	46	23	8	95	75	62	22	49	76	72	1	57	54	63	55	35	61	70	86	45	35	78	59	59	92	70	23	44	48	23	85	24	50	11	93	66	11	21	5	28	54	48	3	20	14	3	86	82	81	61	8	43	48	38	91	64	38	34	
9	94	94	61	49	38	94	31	64	44	64	66	96	90	58	31	90	81	59	5	4	39	72	8	29	25	29	87	20	13	4	54	95	63	100	68	91	17	53	33	70	17	90	69	79	74	56	2	96	18	60	24	63	62	64	50	68	54	50	22	78	31	19	100	93	55	0	14	39	73	88	51	93	70	30	26	33	53	3	80	40	98	25	1	25	10	24	87	95	76	71	61	49	73	85	3	69	62	27	2	12	9	64	18	88	95	49	33	7	17	6	79	20	28	40	12	88	85	44	38	22	24	32	72	2	48	9	19	30	56	33	18	86	69	38	47	98	56	30	43	25	53	12	82	12	4	27	21	48	83	
88	81	34	29	50	64	24	89	80	23	84	14	1	41	99	59	57	40	60	22	11	84	71	2	29	15	67	22	58	52	34	56	26	9	98	88	39	62	20	23	25	69	73	64	61	47	8	79	82	36	43	83	9	8	77	95	48	54	88	32	73	20	60	95	92	43	14	0	26	7	56	76	76	7	3	1	49	46	44	53	72	32	14	60	50	13	82	93	38	88	15	71	51	60	34	3	56	77	98	77	82	82	61	33	67	32	39	86	24	49	47	35	60	50	35	50	84	82	77	31	38	72	96	74	34	2	8	44	93	43	61	29	8	66	40	1	1	53	59	25	40	76	18	28	81	81	18	68	80	100	
55	23	38	72	79	1	51	45	28	24	85	68	64	15	90	18	3	50	58	99	81	1	13	95	77	12	56	23	40	70	72	9	26	30	8	92	11	94	29	51	88	63	51	11	88	27	60	13	56	62	26	82	50	95	64	15	23	58	42	51	62	99	25	35	67	25	39	26	0	23	97	57	67	41	95	21	84	66	91	72	78	46	69	80	57	74	71	38	8	98	97	12	63	41	100	51	69	15	4	54	40	3	71	22	12	17	29	24	34	13	53	56	77	52	85	58	29	82	40	74	41	85	75	44	98	10	34	50	98	41	12	74	90	73	42	95	88	81	64	67	100	96	48	76	41	8	60	19	18	93	
89	75	79	63	57	48	43	56	44	33	73	2	14	30	54	4	84	20	49	86	89	27	86	48	89	18	69	29	7	80	57	83	81	39	97	59	15	64	2	71	24	45	75	29	22	32	91	7	31	14	40	27	20	31	46	84	21	63	62	32	59	66	46	84	69	24	73	7	23	0	54	34	66	40	30	52	57	22	54	27	52	33	8	56	26	67	73	67	44	12	49	90	85	1	79	62	74	61	38	17	10	39	68	44	34	2	26	68	35	20	32	24	50	50	63	1	12	18	12	30	61	83	30	53	11	89	87	77	48	16	91	61	44	27	14	25	60	8	55	72	45	50	17	22	53	13	85	19	59	9	
4	72	76	12	96	9	85	71	6	64	22	51	7	56	24	30	28	91	53	24	2	78	82	100	89	14	24	56	74	10	46	48	38	99	82	44	78	100	19	89	65	12	1	74	52	59	37	38	14	53	71	63	90	10	18	65	61	10	73	28	40	42	96	25	97	52	88	56	97	54	0	79	40	30	21	81	92	52	94	26	13	39	73	56	40	43	9	73	38	5	45	38	96	23	68	4	30	21	29	2	44	40	90	11	53	42	79	2	31	1	24	95	98	26	51	60	56	88	7	100	1	25	62	90	85	57	67	29	58	50	31	75	18	75	21	19	25	56	1	56	70	5	31	75	56	59	95	27	99	43	
62	100	66	96	44	91	82	9	2	95	31	42	31	37	32	1	66	16	40	7	84	10	71	44	83	32	97	19	75	78	59	8	57	50	24	44	53	70	70	13	77	100	71	77	5	60	67	62	61	55	83	19	29	35	3	88	50	63	58	52	80	78	57	76	48	79	51	76	57	34	79	0	82	95	4	84	98	87	33	87	87	77	80	76	43	27	39	40	3	60	40	69	86	67	66	2	33	84	11	88	72	10	35	92	41	75	66	45	14	2	85	40	67	11	3	34	80	38	81	95	44	1	54	81	91	87	17	42	65	61	55	38	11	56	50	74	93	27	38	45	97	34	34	97	28	67	66	66	10	88	
44	4	69	79	65	59	44	34	75	45	5	93	24	41	32	64	84	37	88	51	96	20	53	62	46	48	10	59	44	37	75	12	100	50	28	49	1	39	39	30	67	44	24	18	13	26	9	16	78	92	19	33	87	58	46	39	67	93	97	50	32	80	6	30	81	73	93	76	67	66	40	82	0	38	87	91	58	51	32	99	65	8	34	29	47	9	96	95	5	79	15	93	55	74	57	24	44	86	91	25	66	43	46	67	14	85	53	1	87	48	57	47	40	72	70	38	100	27	96	29	62	33	21	99	39	21	19	63	54	35	7	59	34	69	23	32	52	9	46	69	93	27	70	66	84	23	30	75	23	30	
27	75	2	43	66	69	16	96	59	64	96	88	9	60	28	57	30	71	89	45	60	14	53	53	40	91	76	29	59	16	73	64	25	14	92	71	17	5	76	71	68	95	97	53	58	7	10	40	88	89	1	55	48	28	80	93	58	48	60	16	81	100	30	22	58	41	70	7	41	40	30	95	38	0	64	13	90	50	61	75	4	31	11	37	50	83	88	2	50	48	45	84	96	88	71	100	23	6	81	77	94	95	82	68	60	71	5	2	81	5	15	99	89	16	47	63	75	56	93	33	27	48	31	57	68	73	91	37	1	95	7	88	97	63	9	19	72	32	87	9	91	30	22	48	7	24	77	12	38	89	
6	64	25	88	68	49	14	68	50	67	45	78	64	92	23	79	34	35	91	80	61	2	4	1	83	37	1	59	23	87	25	43	85	90	60	86	27	18	33	100	51	55	56	49	76	2	45	74	68	4	31	18	80	83	99	46	43	52	82	48	49	58	73	97	70	33	30	3	95	30	21	4	87	64	0	65	72	99	37	38	7	55	68	85	33	100	44	100	2	81	59	20	66	26	67	86	1	1	37	4	80	85	35	91	49	6	1	5	16	41	47	59	51	70	61	52	11	35	63	15	11	26	58	71	25	70	91	77	75	90	18	39	23	59	93	43	94	43	30	65	97	37	46	52	61	51	52	13	5	98	
2	25	62	100	89	56	18	83	8	86	57	91	11	25	95	4	63	5	3	88	92	25	77	60	11	20	13	39	17	52	19	5	41	65	97	48	61	94	94	81	97	87	68	38	29	32	36	95	33	43	71	43	17	81	20	54	65	93	96	30	41	43	26	59	31	11	26	1	21	52	81	84	91	13	65	0	98	78	97	13	22	10	17	97	15	42	14	27	85	88	81	81	42	25	26	74	59	17	26	88	63	85	100	5	94	40	56	62	92	51	33	77	26	69	5	9	25	63	59	46	95	35	96	44	59	39	77	18	88	20	52	69	28	60	20	25	85	93	42	10	52	31	18	55	94	63	27	57	32	61	
73	40	10	28	46	52	18	22	55	34	50	100	74	82	12	88	42	12	100	35	34	82	84	4	92	46	71	65	47	73	35	9	13	100	38	92	77	25	100	14	78	20	94	50	41	87	64	6	44	31	78	79	56	83	52	67	91	90	89	94	30	73	3	7	82	86	33	49	84	57	92	98	58	90	72	98	0	77	77	22	15	87	19	18	47	8	55	65	52	98	33	38	47	35	73	6	83	87	70	88	86	38	74	66	34	24	98	12	92	57	8	23	18	12	58	92	87	71	61	22	11	29	46	54	56	79	100	90	44	19	14	39	55	37	22	98	4	50	38	13	47	47	22	71	18	36	22	90	65	69	
34	94	64	26	64	1	68	11	76	30	34	44	39	1	32	26	58	80	25	26	76	76	100	44	78	64	44	17	73	70	41	63	18	75	17	77	27	89	8	76	36	82	96	66	33	79	71	57	48	86	87	58	88	34	10	67	96	96	22	32	91	3	33	61	44	67	53	46	66	22	52	87	51	50	99	78	77	0	41	8	14	85	54	2	61	8	90	83	94	72	27	45	12	20	19	95	18	97	28	75	92	82	67	84	12	98	18	82	22	3	94	49	33	41	77	8	78	43	52	46	70	25	4	10	67	79	10	43	7	29	61	42	89	27	83	36	80	47	30	74	5	92	44	90	91	17	81	30	57	19	
67	83	8	71	95	4	48	93	86	69	7	97	83	75	35	81	31	38	7	94	19	22	85	16	39	43	54	55	42	78	56	82	78	32	70	78	77	82	14	86	80	65	55	94	32	1	84	1	89	25	56	26	6	61	59	41	99	38	34	50	95	72	11	68	82	2	3	44	91	54	94	33	32	61	37	97	77	41	0	57	92	32	92	86	38	1	29	70	11	89	52	76	86	75	97	71	77	58	34	55	1	96	17	16	59	66	43	80	94	21	37	5	48	23	33	23	34	30	15	67	20	34	81	57	83	22	37	61	9	65	56	100	98	45	14	57	65	56	84	62	19	89	85	57	53	77	14	82	28	42	
72	84	2	100	8	12	57	91	99	80	89	22	100	91	32	43	99	90	71	64	48	24	94	75	44	5	27	8	79	1	1	70	79	86	98	41	87	39	12	40	41	18	46	63	55	64	62	56	13	72	88	31	54	76	78	41	53	96	29	24	95	82	43	48	71	35	80	53	72	27	26	87	99	75	38	13	22	8	57	0	32	66	100	100	38	100	38	38	46	48	14	11	80	17	35	9	10	80	34	42	15	93	97	90	74	100	69	8	4	68	25	93	69	90	69	60	16	78	21	34	17	13	26	22	51	39	11	80	53	55	72	96	50	23	79	88	73	86	67	21	86	3	90	74	73	27	25	81	50	42	
54	7	10	12	50	66	32	85	43	56	41	75	83	31	32	16	4	7	100	61	35	81	61	30	33	28	26	29	93	50	71	84	51	42	19	79	91	67	99	35	70	69	7	11	20	76	59	82	2	70	38	80	60	22	42	18	43	11	12	95	26	16	66	77	19	64	40	72	78	52	13	87	65	4	7	22	15	14	92	32	0	1	60	62	42	60	47	17	5	58	50	21	52	69	74	13	7	87	47	41	27	39	8	9	82	53	18	81	94	50	78	84	88	51	30	20	74	80	18	1	35	40	19	11	66	63	51	1	14	72	70	31	96	53	13	40	49	48	21	21	30	38	54	4	93	69	69	20	50	30	
65	69	59	44	99	22	25	48	45	9	2	88	63	78	80	51	62	29	39	46	66	14	68	24	65	72	58	16	71	97	22	90	14	1	76	23	27	61	50	37	5	73	80	76	18	18	40	79	15	63	14	60	66	27	33	66	93	44	96	15	90	76	34	14	40	99	98	32	46	33	39	77	8	31	55	10	87	85	32	66	1	0	22	3	29	89	18	14	86	77	56	18	90	50	31	83	28	33	63	9	25	69	55	8	7	3	30	64	8	57	97	17	65	74	33	61	96	33	88	7	99	11	42	39	62	41	4	96	20	79	44	92	41	46	56	86	94	4	51	28	65	13	77	52	83	88	45	52	91	68	
71	37	6	81	54	72	9	94	50	70	34	82	86	42	48	19	13	9	91	7	44	90	36	31	67	23	70	71	13	97	97	86	98	96	4	85	82	84	90	60	2	45	60	59	67	18	53	88	99	50	41	41	100	20	4	63	89	88	94	78	72	94	50	12	51	71	25	14	69	8	73	80	34	11	68	17	19	54	92	100	60	22	0	1	65	49	84	6	84	31	58	34	90	63	11	90	74	9	5	35	88	14	53	42	5	37	71	38	28	56	32	35	31	47	86	33	78	81	66	7	47	47	15	4	14	41	29	26	43	81	8	1	70	91	74	22	38	47	26	49	70	69	14	71	92	6	16	32	34	93	
28	27	54	40	95	21	76	95	33	40	8	62	25	27	25	20	44	72	98	80	100	21	29	44	5	62	100	52	32	29	74	77	39	31	56	65	55	83	51	94	22	45	60	54	96	76	27	63	52	10	17	15	48	68	52	65	93	14	98	26	79	78	18	89	82	40	1	60	80	56	56	76	29	37	85	97	18	2	86	100	62	3	1	0	72	52	25	69	93	32	72	2	17	28	98	26	14	38	80	41	43	25	49	59	74	44	94	33	27	5	35	58	80	13	75	20	34	36	61	33	5	4	23	23	40	55	8	56	79	62	20	77	80	5	63	49	79	95	71	89	41	8	1	71	3	30	66	19	69	40	
11	83	21	90	49	31	68	9	92	80	91	6	8	85	69	26	5	55	53	89	58	22	47	50	30	74	88	82	19	38	86	35	38	26	33	45	58	39	48	1	92	3	13	17	100	23	58	64	26	32	16	16	38	23	93	46	65	17	23	4	18	34	40	55	8	13	25	50	57	26	40	43	47	50	33	15	47	61	38	38	42	29	65	72	0	33	24	93	82	20	39	12	61	20	57	95	97	89	38	61	36	50	6	33	48	33	67	13	41	74	55	10	73	33	12	71	32	97	33	70	56	71	82	62	76	19	99	82	30	69	93	38	47	18	29	96	46	33	1	48	81	41	68	87	99	56	46	53	68	82	
44	30	39	12	85	92	16	39	10	59	80	46	44	36	65	29	19	98	52	43	35	78	6	40	42	14	61	41	16	63	43	75	18	74	52	41	22	17	63	13	10	34	89	42	42	45	2	3	21	6	67	34	68	1	23	48	100	16	87	3	5	2	87	36	79	11	10	13	74	67	43	27	9	83	100	42	8	8	1	100	60	89	49	52	33	0	68	45	59	42	81	71	25	65	93	32	91	37	37	52	85	83	31	60	72	83	47	64	93	35	78	24	3	7	97	43	20	24	10	25	58	24	87	65	16	25	31	29	10	28	26	17	84	99	99	17	79	86	87	99	96	23	63	72	55	13	6	86	15	34	
70	99	33	85	79	2	15	75	41	3	88	72	2	100	85	18	16	43	54	61	78	3	98	78	93	100	39	49	6	99	19	47	13	34	44	59	2	24	83	95	24	42	90	84	67	90	36	81	81	52	24	77	26	84	82	35	14	65	49	79	90	18	21	90	28	64	24	82	71	73	9	39	96	88	44	14	55	90	29	38	47	18	84	25	24	68	0	22	17	23	31	52	22	8	7	14	93	20	98	48	70	98	33	33	23	23	67	39	4	61	54	49	18	85	62	72	40	34	61	76	95	60	100	53	1	19	92	21	76	24	65	16	96	1	87	13	34	91	10	74	10	43	43	4	12	34	31	87	14	46	
89	42	24	43	80	42	62	77	53	30	85	52	10	93	54	34	12	52	2	51	57	17	61	56	41	36	80	95	49	55	11	80	18	74	49	30	81	16	82	85	17	65	13	24	33	10	59	93	80	63	81	96	53	59	52	74	47	83	75	70	32	35	53	72	35	22	87	93	38	67	73	40	95	2	100	27	65	83	70	38	17	14	6	69	93	45	22	0	64	57	30	46	94	61	42	47	36	13	63	64	30	37	93	18	74	96	71	17	54	65	35	91	51	42	5	10	20	44	65	100	8	28	26	29	66	44	36	81	2	56	68	46	92	83	11	64	45	17	20	63	99	43	78	65	46	89	45	89	88	90	
23	89	82	25	26	24	23	75	47	62	88	91	91	70	52	64	59	81	44	46	51	37	82	39	69	33	92	21	16	97	27	53	76	76	72	54	92	14	76	62	83	72	83	100	100	65	51	79	85	2	7	44	69	83	62	13	8	7	16	33	86	39	48	56	98	19	95	38	8	44	38	3	5	50	2	85	52	94	11	46	5	86	84	93	82	59	17	64	0	100	39	32	29	19	57	59	31	57	61	95	100	41	88	5	19	44	38	60	88	34	62	66	64	83	17	99	80	48	55	16	73	6	22	49	44	45	81	6	44	24	47	22	37	28	68	77	3	10	59	21	34	98	54	35	85	82	51	59	32	26	
26	99	5	98	58	75	65	71	61	26	30	51	69	16	94	93	10	68	80	42	40	61	31	87	42	30	28	62	29	4	97	45	76	3	33	75	15	56	28	85	57	45	97	45	20	84	96	4	26	93	43	7	65	15	19	4	5	28	66	57	6	81	8	1	29	91	76	88	98	12	5	60	79	48	81	88	98	72	89	48	58	77	31	32	20	42	23	57	100	0	23	43	66	89	60	47	6	4	27	98	70	9	18	72	37	79	38	45	90	100	100	66	58	63	11	73	20	87	22	81	3	27	46	34	4	100	54	53	90	96	17	84	54	32	43	1	50	68	24	33	29	26	54	11	40	76	45	45	48	22	
79	76	70	71	92	98	95	80	98	93	29	2	75	26	42	62	29	25	28	16	41	97	14	40	43	31	45	4	94	61	91	25	20	8	33	2	98	32	90	92	9	66	13	76	77	79	88	77	67	18	49	94	97	12	34	16	46	29	53	60	85	54	33	43	49	54	71	15	97	49	45	40	15	45	59	81	33	27	52	14	50	56	58	72	39	81	31	30	39	23	0	7	94	99	27	52	76	83	43	88	4	81	53	16	72	70	61	7	76	36	9	48	24	98	16	30	45	41	87	67	98	6	67	70	1	36	6	97	78	28	34	34	39	9	7	20	21	21	80	84	38	33	45	8	91	68	78	63	95	96	
56	93	56	19	4	33	51	5	21	80	97	61	87	54	83	68	52	8	10	74	79	16	2	35	78	61	97	99	83	80	32	33	71	2	83	41	79	33	29	27	25	25	54	23	22	7	79	92	91	30	13	20	11	36	25	71	16	4	53	88	57	39	96	51	4	70	61	71	12	90	38	69	93	84	20	81	38	45	76	11	21	18	34	2	12	71	52	46	32	43	7	0	11	30	9	60	78	59	47	41	37	13	12	25	73	19	43	20	86	64	88	71	22	30	66	23	52	66	65	40	68	3	3	53	24	86	78	73	32	10	47	18	30	31	1	89	44	53	39	34	23	22	48	13	69	27	81	1	69	91	
58	48	13	14	41	1	43	39	3	99	68	82	94	51	54	98	23	98	58	98	18	26	91	69	87	27	17	67	64	1	30	15	95	52	100	48	90	96	22	92	30	24	100	83	3	13	65	50	81	11	80	70	9	83	99	92	77	76	84	88	71	40	11	25	13	46	49	51	63	85	96	86	55	96	66	42	47	12	86	80	52	90	90	17	61	25	22	94	29	66	94	11	0	67	9	62	24	6	40	41	91	92	33	15	46	62	19	27	57	30	29	43	34	24	82	8	100	38	66	18	73	46	76	38	86	9	31	80	48	94	62	4	37	31	93	68	9	56	5	98	29	70	15	18	47	6	8	71	75	81	
94	3	55	64	31	76	75	83	70	47	49	50	66	55	64	33	31	15	99	51	11	68	64	20	15	38	22	42	45	62	86	87	34	54	12	2	24	73	25	84	20	36	9	83	9	1	26	36	35	96	96	47	3	98	38	76	50	48	20	78	78	90	71	64	64	23	73	60	41	1	23	67	74	88	26	25	35	20	75	17	69	50	63	28	20	65	8	61	19	89	99	30	67	0	79	50	53	30	95	98	29	26	90	62	88	23	34	92	55	36	96	80	61	68	83	17	88	22	78	97	64	60	68	70	95	30	26	59	40	76	22	21	26	10	67	28	71	93	85	77	42	99	18	85	15	79	37	54	13	5	
58	5	22	20	45	84	62	50	15	77	38	67	97	38	80	55	74	24	58	80	70	42	78	15	80	42	35	36	69	97	78	50	10	66	18	1	60	9	3	21	88	20	26	20	35	22	15	2	58	85	50	40	93	97	87	56	15	17	72	33	80	6	81	30	8	8	85	34	100	79	68	66	57	71	67	26	73	19	97	35	74	31	11	98	57	93	7	42	57	60	27	9	9	79	0	46	60	72	6	62	31	43	57	49	59	23	1	29	44	94	15	1	47	19	74	86	4	35	39	60	37	74	76	32	47	22	32	40	100	53	6	35	9	41	25	79	40	49	29	5	1	17	10	28	69	34	85	89	75	71	
3	76	41	81	41	98	13	62	89	2	31	39	84	62	73	8	77	60	64	19	28	43	87	90	93	57	6	24	80	43	32	82	66	30	42	67	39	38	46	73	67	87	15	41	53	80	96	89	42	13	61	68	24	6	68	17	95	9	9	80	92	86	96	13	31	95	3	3	51	62	4	2	24	100	86	74	6	95	71	9	13	83	90	26	95	32	14	47	59	47	52	60	62	50	46	0	1	53	3	60	88	39	62	65	74	11	91	1	25	11	27	79	22	77	80	48	27	77	61	79	98	13	63	6	44	54	99	93	49	21	66	79	83	46	37	63	56	35	27	1	74	88	43	14	61	98	70	38	64	54	
64	66	57	52	22	93	77	5	8	10	63	27	13	45	46	1	70	54	49	23	30	69	70	100	11	32	94	37	1	37	49	20	95	65	17	5	64	63	85	32	76	9	93	49	22	23	49	86	36	87	35	90	15	14	47	56	16	35	94	44	14	70	89	2	77	75	69	56	69	74	30	33	44	23	1	59	83	18	77	10	7	28	74	14	97	91	93	36	31	6	76	78	24	53	60	1	0	60	71	32	47	78	44	79	58	12	12	42	85	28	93	36	49	3	8	30	85	14	89	99	48	8	46	46	26	50	57	55	54	63	55	59	50	12	79	60	48	19	75	60	24	100	15	63	25	60	96	3	96	10	
87	8	72	48	90	1	77	7	31	58	34	67	70	39	42	99	51	79	69	23	74	21	90	61	72	95	94	84	29	67	50	2	59	22	76	58	39	7	83	56	33	34	65	39	66	1	95	72	96	30	30	94	13	55	22	17	96	15	71	37	78	74	78	28	76	62	62	77	15	61	21	84	86	6	1	17	87	97	58	80	87	33	9	38	89	37	20	13	57	4	83	59	6	30	72	53	60	0	53	24	46	42	7	69	6	76	26	21	11	100	89	81	3	47	62	96	24	54	35	8	50	82	12	57	25	40	23	76	96	17	72	10	87	65	64	44	13	20	92	53	33	5	10	26	17	10	92	70	27	87	
13	49	23	84	49	85	69	54	90	39	96	53	7	62	32	79	82	3	87	92	88	32	18	18	98	34	96	6	42	21	65	35	72	10	13	77	17	61	26	84	67	34	95	31	67	77	39	1	13	88	4	52	45	21	92	48	28	49	40	12	5	6	61	55	40	22	27	98	4	38	29	11	91	81	37	26	70	28	34	34	47	63	5	80	38	37	98	63	61	27	43	47	40	95	6	3	71	53	0	44	50	31	86	39	82	50	71	56	68	10	25	39	96	50	93	59	18	79	34	17	56	6	72	18	47	60	49	62	7	8	84	62	5	68	40	35	41	7	17	32	96	21	37	7	28	59	10	66	85	36	
61	98	96	18	88	50	65	80	31	100	83	57	64	83	20	39	56	91	65	32	36	1	78	75	96	89	63	47	80	28	53	40	23	9	37	22	69	52	5	37	29	67	27	69	15	95	47	44	20	42	74	26	58	81	72	55	84	61	99	59	21	50	4	4	32	49	2	77	54	17	2	88	25	77	4	88	88	75	55	42	41	9	35	41	61	52	48	64	95	98	88	41	41	98	62	60	32	24	44	0	90	51	70	96	99	84	84	69	23	13	38	31	11	12	18	20	88	94	83	52	74	27	28	9	37	41	87	18	64	30	69	41	72	63	78	14	45	54	4	67	10	6	69	73	99	28	88	44	22	26	
88	100	53	64	68	72	27	21	60	83	23	4	87	7	93	6	46	64	55	24	45	24	15	83	16	71	53	65	9	45	97	2	54	10	48	59	51	29	97	41	77	100	96	97	81	70	81	63	99	14	27	27	37	25	74	18	58	74	94	39	25	84	24	2	66	76	12	82	40	10	44	72	66	94	80	63	86	92	1	15	27	25	88	43	36	85	70	30	100	70	4	37	91	29	31	88	47	46	50	90	0	91	85	35	17	27	51	93	32	36	8	71	67	84	81	80	9	4	49	69	2	96	78	1	24	44	21	79	76	8	86	86	99	94	15	58	82	77	13	57	55	4	56	44	60	99	1	98	1	46	
21	45	81	90	1	30	64	73	71	63	65	25	6	90	64	54	81	80	54	50	83	72	28	36	23	74	89	70	60	62	65	80	5	44	32	98	27	26	35	71	64	36	81	13	59	37	27	18	80	13	50	99	51	44	48	67	20	39	37	6	43	62	45	82	96	72	9	82	3	39	40	10	43	95	85	85	38	82	96	93	39	69	14	25	50	83	98	37	41	9	81	13	92	26	43	39	78	42	31	51	91	0	100	33	45	75	86	4	1	52	39	81	57	94	97	37	67	60	65	36	69	87	62	25	69	34	66	93	99	9	11	58	31	5	43	92	35	10	68	43	27	85	71	100	79	17	10	45	33	28	
44	29	72	19	83	94	4	76	77	8	93	88	59	51	15	12	6	41	33	20	68	10	61	42	42	74	5	92	56	24	62	92	45	76	57	24	89	85	61	66	37	98	14	19	53	37	73	14	99	31	80	20	44	43	89	6	50	52	4	27	23	66	46	71	10	1	64	61	71	68	90	35	46	82	35	100	74	67	17	97	8	55	53	49	6	31	33	93	88	18	53	12	33	90	57	62	44	7	86	70	85	100	0	35	94	67	57	23	13	59	40	19	32	42	63	81	9	50	64	71	38	92	33	31	22	8	46	38	64	17	9	31	3	24	82	38	86	32	78	50	17	57	10	78	3	82	8	43	77	59	
1	89	98	54	25	15	5	81	31	28	57	64	18	24	95	85	78	47	65	16	57	67	80	33	65	57	29	13	38	81	9	6	78	7	3	31	84	7	43	41	46	27	43	86	13	50	58	4	68	34	31	22	13	57	55	57	63	70	59	30	63	52	31	21	98	57	18	33	22	44	11	92	67	68	91	5	66	84	16	90	9	8	42	59	33	60	33	18	5	72	16	25	15	62	49	65	79	69	39	96	35	33	35	0	73	15	27	7	59	12	66	73	76	7	97	85	24	19	80	17	79	61	70	56	31	58	17	19	5	79	84	83	74	23	12	14	24	55	79	73	100	1	41	1	90	55	27	65	39	98	
18	11	37	26	5	92	73	79	38	89	19	23	33	76	17	44	20	41	6	80	52	39	67	95	87	71	23	47	52	61	57	65	61	1	42	33	34	87	92	54	27	9	50	10	17	71	4	37	85	86	50	85	63	41	23	3	17	93	77	24	74	10	19	92	58	54	88	67	12	34	53	41	14	60	49	94	34	12	59	74	82	7	5	74	48	72	23	74	19	37	72	73	46	88	59	74	58	6	82	99	17	45	94	73	0	30	12	47	76	64	67	87	23	42	85	97	7	13	81	17	11	4	55	54	15	82	23	89	28	68	62	45	5	78	74	25	57	55	93	26	60	90	65	43	18	34	14	93	89	100	
23	68	47	10	77	65	18	95	90	20	4	85	73	92	45	43	66	67	49	57	85	45	16	79	46	61	96	76	33	71	3	22	99	68	37	31	54	82	8	66	55	85	75	100	43	26	60	49	17	6	69	89	72	17	53	39	88	92	26	74	43	73	57	15	29	63	95	32	17	2	42	75	85	71	6	40	24	98	66	100	53	3	37	44	33	83	23	96	44	79	70	19	62	23	23	11	12	76	50	84	27	75	67	15	30	0	43	86	87	67	78	3	96	88	54	50	77	84	74	73	57	39	68	39	39	5	31	58	4	67	17	83	74	18	55	46	65	84	78	85	29	92	30	50	81	50	5	98	27	35	
53	7	66	92	75	20	61	31	71	61	76	13	30	67	89	16	1	49	80	15	52	3	26	11	12	6	69	10	29	94	15	27	90	32	2	86	10	86	76	78	29	27	78	58	32	68	69	40	62	21	88	77	99	28	60	63	44	62	72	69	9	32	4	39	10	55	49	39	29	26	79	66	53	5	1	56	98	18	43	69	18	30	71	94	67	47	67	71	38	38	61	43	19	34	1	91	12	26	71	84	51	86	57	27	12	43	0	47	9	23	32	7	100	20	50	84	30	44	10	96	86	55	39	9	11	88	68	62	77	11	86	80	87	90	50	83	6	54	91	70	65	60	78	50	46	36	69	62	100	61	
11	1	37	80	9	90	97	49	50	75	21	17	17	52	84	51	47	65	20	19	94	80	35	49	18	52	80	32	56	34	89	29	74	47	26	79	15	79	78	85	1	76	92	5	82	64	48	70	76	65	42	8	12	62	51	18	90	69	71	72	86	87	59	72	76	35	33	86	24	68	2	45	1	2	5	62	12	82	80	8	81	64	38	33	13	64	39	17	60	45	7	20	27	92	29	1	42	21	56	69	93	4	23	7	47	86	47	0	73	10	16	14	19	25	57	17	58	75	47	64	75	81	44	64	73	63	38	94	98	94	95	3	98	31	9	20	30	30	36	46	3	35	3	38	64	14	87	96	57	33	
49	71	57	5	58	40	52	98	92	1	90	28	27	81	78	87	48	67	97	5	21	9	43	100	48	76	42	63	3	46	23	32	45	5	71	60	46	5	6	28	9	95	87	62	17	47	25	80	78	40	21	40	89	77	27	25	25	80	8	100	97	66	82	90	49	61	7	24	34	35	31	14	87	81	16	92	92	22	94	4	94	8	28	27	41	93	4	54	88	90	76	86	57	55	44	25	85	11	68	23	32	1	13	59	76	87	9	73	0	70	53	62	6	55	14	100	90	77	79	22	82	24	32	78	48	46	63	77	72	43	71	48	54	24	3	97	35	50	41	33	88	83	33	71	50	32	68	77	48	35	
23	90	75	12	36	37	26	2	36	1	51	56	28	42	33	81	26	1	10	14	87	24	70	75	56	27	84	96	75	70	98	26	3	81	58	18	1	11	56	29	18	73	10	87	25	52	19	72	61	48	38	97	28	29	65	3	45	90	87	12	92	4	14	48	54	70	17	49	13	20	1	2	48	5	41	51	57	3	21	68	50	57	56	5	74	35	61	65	34	100	36	64	30	36	94	11	28	100	10	13	36	52	59	12	64	67	23	10	70	0	70	41	21	19	72	36	74	69	54	42	23	73	48	56	85	90	18	53	63	98	85	86	63	9	56	38	92	60	95	86	57	81	19	17	84	53	58	54	80	13	
91	41	48	94	76	87	65	60	89	25	55	22	65	68	21	37	94	76	33	82	43	75	19	99	40	39	36	66	98	54	20	75	41	65	19	93	39	57	12	68	48	29	14	29	77	97	7	34	98	98	47	29	67	98	97	7	5	66	75	39	61	45	61	38	40	86	6	47	53	32	24	85	57	15	47	33	8	94	37	25	78	97	32	35	55	78	54	35	62	100	9	88	29	96	15	27	93	89	25	38	8	39	40	66	67	78	32	16	53	70	0	40	69	41	9	6	71	46	59	50	54	35	26	35	52	83	97	34	83	99	98	46	37	5	7	76	29	64	77	70	18	48	39	65	18	36	84	48	73	62	
81	51	31	54	5	36	20	9	85	29	12	69	78	79	53	63	84	64	100	15	31	95	33	96	30	7	82	14	23	95	40	41	91	49	68	24	67	68	61	82	72	20	80	48	26	23	33	13	45	34	34	38	77	92	93	30	44	15	35	56	72	47	84	97	21	45	79	35	56	24	95	40	47	99	59	77	23	49	5	93	84	17	35	58	10	24	49	91	66	66	48	71	43	80	1	79	36	81	39	31	71	81	19	73	87	3	7	14	62	41	40	0	55	95	35	35	3	44	60	44	19	76	74	24	79	45	44	15	28	19	69	70	77	69	39	20	66	1	65	37	33	91	39	61	55	13	80	35	36	11	
100	50	73	71	95	52	38	10	73	10	4	22	83	21	37	5	29	62	82	24	55	8	89	31	21	53	29	37	27	25	19	50	97	40	25	32	37	22	62	58	58	87	26	54	71	58	15	35	52	91	66	29	18	28	43	17	66	27	15	80	92	23	57	15	39	35	20	60	77	50	98	67	40	89	51	26	18	33	48	69	88	65	31	80	73	3	18	51	64	58	24	22	34	61	47	22	49	3	96	11	67	57	32	76	23	96	100	19	6	21	69	55	0	76	10	38	85	95	7	43	65	14	52	85	87	13	37	17	58	100	50	67	49	70	60	33	61	43	71	95	89	89	58	10	44	29	84	75	90	47	
38	10	16	30	58	47	85	59	79	84	3	14	48	13	80	97	54	30	37	55	78	88	30	68	28	90	45	6	4	20	82	6	54	5	1	89	81	70	37	19	72	20	11	53	17	96	77	18	74	60	85	1	58	49	39	34	1	87	90	8	85	42	84	6	39	78	28	50	52	50	26	11	72	16	70	69	12	41	23	90	51	74	47	13	33	7	85	42	83	63	98	30	24	68	19	77	3	47	50	12	84	94	42	7	42	88	20	25	55	19	41	95	76	0	40	37	57	91	12	41	45	85	16	98	17	47	56	10	36	73	40	36	32	62	59	66	38	78	54	80	31	15	4	5	50	76	34	14	13	82	
33	20	85	63	88	56	22	84	79	49	95	100	56	86	88	82	24	51	33	37	64	43	52	51	79	19	12	81	96	25	42	73	84	30	40	63	21	19	43	40	60	9	37	78	84	19	36	32	86	66	29	90	44	40	57	77	47	4	48	13	89	82	97	55	88	59	40	35	85	63	51	3	70	47	61	5	58	77	33	69	30	33	86	75	12	97	62	5	17	11	16	66	82	83	74	80	8	62	93	18	81	97	63	97	85	54	50	57	14	72	9	35	10	40	0	31	17	56	25	78	68	75	91	26	50	19	99	35	65	20	5	94	52	69	43	49	79	5	31	76	33	53	83	91	5	74	61	13	24	76	
50	28	31	27	5	69	80	79	48	16	62	83	60	25	27	91	80	27	60	62	67	28	43	38	56	90	23	38	26	48	27	7	14	29	100	45	72	34	53	64	3	72	59	11	62	54	56	21	89	58	94	12	80	13	100	44	63	57	22	36	29	17	15	17	39	59	12	50	58	1	60	34	38	63	52	9	92	8	23	60	20	61	33	20	71	43	72	10	99	73	30	23	8	17	86	48	30	96	59	20	80	37	81	85	97	50	84	17	100	36	6	35	38	37	31	0	89	80	42	2	76	54	99	80	50	51	21	19	74	84	27	85	100	64	11	9	99	45	50	79	13	93	11	90	67	65	67	89	81	2	
29	52	9	72	85	20	29	28	43	87	20	32	75	62	53	57	80	23	12	30	42	37	78	20	35	68	36	52	37	57	49	63	82	68	28	97	60	10	30	89	78	69	10	50	32	5	21	62	41	70	98	80	76	49	46	13	38	66	96	62	69	41	78	82	73	92	88	84	29	12	56	80	100	75	11	25	87	78	34	16	74	96	78	34	32	20	40	20	80	20	45	52	100	88	4	27	85	24	18	88	9	67	9	24	7	77	30	58	90	74	71	3	85	57	17	89	0	45	17	46	70	31	33	16	85	75	71	79	37	20	18	77	3	55	99	17	59	5	73	60	81	44	59	73	65	70	8	90	40	44	
12	11	72	93	17	33	25	57	26	26	100	92	98	88	9	33	48	56	57	48	63	24	5	76	54	10	99	88	17	91	19	49	87	21	67	56	80	23	66	83	5	16	70	16	64	48	55	18	44	9	51	49	15	81	4	72	63	6	62	98	87	54	75	6	34	70	85	82	82	18	88	38	27	56	35	63	71	43	30	78	80	33	81	36	97	24	34	44	48	87	41	66	38	22	35	77	14	54	79	94	4	60	50	19	13	84	44	75	77	69	46	44	95	91	56	80	45	0	9	77	40	71	54	67	85	39	60	86	65	90	28	87	21	95	8	40	70	6	38	70	79	51	53	13	27	84	76	50	45	44	
85	78	89	50	38	68	62	45	40	8	72	24	38	12	72	53	11	17	55	15	81	83	7	81	46	7	69	78	53	60	97	75	72	67	66	23	14	56	47	60	34	91	50	36	27	27	94	93	68	96	72	14	46	67	20	48	53	64	88	89	28	56	7	70	47	23	44	77	40	12	7	81	96	93	63	59	61	52	15	21	18	88	66	61	33	10	61	65	55	22	87	65	66	78	39	61	89	35	34	83	49	65	64	80	81	74	10	47	79	54	59	60	7	12	25	42	17	9	0	56	41	30	42	41	21	51	39	48	69	16	11	72	20	32	29	15	91	61	48	74	37	30	24	23	24	100	50	25	46	54	
59	3	32	6	40	14	80	98	40	68	73	21	34	62	75	66	57	53	79	8	74	2	18	22	13	18	19	43	93	52	80	8	48	85	99	64	81	23	81	57	25	48	94	42	39	40	6	21	81	71	4	33	34	51	53	46	89	69	90	60	46	61	32	17	21	44	38	31	74	30	100	95	29	33	15	46	22	46	67	34	1	7	7	33	70	25	76	100	16	81	67	40	18	97	60	79	99	8	17	52	69	36	71	17	17	73	96	64	22	42	50	44	43	41	78	2	46	77	56	0	61	5	46	49	81	28	12	6	65	9	63	9	23	29	89	30	86	40	28	25	55	9	35	100	96	33	42	72	67	88	
23	74	27	17	79	75	54	43	57	87	51	65	89	3	3	45	87	5	67	58	92	5	31	22	22	88	79	67	42	55	22	3	85	69	100	100	24	55	33	6	36	75	39	57	27	5	71	99	85	82	66	2	53	65	26	28	80	80	8	99	48	44	3	76	5	48	22	38	41	61	1	44	62	27	11	95	11	70	20	17	35	99	47	5	56	58	95	8	73	3	98	68	73	64	37	98	48	50	56	74	2	69	38	79	11	57	86	75	82	23	54	19	65	45	68	76	70	40	41	61	0	79	24	14	52	65	100	27	71	26	24	53	98	99	33	51	47	51	68	77	87	6	55	5	100	91	7	39	91	67	
8	46	45	12	43	43	55	76	24	50	24	3	34	22	34	2	52	9	96	64	73	52	35	58	33	70	7	72	65	11	95	29	34	81	87	28	30	15	7	91	66	64	79	51	68	51	59	77	48	89	33	88	95	53	80	89	86	13	40	8	25	22	45	33	2	23	24	72	85	83	25	1	33	48	26	35	29	25	34	13	40	11	47	4	71	24	60	28	6	27	6	3	46	60	74	13	8	82	6	27	96	87	92	61	4	39	55	81	24	73	35	76	14	85	75	54	31	71	30	5	79	0	98	88	56	31	65	31	38	100	1	66	56	62	31	80	76	15	80	47	31	12	14	15	69	45	80	99	95	77	
89	77	93	31	74	7	84	51	83	25	11	41	93	6	39	75	80	96	68	35	93	86	40	85	96	7	93	82	21	84	65	25	63	54	16	48	22	68	5	21	84	13	77	39	11	92	45	90	95	50	32	51	99	100	1	14	78	33	85	79	96	62	31	50	80	85	32	96	75	30	62	54	21	31	58	96	46	4	81	26	19	42	15	23	82	87	100	26	22	46	67	3	76	68	76	63	46	12	72	28	78	62	33	70	55	68	39	44	32	48	26	74	52	16	91	99	33	54	42	46	24	98	0	88	32	18	100	71	28	49	68	73	50	82	24	94	82	65	32	76	30	86	74	42	18	80	30	24	59	9	
63	87	27	36	70	86	49	53	27	8	16	98	97	77	10	56	75	45	21	60	75	29	36	82	78	80	40	58	85	86	85	72	96	16	75	59	92	67	54	67	7	92	11	35	45	61	39	45	7	43	35	12	55	29	39	74	93	97	66	38	61	35	86	12	87	24	72	74	44	53	90	81	99	57	71	44	54	10	57	22	11	39	4	23	62	65	53	29	49	34	70	53	38	70	32	6	46	57	18	9	1	25	31	56	54	39	9	64	78	56	35	24	85	98	26	80	16	67	41	49	14	88	88	0	64	99	32	72	16	99	96	77	3	24	24	48	36	66	12	44	38	100	81	41	68	27	26	48	8	18	
48	24	55	14	82	68	49	56	8	87	44	45	5	56	5	12	26	73	34	90	95	31	32	37	39	57	44	82	6	51	81	86	47	68	85	6	30	76	56	61	7	90	26	72	94	77	45	3	41	46	88	83	93	37	23	51	52	27	26	30	34	5	87	94	47	50	2	34	98	11	85	91	39	68	25	59	56	67	83	51	66	62	14	40	76	16	1	66	44	4	1	24	86	95	47	44	26	25	47	37	24	69	22	31	15	39	11	73	48	85	52	79	87	17	50	50	85	85	21	81	52	56	32	64	0	97	58	76	9	3	8	49	83	22	41	46	20	91	44	78	19	68	64	1	10	100	69	76	7	56	
95	64	1	1	65	39	22	84	48	89	85	98	75	92	100	39	96	79	29	97	36	10	28	40	21	66	13	9	52	46	79	45	70	22	15	63	69	61	96	9	82	23	75	50	83	13	71	88	22	47	98	18	63	41	53	79	20	93	98	27	51	29	82	67	86	11	48	2	10	89	57	87	21	73	70	39	79	79	22	39	63	41	41	55	19	25	19	44	45	100	36	86	9	30	22	54	50	40	60	41	44	34	8	58	82	5	88	63	46	90	83	45	13	47	19	51	75	39	51	28	65	31	18	99	97	0	21	50	67	64	95	81	10	71	22	37	30	19	81	52	3	73	1	22	10	52	40	83	92	47	
54	97	27	22	34	61	21	79	75	19	40	63	24	37	24	49	21	31	58	94	79	20	78	96	14	35	72	65	15	77	28	49	71	67	27	9	72	95	16	76	95	57	12	87	46	89	82	7	26	10	37	4	89	26	66	42	44	81	90	17	82	50	12	99	14	93	9	8	34	87	67	17	19	91	91	77	100	10	37	11	51	4	29	8	99	31	92	36	81	54	6	78	31	26	32	99	57	23	49	87	21	66	46	17	23	31	68	38	63	18	97	44	37	56	99	21	71	60	39	12	100	65	100	32	58	21	0	65	38	99	39	8	40	3	61	4	38	6	18	33	21	20	57	91	51	72	17	20	55	68	
73	40	23	29	85	44	55	71	70	65	37	62	44	26	33	32	72	38	11	71	52	79	51	46	79	52	33	72	23	51	11	29	41	76	63	21	21	79	34	28	71	29	94	97	21	32	31	96	77	84	75	23	50	77	97	17	60	27	33	36	15	87	15	43	42	66	19	44	50	77	29	42	63	37	77	18	90	43	61	80	1	96	26	56	82	29	21	81	6	53	97	73	80	59	40	93	55	76	62	18	79	93	38	19	89	58	62	94	77	53	34	15	17	10	35	19	79	86	48	6	27	31	71	72	76	50	65	0	54	49	12	55	55	64	84	17	34	88	11	71	28	57	29	84	8	50	12	2	33	88	
42	88	46	65	52	22	10	53	74	73	8	18	27	82	95	93	4	35	25	27	84	39	46	99	56	65	7	25	27	14	33	76	23	22	46	22	25	61	55	20	30	98	64	96	69	10	63	76	68	59	96	19	13	44	83	55	66	17	93	71	29	21	27	23	40	11	30	93	98	48	58	65	54	1	75	88	44	7	9	53	14	20	43	79	30	10	76	2	44	90	78	32	48	40	100	49	54	96	7	64	76	99	64	5	28	4	77	98	72	63	83	28	58	36	65	74	37	65	69	65	71	38	28	16	9	67	38	54	0	24	89	90	41	69	100	82	93	39	90	53	75	69	25	81	92	8	69	64	55	60	
99	60	92	30	5	88	66	41	82	57	22	42	98	86	94	8	2	99	76	82	43	8	63	22	37	57	97	2	57	21	67	27	88	23	75	61	23	83	30	39	95	88	37	26	93	12	43	68	24	67	59	43	4	16	17	60	1	63	95	4	31	40	19	89	14	21	56	43	41	16	50	61	35	95	90	20	19	29	65	55	72	79	81	62	69	28	24	56	24	96	28	10	94	76	53	21	63	17	8	30	8	9	17	79	68	67	11	94	43	98	99	19	100	73	20	84	20	90	16	9	26	100	49	99	3	64	99	49	24	0	22	37	61	6	45	65	47	96	68	96	56	19	61	31	84	59	73	41	17	20	
47	7	14	8	84	76	2	69	87	24	69	12	30	88	33	52	94	14	63	46	93	55	27	95	40	27	12	28	99	21	75	34	92	89	39	34	43	45	82	83	36	22	87	1	87	86	16	68	83	64	43	84	57	20	84	73	42	37	33	13	58	14	12	33	6	5	33	61	12	91	31	55	7	7	18	52	14	61	56	72	70	44	8	20	93	26	65	68	47	17	34	47	62	22	6	66	55	72	84	69	86	11	9	84	62	17	86	95	71	85	98	69	50	40	5	27	18	28	11	63	24	1	68	96	8	95	39	12	89	22	0	85	49	34	59	41	22	13	46	91	58	61	13	70	46	71	5	55	54	80	
19	75	23	23	56	39	62	100	11	73	12	66	3	90	60	15	43	1	50	40	45	14	37	40	65	33	78	64	19	72	34	17	63	57	45	27	33	29	30	80	98	25	67	36	80	88	93	77	51	27	71	70	71	87	39	31	46	54	97	22	9	63	99	38	88	28	18	29	74	61	75	38	59	88	39	69	39	42	100	96	31	92	1	77	38	17	16	46	22	84	34	18	4	21	35	79	59	10	62	41	86	58	31	83	45	83	80	3	48	86	46	70	67	36	94	85	77	87	72	9	53	66	73	77	49	81	8	55	90	37	85	0	98	72	33	48	28	47	100	89	37	98	59	15	10	37	46	71	67	47	
11	96	6	85	58	41	34	89	27	80	80	5	25	64	6	71	17	74	35	37	36	38	72	18	54	49	54	98	19	86	95	91	3	64	54	9	89	26	56	37	5	98	8	53	85	25	29	60	41	27	64	76	96	100	55	80	33	86	99	74	32	43	12	23	59	54	86	8	90	44	18	11	34	97	23	28	55	89	98	50	96	41	70	80	47	84	96	92	37	54	39	30	37	26	9	83	50	87	5	72	99	31	3	74	5	74	87	98	54	63	37	77	49	32	52	100	3	21	20	23	98	56	50	3	83	10	40	55	41	61	49	98	0	41	26	92	100	63	83	10	82	76	87	53	82	26	92	78	98	12	
90	55	78	31	3	10	3	73	66	22	4	96	49	47	89	15	65	23	85	62	87	1	42	85	60	4	71	45	16	71	2	98	65	61	70	3	73	34	42	54	92	15	92	74	92	100	94	55	26	35	22	14	95	29	10	10	98	5	87	27	81	36	16	89	8	48	69	66	73	27	75	56	69	63	59	60	37	27	45	23	53	46	91	5	18	99	1	83	28	32	9	31	31	10	41	46	12	65	68	63	94	5	24	23	78	18	90	31	24	9	5	69	70	62	69	64	55	95	32	29	99	62	82	24	22	71	3	64	69	6	34	72	41	0	88	44	1	72	19	3	70	43	96	58	1	6	96	89	70	43	
89	31	25	17	40	2	53	19	26	31	66	47	37	77	21	15	47	6	58	65	89	32	89	20	18	4	86	79	90	71	20	27	71	65	47	90	84	2	45	69	10	39	74	12	92	15	24	83	25	24	5	98	88	34	56	4	10	39	81	1	82	24	17	96	42	3	38	40	42	14	21	50	23	9	93	20	22	83	14	79	13	56	74	63	29	99	87	11	68	43	7	1	93	67	25	37	79	64	40	78	15	43	82	12	74	55	50	9	3	56	7	39	60	59	43	11	99	8	29	89	33	31	24	24	41	22	61	84	100	45	59	33	26	88	0	43	5	80	52	3	7	77	87	86	78	98	55	23	41	85	
40	44	84	75	65	33	72	35	70	61	66	29	85	28	7	78	98	88	10	64	79	74	27	22	99	4	57	50	18	44	46	55	43	98	73	98	86	51	53	91	16	35	94	55	32	18	55	44	9	96	39	15	5	65	65	82	16	40	21	74	56	59	41	89	96	20	47	1	95	25	19	74	32	19	43	25	98	36	57	88	40	86	22	49	96	17	13	64	77	1	20	89	68	28	79	63	60	44	35	14	58	92	38	14	25	46	83	20	97	38	76	20	33	66	49	9	17	40	15	30	51	80	94	48	46	37	4	17	82	65	41	48	92	44	43	0	74	40	60	5	80	67	37	70	75	70	70	34	79	12	
6	82	48	57	25	51	64	91	20	96	20	3	59	33	45	17	12	14	29	74	45	27	13	89	45	35	69	99	86	62	58	70	16	98	38	35	54	46	43	12	79	80	47	55	49	41	83	11	45	54	42	63	4	40	82	20	1	65	39	5	38	56	19	41	64	14	98	1	88	60	25	93	52	72	94	85	4	80	65	73	49	94	38	79	46	79	34	45	3	50	21	44	9	71	40	56	48	13	41	45	82	35	86	24	57	65	6	30	35	92	29	66	61	38	79	99	59	70	91	86	47	76	82	36	20	30	38	34	93	47	22	28	100	1	5	74	0	42	96	39	20	73	50	20	28	12	100	46	54	76	
20	91	17	12	71	28	82	6	55	85	26	27	90	26	2	13	1	76	15	19	24	50	35	80	52	82	15	35	29	70	11	30	90	63	47	86	79	50	88	42	20	56	3	58	40	4	53	69	54	59	35	31	50	11	23	20	62	91	76	12	4	11	54	49	6	3	56	53	81	8	56	27	9	32	43	93	50	47	56	86	48	4	47	95	33	86	91	17	10	68	21	53	56	93	49	35	19	20	7	54	77	10	32	55	55	84	54	30	50	60	64	1	43	78	5	45	5	6	61	40	51	15	65	66	91	19	6	88	39	96	13	47	63	72	80	40	42	0	83	2	42	9	58	3	85	30	84	47	20	35	
88	19	82	47	35	37	95	81	66	28	36	86	62	31	100	75	99	2	1	87	15	27	65	85	88	12	7	62	96	60	75	64	8	20	3	14	49	55	38	64	28	39	1	94	86	78	5	96	10	94	78	50	53	20	63	85	5	58	65	67	81	56	82	9	79	86	30	59	64	55	1	38	46	87	30	42	38	30	84	67	21	51	26	71	1	87	10	20	59	24	80	39	5	85	29	27	75	92	17	4	13	68	78	79	93	78	91	36	41	95	77	65	71	54	31	50	73	38	48	28	68	80	32	12	44	81	18	11	90	68	46	100	83	19	52	60	96	83	0	66	7	35	28	64	41	83	20	23	82	58	
93	79	27	33	54	68	40	53	86	50	73	79	84	53	39	20	23	33	86	20	10	93	20	32	47	88	93	63	21	1	58	73	45	39	70	90	81	12	27	67	79	79	84	80	92	75	58	99	36	20	94	44	1	6	29	86	57	13	60	89	26	75	71	80	62	82	43	25	67	72	56	45	69	9	65	10	13	74	62	21	21	28	49	89	48	99	74	63	21	33	84	34	98	77	5	1	60	53	32	67	57	43	50	73	26	85	70	46	33	86	70	37	95	80	76	79	60	70	74	25	77	47	76	44	78	52	33	71	53	96	91	89	10	3	3	5	39	2	66	0	20	72	84	23	77	43	30	94	39	44	
92	66	23	19	78	20	1	33	10	39	35	58	89	2	97	88	17	44	35	29	30	90	24	73	25	95	8	97	21	83	51	72	28	66	99	97	3	88	36	1	21	78	67	22	90	1	95	46	18	23	21	3	51	8	5	76	33	31	58	55	38	72	9	46	28	81	25	40	100	45	70	97	93	91	97	52	47	5	19	86	30	65	70	41	81	96	10	99	34	29	38	23	29	42	1	74	24	33	96	10	55	27	17	100	60	29	65	3	88	57	18	33	89	31	33	13	81	79	37	55	87	31	30	38	19	3	21	28	75	56	58	37	82	70	7	80	20	42	7	20	0	90	44	88	98	54	46	44	98	22	
34	5	39	57	81	26	40	55	43	43	35	62	15	10	83	36	62	6	14	76	91	67	46	86	47	1	85	68	81	67	43	16	10	34	88	86	71	87	31	15	75	26	2	42	20	5	36	67	5	7	21	70	61	39	46	8	46	56	28	21	25	30	49	34	5	61	53	76	96	50	5	34	27	30	37	31	47	92	89	3	38	13	69	8	41	23	43	43	98	26	33	22	70	99	17	88	100	5	21	6	4	85	57	1	90	92	60	35	83	81	48	91	89	15	53	93	44	51	30	9	6	12	86	100	68	73	20	57	69	19	61	98	76	43	77	67	73	9	35	72	90	0	26	46	78	72	63	38	23	93	
56	29	53	37	60	76	99	78	60	87	95	58	39	11	89	23	32	11	1	12	12	1	32	16	17	78	70	22	96	20	83	45	53	96	69	72	74	58	90	73	75	84	86	40	16	65	61	77	3	52	88	44	76	72	67	23	84	42	36	21	5	13	22	33	72	8	12	18	48	17	31	34	70	22	46	18	22	44	85	90	54	77	14	1	68	63	43	78	54	54	45	48	15	18	10	43	15	10	37	69	56	71	10	41	65	30	78	3	33	19	39	39	58	4	83	11	59	53	24	35	55	14	74	81	64	1	57	29	25	61	13	59	87	96	87	37	50	58	28	84	44	26	0	38	5	8	99	68	66	36	
9	27	89	14	79	94	80	20	72	35	100	98	26	11	94	81	35	36	35	99	45	46	88	55	6	5	8	47	27	88	24	26	25	52	86	56	45	34	41	36	31	68	86	51	48	58	79	29	14	13	61	10	83	4	67	40	64	95	72	44	38	35	66	86	90	43	82	28	76	22	75	97	66	48	52	55	71	90	57	74	4	52	71	71	87	72	4	65	35	11	8	13	18	85	28	14	63	26	7	73	44	100	78	1	43	50	50	38	71	17	65	61	10	5	91	90	73	13	23	100	5	15	42	41	1	22	91	84	81	31	70	15	53	58	86	70	20	3	64	23	88	46	38	0	56	86	74	22	86	47	
51	76	21	99	24	2	94	75	89	92	5	17	17	10	51	86	9	1	2	86	18	67	95	14	89	68	38	63	13	46	26	74	17	74	35	11	91	79	27	13	36	57	40	22	92	4	29	84	57	55	85	6	78	81	39	94	64	66	61	87	46	24	100	79	86	48	12	81	41	53	56	28	84	7	61	94	18	91	53	73	93	83	92	3	99	55	12	46	85	40	91	69	47	15	69	61	25	17	28	99	60	79	3	90	18	81	46	64	50	84	18	55	44	50	5	67	65	27	24	96	100	69	18	68	10	10	51	8	92	84	46	10	82	1	78	75	28	85	41	77	98	78	5	56	0	59	34	95	17	28	
47	43	6	81	82	85	41	69	21	85	31	56	32	13	74	80	99	46	7	3	9	50	96	24	85	53	14	66	82	75	18	24	58	34	37	24	62	60	94	64	6	27	30	49	39	14	61	14	85	95	3	1	81	19	96	89	47	52	58	94	16	94	29	2	33	38	4	81	8	13	59	67	23	24	51	63	36	17	77	27	69	88	6	30	56	13	34	89	82	76	68	27	6	79	34	98	60	10	59	28	99	17	82	55	34	50	36	14	32	53	36	13	29	76	74	65	70	84	100	33	91	45	80	27	100	52	72	50	8	59	71	37	26	6	98	70	12	30	83	43	54	72	8	86	59	0	66	56	23	56	
29	68	53	76	65	87	56	83	51	31	59	38	98	4	11	86	28	50	95	34	9	49	7	98	10	60	95	37	44	60	63	94	32	55	50	15	39	54	50	22	90	7	45	30	81	55	30	8	13	92	17	2	58	18	26	47	3	57	47	46	52	63	37	21	13	91	27	18	60	85	95	66	30	77	52	27	22	81	14	25	69	45	16	66	46	6	31	45	51	45	78	81	8	37	85	70	96	92	10	88	1	10	8	27	14	5	69	87	68	58	84	80	84	34	61	67	8	76	50	42	7	80	30	26	69	40	17	12	69	73	5	46	92	96	55	70	100	84	20	30	46	63	99	74	34	66	0	39	76	29	
68	11	65	20	58	76	55	21	43	83	13	66	85	55	93	26	54	37	36	21	77	54	90	23	5	100	70	57	76	81	42	94	1	93	45	76	46	14	91	86	73	3	95	62	20	85	66	27	20	9	78	41	48	33	50	69	60	10	22	62	19	58	90	80	63	64	21	68	19	19	27	66	75	12	13	57	90	30	82	81	20	52	32	19	53	86	87	89	59	45	63	1	71	54	89	38	3	70	66	44	98	45	43	65	93	98	62	96	77	54	48	35	75	14	13	89	90	50	25	72	39	99	24	48	76	83	20	2	64	41	55	71	78	89	23	34	46	47	23	94	44	38	68	22	95	56	39	0	96	50	
50	92	52	4	3	24	4	85	16	83	95	98	89	41	19	25	53	84	71	88	58	52	20	66	97	25	9	26	60	14	84	22	63	12	61	19	68	27	79	6	78	80	6	81	50	55	28	33	32	44	24	44	50	30	22	76	30	50	50	96	8	10	53	27	83	38	48	80	18	59	99	10	23	38	5	32	65	57	28	50	50	91	34	69	68	15	14	88	32	48	95	69	75	13	75	64	96	27	85	22	1	33	77	39	89	27	100	57	48	80	73	36	90	13	24	81	40	45	46	67	91	95	59	8	7	92	55	33	55	17	54	67	98	70	41	79	54	20	82	39	98	23	66	86	17	23	76	96	0	70	
84	14	27	48	63	19	55	6	11	54	65	42	71	93	36	44	16	2	43	33	88	59	23	8	26	44	11	21	60	31	67	52	8	60	18	20	73	84	22	81	57	66	36	62	78	5	66	67	32	71	85	59	69	89	5	26	30	30	76	63	22	42	72	39	12	34	83	100	93	9	43	88	30	89	98	61	69	19	42	42	30	68	93	40	82	34	46	90	26	22	96	91	81	5	71	54	10	87	36	26	46	28	59	98	100	35	61	33	35	13	62	11	47	82	76	2	44	44	54	88	67	77	9	18	56	47	68	88	60	20	80	47	12	43	85	12	76	35	58	44	22	93	36	47	28	56	29	50	70	0	
