120
0	383	974	281	907	466	464	32	358	772	47	953	262	131	457	795	855	461	434	850	866	291	329	936	138	525	754	712	913	440	452	445	576	894	85	390	895	733	861	356	585	850	777	791	460	719	417	318	63	931	972	462	597	257	842	30	554	156	843	800	987	833	6	537	714	509	308	285	2	505	918	869	368	971	155	122	555	951	439	983	326	349	489	434	363	997	772	827	770	40	273	16	378	89	522	552	431	53	737	334	13	86	914	225	164	886	351	938	69	458	819	629	83	892	881	500	309	430	86	80	
383	0	563	972	860	105	351	305	136	40	567	53	302	179	504	477	811	201	837	427	828	663	775	568	765	753	647	47	644	901	139	868	504	821	653	285	788	11	962	40	664	370	673	189	298	426	74	69	552	925	194	203	953	296	780	1	237	132	969	847	339	149	348	88	426	42	631	629	769	182	58	478	210	566	406	381	548	189	580	486	529	412	611	365	856	270	138	942	180	731	178	402	356	955	688	24	4	782	730	963	419	570	976	267	22	236	61	630	550	314	133	976	582	32	945	681	32	521	465	734	
974	563	0	448	105	42	834	456	305	400	543	534	739	125	23	115	630	75	984	333	644	879	247	791	386	174	788	303	271	156	927	345	257	402	185	114	693	968	111	464	149	820	434	832	191	561	162	903	19	276	364	589	869	435	89	663	492	631	25	964	738	843	424	955	118	845	496	3	518	5	743	266	944	3	187	162	307	30	203	593	665	986	839	456	648	18	555	854	226	687	24	285	161	551	339	86	551	249	794	617	493	376	556	120	882	30	449	468	375	323	354	359	1000	638	2	276	837	19	125	420	
281	972	448	0	378	854	511	971	388	159	849	634	205	791	672	678	650	409	150	880	659	540	796	214	570	713	64	979	656	456	676	379	644	239	55	713	781	133	681	940	850	492	209	487	232	974	880	120	373	146	203	932	474	662	501	9	118	807	628	523	304	455	541	307	629	654	682	221	235	780	883	793	405	14	755	669	288	791	100	561	933	729	941	795	729	548	531	979	665	926	118	201	817	603	510	822	7	111	885	729	44	610	399	651	491	828	63	37	765	257	171	136	724	942	899	52	94	909	478	166	
907	860	105	378	0	980	957	687	748	340	734	422	595	579	99	89	619	479	696	204	8	901	446	326	277	254	181	166	124	952	746	926	889	746	945	935	360	415	269	261	804	750	861	509	586	265	513	28	108	318	134	666	650	315	21	743	142	925	627	780	95	18	741	645	553	61	882	349	35	978	333	619	305	898	867	468	898	641	658	520	13	607	275	153	40	532	113	362	521	608	218	941	992	137	166	760	428	454	501	400	877	492	262	542	251	671	814	921	389	99	245	157	212	827	567	122	89	474	153	8	
466	105	42	854	980	0	828	944	531	202	279	647	437	520	658	543	309	929	792	438	344	128	10	156	862	887	362	687	91	73	419	266	875	797	927	411	518	816	617	237	237	345	868	539	76	251	523	214	368	471	667	416	738	320	550	178	660	379	801	36	724	254	248	411	159	256	433	736	688	466	734	598	497	549	887	620	544	523	135	92	766	954	70	610	549	839	135	369	880	271	978	667	239	460	541	488	634	581	631	729	318	719	397	877	494	683	376	587	412	288	207	769	848	539	785	860	216	411	629	257	
464	351	834	511	957	828	0	985	666	774	452	980	225	809	759	541	707	65	485	704	110	885	120	205	781	664	24	190	737	977	876	981	776	812	358	124	918	265	714	927	60	123	151	93	703	628	921	143	571	191	294	783	255	310	416	93	106	757	98	494	678	822	479	559	148	367	879	296	712	569	507	220	414	874	643	431	53	638	710	961	964	985	490	667	314	152	821	183	546	576	635	117	159	951	448	531	364	114	392	397	223	670	213	629	847	92	394	725	284	847	830	74	446	567	834	571	760	955	126	755	
32	305	456	971	687	944	985	0	686	330	273	259	77	402	856	572	226	701	913	730	965	529	144	717	407	55	754	109	411	327	720	51	665	809	134	656	72	327	629	880	805	137	309	991	871	281	511	911	533	456	578	776	226	936	812	530	839	261	964	127	762	982	861	252	270	31	158	953	883	12	360	351	575	103	391	794	293	58	725	271	13	924	715	887	604	285	1	908	278	884	80	196	513	84	398	60	300	770	185	135	760	50	856	823	669	778	55	787	872	503	81	930	555	631	163	822	13	567	766	484	
358	136	305	388	748	531	666	686	0	92	622	581	908	849	969	280	116	491	776	457	818	423	81	389	369	846	164	420	267	983	287	365	192	206	322	723	750	141	302	597	146	42	313	765	726	265	269	662	851	508	251	28	953	368	345	967	924	866	779	496	169	10	841	863	850	246	654	243	710	522	913	252	37	815	319	582	522	337	288	735	722	174	377	75	436	100	379	101	913	650	521	641	534	417	735	368	488	812	801	227	919	470	122	996	862	331	679	337	346	186	859	890	672	777	20	430	804	738	85	272	
772	40	400	159	340	202	774	330	92	0	16	45	805	872	114	749	600	639	481	807	85	299	1	608	480	292	812	367	881	686	348	707	412	256	742	998	258	972	465	946	200	233	704	59	495	21	764	789	900	478	694	759	113	667	683	873	139	414	640	162	397	941	856	645	445	1	156	980	157	7	770	397	61	469	242	396	671	807	749	938	467	347	550	125	404	426	869	744	851	832	586	420	683	997	839	518	820	725	1	795	460	189	944	378	299	671	381	225	93	72	276	139	429	56	962	56	696	561	104	245	
47	567	543	849	734	279	452	273	622	16	0	200	987	681	701	339	872	672	160	235	836	318	140	663	295	83	953	913	102	898	569	273	542	122	344	746	307	401	400	940	872	108	480	298	359	981	566	717	468	604	946	449	941	938	478	941	221	226	731	969	689	896	685	403	530	774	353	283	844	828	397	304	583	472	866	930	164	567	966	153	274	827	101	589	617	254	129	688	446	53	399	898	633	432	523	659	468	825	279	662	917	995	216	404	501	661	826	174	818	543	14	895	434	636	88	849	16	377	877	511	
953	53	534	634	422	647	980	259	581	45	200	0	340	117	421	428	638	121	661	666	676	578	9	108	973	677	24	840	788	618	632	175	544	500	52	944	443	736	987	484	186	212	435	466	925	914	109	422	144	604	371	494	825	138	743	982	731	443	310	892	26	88	333	446	999	127	586	978	382	6	655	886	983	222	674	826	42	275	16	274	791	545	156	968	708	625	994	938	416	580	97	592	848	295	824	329	111	63	280	662	756	431	722	511	231	592	931	845	419	977	309	743	794	863	608	825	469	190	817	698	
262	302	739	205	595	437	225	77	908	805	987	340	0	452	937	33	884	310	566	241	2	544	509	492	341	883	707	671	647	489	66	932	228	136	435	933	189	35	503	855	551	676	234	348	348	535	153	694	697	51	870	337	703	698	689	512	109	508	97	523	646	590	875	639	359	928	474	143	269	664	736	346	84	177	492	268	578	96	357	585	941	833	886	871	810	244	850	324	744	422	577	616	996	566	580	868	607	581	790	971	5	105	19	63	39	12	109	264	139	72	700	673	441	302	94	683	226	56	729	534	
131	179	125	791	579	520	809	402	849	872	681	117	452	0	5	843	996	61	482	721	692	665	90	69	486	833	254	216	903	81	783	804	404	408	614	368	128	318	774	459	224	926	991	276	389	752	332	337	610	50	486	94	820	8	306	185	74	82	704	892	429	701	134	298	338	13	421	158	374	345	731	424	338	295	208	17	615	977	916	57	314	88	993	463	59	33	805	377	707	757	108	996	661	389	355	590	975	237	575	818	128	201	15	669	908	262	47	662	518	138	863	579	645	686	284	338	994	802	517	908	
457	504	23	672	99	658	759	856	969	114	701	421	937	5	0	945	66	352	897	454	304	694	432	322	19	924	766	942	102	84	553	815	915	43	797	699	90	28	295	315	972	5	272	73	845	121	468	987	906	86	699	689	535	847	928	28	604	916	616	319	353	841	557	347	583	564	812	781	153	715	484	675	83	406	481	159	314	512	327	442	108	396	10	733	329	726	765	916	554	63	257	324	721	405	513	663	209	811	765	413	807	444	315	181	234	30	220	980	359	36	646	790	888	596	405	515	862	923	288	379	
795	477	115	678	89	543	541	572	280	749	339	428	33	843	945	0	740	478	314	277	206	346	373	99	746	46	518	35	925	415	541	770	185	788	251	986	758	484	401	686	7	669	734	218	542	550	961	288	811	335	144	289	896	215	209	865	456	670	135	342	610	580	800	714	9	658	532	182	214	400	759	194	232	894	43	819	634	631	832	620	493	179	78	728	880	12	213	343	918	611	186	55	359	340	852	692	321	447	64	67	664	8	938	483	179	153	189	550	633	407	837	527	60	850	18	755	869	185	696	557	
855	811	630	650	619	309	707	226	116	600	872	638	884	996	66	740	0	785	934	741	685	898	541	275	793	49	331	47	159	666	748	576	897	776	389	692	666	428	868	263	32	96	325	998	786	576	398	323	404	491	997	610	233	582	248	835	512	433	782	952	538	479	508	898	955	960	914	879	679	137	919	56	335	959	874	624	260	336	67	878	955	243	762	335	258	456	510	885	218	258	408	453	541	52	928	248	514	514	336	48	198	506	449	742	741	627	371	705	642	413	753	33	923	633	787	196	345	498	285	129	
461	201	75	409	479	929	65	701	491	639	672	121	310	61	352	478	785	0	222	851	113	28	760	267	793	858	141	767	631	461	247	975	792	970	498	84	286	320	187	535	534	812	428	726	466	747	797	147	287	159	173	621	633	358	346	931	173	543	741	590	375	655	713	214	38	739	493	856	389	287	640	591	403	358	997	201	253	507	16	235	443	919	663	751	304	91	404	244	53	777	162	399	441	670	973	985	650	475	255	321	583	620	73	164	337	168	495	514	974	963	119	754	128	8	923	273	830	683	901	871	
434	837	984	150	696	792	485	913	776	481	160	661	566	482	897	314	934	222	0	634	846	659	458	299	978	659	279	915	648	184	862	68	144	277	230	294	626	265	665	748	412	252	697	632	76	826	227	444	790	526	939	330	695	824	808	254	626	962	785	963	387	391	712	643	883	836	230	916	468	988	735	63	582	655	680	298	193	651	734	976	803	758	664	775	156	730	264	979	96	562	582	745	940	324	878	710	597	360	763	289	86	56	579	7	473	983	13	614	784	551	225	627	619	334	799	816	108	17	26	672	
850	427	333	880	204	438	704	730	457	807	235	666	241	721	454	277	741	851	634	0	602	700	214	589	907	608	680	732	318	478	893	23	920	428	670	196	52	989	938	284	392	621	140	430	638	14	183	980	857	36	999	439	169	104	618	343	776	275	750	773	813	617	77	101	833	776	951	382	329	681	622	996	915	62	304	943	996	349	888	549	825	12	238	142	484	293	424	767	850	996	33	961	587	455	698	794	42	413	982	149	510	90	162	886	367	18	12	400	565	915	915	250	253	41	39	319	277	812	963	605	
866	828	644	659	8	344	110	965	818	85	836	676	2	692	304	206	685	113	846	602	0	859	316	480	561	112	160	604	56	115	523	99	377	308	504	580	74	653	968	408	792	184	546	422	259	37	698	11	264	242	228	720	585	881	722	892	363	132	997	803	286	740	697	183	82	170	772	599	824	29	873	949	479	502	95	732	200	424	591	609	643	117	134	113	347	348	575	380	760	895	950	232	868	260	168	961	113	282	230	864	456	871	260	634	188	599	213	162	217	320	345	529	719	300	378	21	516	814	875	832	
291	663	879	540	901	128	885	529	423	299	318	578	544	665	694	346	898	28	659	700	859	0	280	848	794	986	402	605	879	937	844	98	237	185	666	907	834	239	409	59	802	658	598	675	384	84	820	999	599	948	698	718	797	216	212	481	329	626	400	285	575	160	788	812	482	297	903	752	242	388	533	970	558	859	615	634	611	592	106	392	461	631	950	851	389	277	978	480	613	639	895	5	712	757	58	814	837	400	597	143	469	250	16	923	666	565	524	389	267	456	105	390	885	197	241	358	109	70	836	38	
329	775	247	796	446	10	120	144	81	1	140	9	509	90	432	373	541	760	458	214	316	280	0	491	441	597	285	385	401	60	537	269	87	326	168	442	536	146	480	870	273	261	556	767	385	641	408	583	470	825	271	586	731	336	618	606	72	435	764	563	306	804	148	234	413	952	35	194	503	43	703	937	174	747	566	936	101	138	831	522	971	872	742	559	173	936	886	316	341	785	740	157	2	897	17	749	826	485	72	933	253	428	625	355	621	580	277	469	939	620	83	231	611	533	42	170	386	619	8	309	
936	568	791	214	326	156	205	717	389	608	663	108	492	69	322	99	275	267	299	589	480	848	491	0	679	776	555	415	96	10	318	550	471	916	726	506	133	83	85	478	892	882	359	240	11	944	787	958	998	639	29	739	141	737	425	762	214	214	746	67	205	417	660	164	187	988	566	938	100	393	821	72	965	147	373	222	974	28	73	510	669	776	445	691	515	705	777	875	235	357	665	407	24	221	923	448	974	591	512	356	892	342	911	537	976	929	767	873	563	161	803	719	623	207	923	161	670	773	976	407	
138	765	386	570	277	862	781	407	369	480	295	973	341	486	19	746	793	793	978	907	561	794	441	679	0	261	443	552	675	329	590	491	441	528	364	604	65	556	979	332	458	987	386	572	449	522	696	346	674	252	180	447	623	309	324	670	839	668	162	998	520	136	596	947	512	938	163	2	8	916	182	636	746	528	504	942	685	212	815	574	487	876	623	584	722	913	270	474	978	65	185	484	926	78	303	917	52	291	756	522	538	413	433	807	571	750	874	147	654	768	72	327	61	512	216	328	516	41	123	277	
525	753	174	713	254	887	664	55	846	292	83	677	883	833	924	46	49	858	659	608	112	986	597	776	261	0	353	987	632	610	356	562	447	991	478	764	431	27	647	726	811	101	354	806	840	116	372	638	314	949	557	335	551	485	933	797	764	703	819	130	70	328	610	541	292	498	926	300	156	38	734	615	459	509	849	703	497	361	725	279	988	751	926	218	740	288	309	365	599	344	953	118	517	942	666	814	703	270	627	467	883	963	303	920	587	761	992	449	87	977	780	530	144	86	609	496	39	17	155	706	
754	647	788	64	181	362	24	754	164	812	953	24	707	254	766	518	331	141	279	680	160	402	285	555	443	353	0	941	832	891	272	508	644	905	957	142	874	302	529	477	258	339	258	306	87	583	909	601	486	471	471	893	506	606	593	224	375	87	91	398	766	792	839	491	745	818	90	906	384	462	911	320	338	394	557	488	455	908	945	479	990	375	31	715	67	172	701	752	420	666	872	643	947	305	228	131	678	603	646	124	838	340	36	709	901	964	287	141	571	746	47	378	250	243	912	386	329	587	405	525	
712	47	303	979	166	687	190	109	420	367	913	840	671	216	942	35	47	767	915	732	604	605	385	415	552	987	941	0	558	788	642	482	984	637	310	306	227	564	368	986	549	263	648	925	297	951	234	105	874	967	167	632	74	236	133	50	819	925	216	969	550	828	376	557	450	21	349	881	296	414	312	822	565	280	28	230	535	366	493	516	75	395	184	98	462	617	19	915	106	743	342	882	348	499	290	34	892	176	305	632	909	505	311	254	133	999	311	570	903	391	473	646	623	416	138	544	997	827	212	789	
913	644	271	656	124	91	737	411	267	881	102	788	647	903	102	925	159	631	648	318	56	879	401	96	675	632	832	558	0	191	396	384	122	184	920	449	219	893	615	67	856	977	364	44	508	311	283	97	335	880	850	356	831	166	435	765	723	849	945	359	312	111	793	941	151	713	620	460	15	236	410	986	991	229	392	967	871	353	20	915	903	532	745	408	239	392	887	962	833	376	460	492	956	109	801	701	491	177	302	707	854	978	584	270	998	817	396	312	998	20	356	452	633	809	177	437	871	956	225	856	
440	901	156	456	952	73	977	327	983	686	898	618	489	81	84	415	666	461	184	478	115	937	60	10	329	610	891	788	191	0	60	219	268	116	26	696	842	120	805	702	775	423	71	375	257	128	286	709	825	696	379	808	760	92	29	480	429	561	325	788	396	663	498	210	136	350	192	887	900	279	509	537	255	614	764	723	502	159	942	297	303	207	333	717	891	147	882	737	186	679	34	246	902	368	765	532	241	90	656	899	144	186	467	514	365	371	700	286	487	659	37	789	325	547	476	714	35	626	898	892	
452	139	927	676	746	419	876	720	287	348	569	632	66	783	553	541	748	247	862	893	523	844	537	318	590	356	272	642	396	60	0	11	532	263	731	39	346	156	187	398	545	520	220	374	79	223	120	137	555	407	63	99	85	861	48	27	198	96	809	664	929	996	304	102	409	875	147	56	901	182	597	368	466	650	74	805	824	73	197	477	576	781	95	19	588	149	755	722	183	705	440	811	150	312	527	603	375	29	597	65	33	805	771	246	917	812	420	518	748	529	935	230	457	319	318	719	16	621	14	130	
445	868	345	379	926	266	981	51	365	707	273	175	932	804	815	770	576	975	68	23	99	98	269	550	491	562	508	482	384	219	11	0	606	256	320	532	83	967	695	531	806	791	459	129	135	968	373	73	43	840	492	544	571	15	183	815	230	811	780	390	841	909	281	306	348	995	433	674	679	991	833	774	692	984	75	873	831	63	882	993	995	861	952	244	478	475	605	894	472	954	425	552	536	165	595	19	136	467	194	805	818	169	781	931	731	799	294	176	367	698	436	861	5	675	273	234	348	765	521	699	
576	504	257	644	889	875	776	665	192	412	542	544	228	404	915	185	897	792	144	920	377	237	87	471	441	447	644	984	122	268	532	606	0	838	436	468	982	196	453	654	140	707	120	61	55	845	733	802	707	234	566	236	711	993	929	521	102	618	74	359	617	686	494	370	407	297	386	398	480	382	589	736	254	643	699	456	573	495	132	746	677	594	604	221	638	812	796	746	619	921	986	921	593	458	180	177	298	591	154	135	101	812	69	546	513	538	546	540	306	200	260	347	898	674	137	304	676	160	787	71	
894	821	402	239	746	797	812	809	206	256	122	500	136	408	43	788	776	970	277	428	308	185	326	916	528	991	905	637	184	116	263	256	838	0	421	546	171	105	316	562	865	855	131	546	534	175	694	137	373	68	12	832	71	745	148	553	999	694	994	722	453	350	801	766	71	112	155	437	989	325	495	54	731	201	467	762	844	678	130	466	661	245	255	739	281	470	859	609	907	995	532	994	440	119	782	821	102	68	878	387	96	734	101	220	252	66	577	685	238	76	306	537	78	71	620	557	551	621	152	816	
85	653	185	55	945	927	358	134	322	742	344	52	435	614	797	251	389	498	230	670	504	666	168	726	364	478	957	310	920	26	731	320	436	421	0	762	345	952	827	283	947	643	910	713	493	821	659	516	988	659	974	42	257	374	541	3	304	374	317	750	424	888	589	787	836	299	87	322	658	639	100	532	138	663	847	257	361	89	133	337	711	420	924	703	629	641	329	187	267	277	166	951	841	486	756	260	492	595	493	565	36	313	470	340	196	451	74	532	233	194	234	16	798	958	604	818	927	339	434	742	
390	285	114	713	935	411	124	656	723	998	746	944	933	368	699	986	692	84	294	196	580	907	442	506	604	764	142	306	449	696	39	532	468	546	762	0	141	216	141	471	138	244	985	842	237	825	34	378	864	637	207	924	664	567	263	252	253	519	161	303	347	569	16	651	15	836	711	683	302	182	993	552	859	170	516	701	151	100	407	169	486	916	361	330	591	666	708	184	988	625	963	319	492	878	783	682	645	835	632	92	165	191	866	880	59	841	438	373	122	789	467	258	526	326	756	440	689	356	171	471	
895	788	693	781	360	518	918	72	750	258	307	443	189	128	90	758	666	286	626	52	74	834	536	133	65	431	874	227	219	842	346	83	982	171	345	141	0	360	479	462	17	570	461	226	607	385	753	677	184	116	517	369	361	987	81	77	226	237	980	766	717	31	985	294	500	14	342	339	11	639	154	564	644	956	757	128	106	458	645	175	936	273	222	500	114	708	49	612	692	857	856	784	530	402	120	961	56	54	48	597	379	450	433	412	351	228	159	433	771	441	208	461	226	493	626	494	475	707	313	760	
733	11	968	133	415	816	265	327	141	972	401	736	35	318	28	484	428	320	265	989	653	239	146	83	556	27	302	564	893	120	156	967	196	105	952	216	360	0	571	310	89	162	201	392	129	749	786	264	921	952	671	841	437	303	820	696	851	245	178	798	241	720	999	672	74	972	460	523	851	19	727	428	376	235	914	639	285	728	132	677	738	644	127	908	230	4	330	482	807	365	655	345	25	911	31	370	702	256	837	883	276	268	856	10	205	36	533	903	803	516	205	989	994	73	739	938	747	131	296	368	
861	962	111	681	269	617	714	629	302	465	400	987	503	774	295	401	868	187	665	938	968	409	480	85	979	647	529	368	615	805	187	695	453	316	827	141	479	571	0	262	520	674	250	943	306	931	722	901	57	54	794	847	91	255	898	551	987	443	298	4	808	877	168	210	568	947	500	333	845	128	410	470	366	692	336	253	489	905	65	855	88	543	225	762	689	50	898	951	210	706	54	615	77	924	686	698	152	639	122	971	849	137	938	712	256	147	245	920	357	994	703	238	915	184	192	557	805	971	787	196	
356	40	464	940	261	237	927	880	597	946	940	484	855	459	315	686	263	535	748	284	408	59	870	478	332	726	477	986	67	702	398	531	654	562	283	471	462	310	262	0	289	603	524	309	338	650	982	561	10	455	380	54	927	235	478	59	701	928	271	250	581	535	980	47	341	305	367	713	495	40	613	103	662	863	412	325	223	727	770	623	253	179	738	381	639	94	64	71	141	372	63	259	913	535	440	5	323	987	6	582	360	419	160	280	771	197	78	848	836	891	960	805	457	884	780	625	626	291	462	870	
585	664	149	850	804	237	60	805	146	200	872	186	551	224	972	7	32	534	412	392	792	802	273	892	458	811	258	549	856	775	545	806	140	865	947	138	17	89	520	289	0	713	30	156	298	882	993	666	622	983	988	20	923	543	795	715	822	216	764	698	238	666	14	737	211	822	552	209	633	71	464	481	830	712	669	904	664	630	815	444	202	440	517	906	905	500	759	767	618	987	942	871	190	672	496	789	808	781	153	850	126	703	86	592	351	898	43	849	757	776	968	828	306	134	535	817	335	1000	201	844	
850	370	820	492	750	345	123	137	42	233	108	212	676	926	5	669	96	812	252	621	184	658	261	882	987	101	339	263	977	423	520	791	707	855	643	244	570	162	674	603	713	0	347	310	786	15	345	966	338	771	517	925	565	647	1000	560	461	77	90	656	47	352	688	549	484	843	518	42	912	950	430	121	72	442	178	800	639	432	982	133	138	76	818	6	958	128	22	996	494	182	262	601	865	893	905	959	530	249	677	995	274	700	509	490	460	793	70	770	223	547	254	836	98	369	213	473	642	476	369	907	
777	673	434	209	861	868	151	309	313	704	480	435	234	991	272	734	325	428	697	140	546	598	556	359	386	354	258	648	364	71	220	459	120	131	910	985	461	201	250	524	30	347	0	919	124	341	509	592	72	33	93	36	77	952	289	692	42	605	272	517	401	776	227	241	671	256	51	712	512	233	237	683	461	392	499	306	391	52	316	542	609	336	816	601	97	230	916	685	71	854	717	227	737	767	339	917	934	189	835	78	177	892	66	592	273	780	62	53	975	917	191	778	111	253	303	354	811	192	493	759	
791	189	832	487	509	539	93	991	765	59	298	466	348	276	73	218	998	726	632	430	422	675	767	240	572	806	306	925	44	375	374	129	61	546	713	842	226	392	943	309	156	310	919	0	236	567	848	406	10	844	434	851	118	197	483	658	702	535	728	329	153	932	356	394	68	248	157	277	772	97	42	21	460	773	100	865	873	929	2	702	932	831	305	395	360	759	907	446	461	225	384	605	997	121	59	928	901	77	7	229	670	587	601	163	20	238	511	403	438	299	593	131	719	503	671	886	916	67	796	569	
460	298	191	232	586	76	703	871	726	495	359	925	348	389	845	542	786	466	76	638	259	384	385	11	449	840	87	297	508	257	79	135	55	534	493	237	607	129	306	338	298	786	124	236	0	336	587	121	278	53	259	557	550	907	531	620	579	5	316	21	708	970	803	664	757	738	678	583	774	323	501	645	570	162	187	149	219	637	500	724	723	456	665	849	758	790	690	876	415	563	52	493	881	296	11	422	527	703	937	940	541	663	184	569	680	594	52	510	187	485	405	904	996	695	300	712	647	454	195	47	
719	426	561	974	265	251	628	281	265	21	981	914	535	752	121	550	576	747	826	14	37	84	641	944	522	116	583	951	311	128	223	968	845	175	821	825	385	749	931	650	882	15	341	567	336	0	114	783	970	217	736	716	663	578	225	379	125	14	409	932	937	181	664	827	545	736	331	967	693	301	138	378	299	233	377	379	710	334	194	224	886	938	466	151	46	850	883	935	698	167	259	290	703	913	419	830	184	225	106	141	853	715	635	233	671	44	708	940	154	168	928	263	722	479	560	97	545	424	213	427	
417	74	162	880	513	523	921	511	269	764	566	109	153	332	468	961	398	797	227	183	698	820	408	787	696	372	909	234	283	286	120	373	733	694	659	34	753	786	722	982	993	345	509	848	587	114	0	983	303	498	169	915	124	591	691	593	228	800	333	861	411	424	572	63	625	232	554	8	837	37	700	875	208	105	714	495	108	144	958	716	404	133	201	28	333	206	618	109	998	302	376	948	44	425	899	68	465	141	373	471	862	456	919	316	806	484	433	561	173	818	594	43	1000	6	57	60	295	343	707	172	
318	69	903	120	28	214	143	911	662	789	717	422	694	337	987	288	323	147	444	980	11	999	583	958	346	638	601	105	97	709	137	73	802	137	516	378	677	264	901	561	666	966	592	406	121	783	983	0	105	794	534	907	734	7	997	613	363	924	821	72	922	568	423	490	728	755	192	895	819	828	677	977	931	556	379	744	615	225	637	397	428	597	879	553	762	984	843	571	432	203	754	58	625	975	374	648	510	965	893	440	942	751	744	481	579	54	541	378	903	62	977	273	159	95	682	423	103	926	229	686	
63	552	19	373	108	368	571	533	851	900	468	144	697	610	906	811	404	287	790	857	264	599	470	998	674	314	486	874	335	825	555	43	707	373	988	864	184	921	57	10	622	338	72	10	278	970	303	105	0	94	899	67	6	508	492	978	516	769	298	713	396	295	841	379	849	642	838	424	282	391	45	648	695	35	737	257	148	893	311	835	645	319	533	626	212	33	150	636	462	359	537	796	988	165	108	590	89	127	611	643	31	773	278	223	200	103	105	578	849	197	141	460	473	155	223	797	531	131	199	796	
931	925	276	146	318	471	191	456	508	478	604	604	51	50	86	335	491	159	526	36	242	948	825	639	252	949	471	967	880	696	407	840	234	68	659	637	116	952	54	455	983	771	33	844	53	217	498	794	94	0	191	755	764	21	768	696	471	736	314	819	909	552	994	907	849	329	35	955	313	198	902	542	791	258	137	656	155	685	611	351	798	561	887	434	658	542	471	960	601	530	580	349	332	773	27	112	598	13	481	264	607	101	474	848	924	499	478	960	879	130	286	479	627	157	69	726	268	477	162	30	
972	194	364	203	134	667	294	578	251	694	946	371	870	486	699	144	997	173	939	999	228	698	271	29	180	557	471	167	850	379	63	492	566	12	974	207	517	671	794	380	988	517	93	434	259	736	169	534	899	191	0	852	805	510	125	312	363	545	101	509	442	833	709	301	310	526	964	654	112	743	515	477	243	785	922	46	158	434	734	400	451	697	66	559	510	976	99	417	954	756	512	550	601	957	818	769	283	505	969	4	841	821	311	931	338	991	89	400	29	86	106	303	824	651	458	506	488	420	72	744	
462	203	589	932	666	416	783	776	28	759	449	494	337	94	689	289	610	621	330	439	720	718	586	739	447	335	893	632	356	808	99	544	236	832	42	924	369	841	847	54	20	925	36	851	557	716	915	907	67	755	852	0	842	53	683	673	130	890	664	525	282	652	799	750	318	544	654	755	997	414	242	479	818	999	571	449	691	392	528	461	162	223	83	987	363	460	414	510	789	314	94	144	772	998	622	652	526	79	159	828	773	518	647	756	460	560	168	751	422	849	523	104	843	644	556	211	820	952	592	446	
597	953	869	474	650	738	255	226	953	113	941	825	703	820	535	896	233	633	695	169	585	797	731	141	623	551	506	74	831	760	85	571	711	71	257	664	361	437	91	927	923	565	77	118	550	663	124	734	6	764	805	842	0	689	853	572	498	953	296	535	614	106	771	451	630	258	792	424	223	245	559	482	879	583	670	620	635	196	113	388	545	790	66	641	7	64	466	802	363	65	625	25	60	514	603	537	937	475	820	691	553	115	197	103	874	15	294	385	934	541	934	90	179	49	826	841	10	264	522	337	
257	296	435	662	315	320	310	936	368	667	938	138	698	8	847	215	582	358	824	104	881	216	336	737	309	485	606	236	166	92	861	15	993	745	374	567	987	303	255	235	543	647	952	197	907	578	591	7	508	21	510	53	689	0	43	779	322	45	862	630	736	897	125	490	601	194	864	599	777	9	609	294	722	388	562	246	588	718	443	877	815	169	416	762	333	504	210	577	979	473	805	150	201	627	170	565	768	909	494	345	315	184	787	964	906	589	597	103	427	105	191	594	873	296	935	150	314	712	368	369	
842	780	89	501	21	550	416	812	345	683	478	743	689	306	928	209	248	346	808	618	722	212	618	425	324	933	593	133	435	29	48	183	929	148	541	263	81	820	898	478	795	1000	289	483	531	225	691	997	492	768	125	683	853	43	0	979	352	959	658	671	368	880	237	136	434	529	121	397	922	479	608	892	339	568	255	442	930	649	183	865	54	497	371	289	912	853	572	731	415	309	857	993	767	895	778	850	835	971	814	85	833	519	12	451	758	916	967	338	113	408	438	911	972	941	491	260	832	601	641	898	
30	1	663	9	743	178	93	530	967	873	941	982	512	185	28	865	835	931	254	343	892	481	606	762	670	797	224	50	765	480	27	815	521	553	3	252	77	696	551	59	715	560	692	658	620	379	593	613	978	696	312	673	572	779	979	0	560	288	572	656	89	920	196	309	104	35	666	315	68	410	230	909	54	367	856	618	959	820	117	458	273	626	692	328	816	845	698	937	146	614	211	20	604	793	2	938	391	921	571	128	92	184	519	851	436	27	191	35	11	140	949	907	805	594	47	775	449	951	437	559	
554	237	492	118	142	660	106	839	924	139	221	731	109	74	604	456	512	173	626	776	363	329	72	214	839	764	375	819	723	429	198	230	102	999	304	253	226	851	987	701	822	461	42	702	579	125	228	363	516	471	363	130	498	322	352	560	0	925	617	374	388	434	651	445	417	314	44	242	508	912	473	942	884	503	54	295	908	661	154	701	753	880	332	212	521	930	817	987	37	113	912	940	937	707	463	510	985	648	734	815	846	848	276	229	873	551	218	911	270	77	549	343	445	507	80	499	894	467	9	748	
156	132	631	807	925	379	757	261	866	414	226	443	508	82	916	670	433	543	962	275	132	626	435	214	668	703	87	925	849	561	96	811	618	694	374	519	237	245	443	928	216	77	605	535	5	14	800	924	769	736	545	890	953	45	959	288	925	0	363	87	794	215	714	397	563	683	138	330	838	473	638	300	124	914	241	36	574	134	257	508	541	113	758	853	758	35	861	581	89	320	88	151	777	853	480	258	353	420	630	991	884	594	558	445	678	503	437	879	625	949	412	209	947	220	957	15	734	606	30	871	
843	969	25	628	627	801	98	964	779	640	731	310	97	704	616	135	782	741	785	750	997	400	764	746	162	819	91	216	945	325	809	780	74	994	317	161	980	178	298	271	764	90	272	728	316	409	333	821	298	314	101	664	296	862	658	572	617	363	0	751	111	788	535	820	863	98	354	832	451	770	727	848	368	451	234	667	234	860	624	557	156	688	53	949	376	866	16	896	114	186	713	525	728	297	169	635	141	841	59	295	238	593	258	459	108	736	4	651	852	543	813	769	211	444	686	28	29	28	576	508	
800	847	964	523	780	36	494	127	496	162	969	892	523	892	319	342	952	590	963	773	803	285	563	67	998	130	398	969	359	788	664	390	359	722	750	303	766	798	4	250	698	656	517	329	21	932	861	72	713	819	509	525	535	630	671	656	374	87	751	0	48	985	796	770	284	468	140	78	935	621	295	944	982	457	769	123	782	75	561	790	300	702	848	181	921	913	535	496	899	84	575	891	784	490	886	678	860	952	1	525	380	757	293	506	851	978	603	697	174	700	332	309	100	880	128	89	984	734	637	802	
987	339	738	304	95	724	678	762	169	397	689	26	646	429	353	610	538	375	387	813	286	575	306	205	520	70	766	550	312	396	929	841	617	453	424	347	717	241	808	581	238	47	401	153	708	937	411	922	396	909	442	282	614	736	368	89	388	794	111	48	0	905	625	822	971	817	406	530	40	805	651	927	32	965	978	598	309	53	797	32	557	723	20	746	798	434	109	445	541	446	956	42	688	240	804	588	733	765	844	813	482	210	261	326	407	298	651	529	49	996	42	561	224	454	851	85	683	527	215	520	
833	149	843	455	18	254	822	982	10	941	896	88	590	701	841	580	479	655	391	617	740	160	804	417	136	328	792	828	111	663	996	909	686	350	888	569	31	720	877	535	666	352	776	932	970	181	424	568	295	552	833	652	106	897	880	920	434	215	788	985	905	0	570	708	35	109	732	297	564	305	74	594	93	673	923	666	967	998	834	339	785	486	718	127	168	549	200	48	416	404	914	803	43	1000	118	826	530	278	108	41	570	798	104	161	777	53	187	964	513	208	321	936	27	181	140	328	120	588	743	766	
6	348	424	541	741	248	479	861	841	856	685	333	875	134	557	800	508	713	712	77	697	788	148	660	596	610	839	376	793	498	304	281	494	801	589	16	985	999	168	980	14	688	227	356	803	664	572	423	841	994	709	799	771	125	237	196	651	714	535	796	625	570	0	812	71	117	958	700	998	882	671	945	766	594	571	278	122	385	906	695	746	627	937	898	611	485	57	970	335	275	517	633	895	483	763	542	766	442	191	848	248	238	541	658	331	260	94	471	493	459	924	591	318	729	617	915	95	692	21	309	
537	88	955	307	645	411	559	252	863	645	403	446	639	298	347	714	898	214	643	101	183	812	234	164	947	541	491	557	941	210	102	306	370	766	787	651	294	672	210	47	737	549	241	394	664	827	63	490	379	907	301	750	451	490	136	309	445	397	820	770	822	708	812	0	51	611	583	700	453	110	542	751	946	643	671	639	721	547	546	218	584	316	945	885	824	856	897	778	651	510	308	843	405	64	269	149	906	772	917	104	334	455	494	990	915	303	303	250	6	615	687	284	674	265	805	818	418	247	159	512	
714	426	118	629	553	159	148	270	850	445	530	999	359	338	583	9	955	38	883	833	82	482	413	187	512	292	745	450	151	136	409	348	407	71	836	15	500	74	568	341	211	484	671	68	757	545	625	728	849	849	310	318	630	601	434	104	417	563	863	284	971	35	71	51	0	169	122	817	523	284	863	129	234	322	679	649	886	843	565	364	988	751	374	261	649	464	468	852	221	763	211	18	819	43	56	863	224	375	782	154	50	868	107	745	251	38	850	641	878	443	242	248	809	848	336	689	827	776	344	281	
509	42	845	654	61	256	367	31	246	1	774	127	928	13	564	658	960	739	836	776	170	297	952	988	938	498	818	21	713	350	875	995	297	112	299	836	14	972	947	305	822	843	256	248	738	736	232	755	642	329	526	544	258	194	529	35	314	683	98	468	817	109	117	611	169	0	968	626	90	968	467	627	923	817	683	549	536	829	777	222	490	684	993	331	407	30	935	294	965	130	460	909	805	469	33	390	933	797	939	48	438	6	896	27	935	181	600	51	34	395	616	873	462	100	891	259	532	152	402	484	
308	631	496	682	882	433	879	158	654	156	353	586	474	421	812	532	914	493	230	951	772	903	35	566	163	926	90	349	620	192	147	433	386	155	87	711	342	460	500	367	552	518	51	157	678	331	554	192	838	35	964	654	792	864	121	666	44	138	354	140	406	732	958	583	122	968	0	430	882	358	415	229	751	306	376	138	881	886	660	855	757	962	562	398	234	792	786	754	836	734	741	382	31	322	724	243	847	182	262	549	191	254	693	584	657	711	40	79	902	739	102	309	278	314	945	832	145	787	969	10	
285	629	3	221	349	736	296	953	243	980	283	978	143	158	781	182	879	856	916	382	599	752	194	938	2	300	906	881	460	887	56	674	398	437	322	683	339	523	333	713	209	42	712	277	583	967	8	895	424	955	654	755	424	599	397	315	242	330	832	78	530	297	700	700	817	626	430	0	639	555	443	130	870	765	409	690	994	436	803	914	634	381	847	518	809	799	309	91	273	831	94	64	431	160	583	435	899	216	592	177	566	65	754	729	129	877	71	555	139	115	516	637	443	74	525	975	335	683	808	192	
2	769	518	235	35	688	712	883	710	157	844	382	269	374	153	214	679	389	468	329	824	242	503	100	8	156	384	296	15	900	901	679	480	989	658	302	11	851	845	495	633	912	512	772	774	693	837	819	282	313	112	997	223	777	922	68	508	838	451	935	40	564	998	453	523	90	882	639	0	69	373	437	752	280	195	812	928	902	352	727	534	575	501	682	725	672	954	248	117	864	428	896	743	666	542	224	195	797	499	624	149	17	746	938	70	163	603	896	175	146	410	759	123	667	130	91	341	786	699	788	
505	182	5	780	978	466	569	12	522	7	828	6	664	345	715	400	137	287	988	681	29	388	43	393	916	38	462	414	236	279	182	991	382	325	639	182	639	19	128	40	71	950	233	97	323	301	37	828	391	198	743	414	245	9	479	410	912	473	770	621	805	305	882	110	284	968	358	555	69	0	24	490	606	975	238	471	704	215	323	330	870	237	178	892	441	717	544	150	434	260	792	745	711	847	351	810	702	846	17	40	689	617	220	841	674	873	347	681	585	546	29	269	749	591	176	359	424	743	839	515	
918	58	743	883	333	734	507	360	913	770	397	655	736	731	484	759	919	640	735	622	873	533	703	821	182	734	911	312	410	509	597	833	589	495	100	993	154	727	410	613	464	430	237	42	501	138	700	677	45	902	515	242	559	609	608	230	473	638	727	295	651	74	671	542	863	467	415	443	373	24	0	685	791	612	929	982	232	458	939	65	434	642	194	675	209	480	941	144	711	207	706	617	650	891	919	807	487	557	738	463	223	148	568	151	305	145	820	128	465	284	32	20	808	854	360	282	811	718	853	319	
869	478	266	793	619	598	220	351	252	397	304	886	346	424	675	194	56	591	63	996	949	970	937	72	636	615	320	822	986	537	368	774	736	54	532	552	564	428	470	103	481	121	683	21	645	378	875	977	648	542	477	479	482	294	892	909	942	300	848	944	927	594	945	751	129	627	229	130	437	490	685	0	464	240	72	639	430	243	624	277	260	882	933	39	213	261	357	646	11	889	120	156	874	733	263	695	846	206	466	309	752	142	610	296	876	16	196	132	638	559	695	646	103	463	432	272	82	340	668	778	
368	210	944	405	305	497	414	575	37	61	583	983	84	338	83	232	335	403	582	915	479	558	174	965	746	459	338	565	991	255	466	692	254	731	138	859	644	376	366	662	830	72	461	460	570	299	208	931	695	791	243	818	879	722	339	54	884	124	368	982	32	93	766	946	234	923	751	870	752	606	791	464	0	348	786	653	19	99	77	81	473	590	234	864	197	902	558	980	426	780	853	845	215	571	141	950	427	134	829	682	921	205	72	252	644	380	766	133	541	93	884	902	226	776	459	25	25	447	839	235	
971	566	3	14	898	549	874	103	815	469	472	222	177	295	406	894	959	358	655	62	502	859	747	147	528	509	394	280	229	614	650	984	643	201	663	170	956	235	692	863	712	442	392	773	162	233	105	556	35	258	785	999	583	388	568	367	503	914	451	457	965	673	594	643	322	817	306	765	280	975	612	240	348	0	86	775	521	141	185	836	359	171	924	707	954	644	387	574	280	900	900	404	436	390	953	119	323	414	156	298	543	238	282	651	225	151	675	317	235	858	442	585	412	647	928	798	263	471	477	190	
155	406	187	755	867	887	643	391	319	242	866	674	492	208	481	43	874	997	680	304	95	615	566	373	504	849	557	28	392	764	74	75	699	467	847	516	757	914	336	412	669	178	499	100	187	377	714	379	737	137	922	571	670	562	255	856	54	241	234	769	978	923	571	671	679	683	376	409	195	238	929	72	786	86	0	622	605	457	339	387	610	360	986	392	273	717	518	440	447	96	17	21	239	618	95	194	358	96	283	868	170	23	845	165	664	408	364	817	863	716	105	661	327	809	44	228	870	853	956	12	
122	381	162	669	468	620	431	794	582	396	930	826	268	17	159	819	624	201	298	943	732	634	936	222	942	703	488	230	967	723	805	873	456	762	257	701	128	639	253	325	904	800	306	865	149	379	495	744	257	656	46	449	620	246	442	618	295	36	667	123	598	666	278	639	649	549	138	690	812	471	982	639	653	775	622	0	948	234	433	129	213	363	419	48	119	598	704	127	36	586	218	515	314	267	488	417	442	940	479	513	734	453	727	728	870	69	290	109	692	409	259	286	591	613	604	892	509	802	403	885	
555	548	307	288	898	544	53	293	522	671	164	42	578	615	314	634	260	253	193	996	200	611	101	974	685	497	455	535	871	502	824	831	573	844	361	151	106	285	489	223	664	639	391	873	219	710	108	615	148	155	158	691	635	588	930	959	908	574	234	782	309	967	122	721	886	536	881	994	928	704	232	430	19	521	605	948	0	973	249	445	616	396	319	730	574	309	810	468	415	374	387	243	154	905	660	666	258	681	900	472	293	326	633	583	574	250	277	777	206	284	668	980	526	773	468	803	40	938	870	240	
951	189	30	791	641	523	638	58	337	807	567	275	96	977	512	631	336	507	651	349	424	592	138	28	212	361	908	366	353	159	73	63	495	678	89	100	458	728	905	727	630	432	52	929	637	334	144	225	893	685	434	392	196	718	649	820	661	134	860	75	53	998	385	547	843	829	886	436	902	215	458	243	99	141	457	234	973	0	519	377	812	646	372	111	644	620	506	569	236	591	548	178	942	758	622	412	390	236	754	938	753	513	980	662	257	34	631	71	383	891	497	525	104	2	76	360	594	686	47	901	
439	580	203	100	658	135	710	725	288	749	966	16	357	916	327	832	67	16	734	888	591	106	831	73	815	725	945	493	20	942	197	882	132	130	133	407	645	132	65	770	815	982	316	2	500	194	958	637	311	611	734	528	113	443	183	117	154	257	624	561	797	834	906	546	565	777	660	803	352	323	939	624	77	185	339	433	249	519	0	744	912	589	570	317	920	12	725	758	35	257	175	979	587	930	863	639	760	995	885	405	214	933	723	46	687	260	259	344	490	824	805	465	811	943	503	325	94	704	267	564	
983	486	593	561	520	92	961	271	735	938	153	274	585	57	442	620	878	235	976	549	609	392	522	510	574	279	479	516	915	297	477	993	746	466	337	169	175	677	855	623	444	133	542	702	724	224	716	397	835	351	400	461	388	877	865	458	701	508	557	790	32	339	695	218	364	222	855	914	727	330	65	277	81	836	387	129	445	377	744	0	438	507	275	304	979	776	600	973	92	149	363	17	160	627	459	758	923	819	921	286	887	229	529	79	977	42	410	559	926	875	702	169	326	432	182	248	856	902	680	724	
326	529	665	933	13	766	964	13	722	467	274	791	941	314	108	493	955	443	803	825	643	461	971	669	487	988	990	75	903	303	576	995	677	661	711	486	936	738	88	253	202	138	609	932	723	886	404	428	645	798	451	162	545	815	54	273	753	541	156	300	557	785	746	584	988	490	757	634	534	870	434	260	473	359	610	213	616	812	912	438	0	526	171	691	555	609	131	877	842	944	177	194	763	662	102	208	905	874	149	457	634	530	379	352	109	818	257	879	820	850	140	33	299	798	206	788	146	138	142	705	
349	412	986	729	607	954	985	924	174	347	827	545	833	88	396	179	243	919	758	12	117	631	872	776	876	751	375	395	532	207	781	861	594	245	420	916	273	644	543	179	440	76	336	831	456	938	133	597	319	561	697	223	790	169	497	626	880	113	688	702	723	486	627	316	751	684	962	381	575	237	642	882	590	171	360	363	396	646	589	507	526	0	999	293	126	198	448	525	803	331	136	44	826	621	423	178	825	656	23	883	572	320	588	521	306	705	747	957	767	613	943	250	106	558	344	595	289	717	805	119	
489	611	839	941	275	70	490	715	377	550	101	156	886	993	10	78	762	663	664	238	134	950	742	445	623	926	31	184	745	333	95	952	604	255	924	361	222	127	225	738	517	818	816	305	665	466	201	879	533	887	66	83	66	416	371	692	332	758	53	848	20	718	937	945	374	993	562	847	501	178	194	933	234	924	986	419	319	372	570	275	171	999	0	68	738	675	577	1000	309	358	605	270	637	495	31	267	727	839	54	128	865	988	898	428	95	353	610	457	173	627	481	356	878	249	241	385	925	995	104	663	
434	365	456	795	153	610	667	887	75	125	589	968	871	463	733	728	335	751	775	142	113	851	559	691	584	218	715	98	408	717	19	244	221	739	703	330	500	908	762	381	906	6	601	395	849	151	28	553	626	434	559	987	641	762	289	328	212	853	949	181	746	127	898	885	261	331	398	518	682	892	675	39	864	707	392	48	730	111	317	304	691	293	68	0	667	822	707	680	208	446	552	596	293	422	400	86	33	885	525	903	362	345	576	537	870	240	199	615	475	292	157	227	204	47	338	943	645	832	772	81	
363	856	648	729	40	549	314	604	436	404	617	708	810	59	329	880	258	304	156	484	347	389	173	515	722	740	67	462	239	891	588	478	638	281	629	591	114	230	689	639	905	958	97	360	758	46	333	762	212	658	510	363	7	333	912	816	521	758	376	921	798	168	611	824	649	407	234	809	725	441	209	213	197	954	273	119	574	644	920	979	555	126	738	667	0	401	276	350	649	945	745	136	108	384	174	823	662	349	607	206	908	625	288	5	952	802	168	290	744	79	120	533	496	628	819	321	103	368	952	335	
997	270	18	548	532	839	152	285	100	426	254	625	244	33	726	12	456	91	730	293	348	277	936	705	913	288	172	617	392	147	149	475	812	470	641	666	708	4	50	94	500	128	230	759	790	850	206	984	33	542	976	460	64	504	853	845	930	35	866	913	434	549	485	856	464	30	792	799	672	717	480	261	902	644	717	598	309	620	12	776	609	198	675	822	401	0	576	117	398	764	339	680	233	319	83	194	386	948	648	998	675	236	320	196	666	224	305	333	677	491	579	504	544	800	668	612	155	965	667	743	
772	138	555	531	113	135	821	1	379	869	129	994	850	805	765	213	510	404	264	424	575	978	886	777	270	309	701	19	887	882	755	605	796	859	329	708	49	330	898	64	759	22	916	907	690	883	618	843	150	471	99	414	466	210	572	698	817	861	16	535	109	200	57	897	468	935	786	309	954	544	941	357	558	387	518	704	810	506	725	600	131	448	577	707	276	576	0	72	718	137	31	843	85	69	535	723	944	215	204	16	3	271	192	837	8	727	175	823	556	46	433	558	52	375	759	437	543	969	496	941	
827	942	854	979	362	369	183	908	101	744	688	938	324	377	916	343	885	244	979	767	380	480	316	875	474	365	752	915	962	737	722	894	746	609	187	184	612	482	951	71	767	996	685	446	876	935	109	571	636	960	417	510	802	577	731	937	987	581	896	496	445	48	970	778	852	294	754	91	248	150	144	646	980	574	440	127	468	569	758	973	877	525	1000	680	350	117	72	0	662	544	206	431	273	660	517	377	36	584	812	335	499	189	64	982	617	576	933	838	687	354	774	134	378	39	319	221	918	434	784	742	
770	180	226	665	521	880	546	278	913	851	446	416	744	707	554	918	218	53	96	850	760	613	341	235	978	599	420	106	833	186	183	472	619	907	267	988	692	807	210	141	618	494	71	461	415	698	998	432	462	601	954	789	363	979	415	146	37	89	114	899	541	416	335	651	221	965	836	273	117	434	711	11	426	280	447	36	415	236	35	92	842	803	309	208	649	398	718	662	0	114	350	93	594	348	191	252	901	223	178	975	762	458	291	354	736	187	102	751	105	316	256	160	336	244	926	621	107	945	78	983	
40	731	687	926	608	271	576	884	650	832	53	580	422	757	63	611	258	777	562	996	895	639	785	357	65	344	666	743	376	679	705	954	921	995	277	625	857	365	706	372	987	182	854	225	563	167	302	203	359	530	756	314	65	473	309	614	113	320	186	84	446	404	275	510	763	130	734	831	864	260	207	889	780	900	96	586	374	591	257	149	944	331	358	446	945	764	137	544	114	0	930	828	29	628	807	14	368	124	406	202	871	266	599	698	391	344	449	783	1000	196	417	491	102	191	555	809	515	185	640	96	
273	178	24	118	218	978	635	80	521	586	399	97	577	108	257	186	408	162	582	33	950	895	740	665	185	953	872	342	460	34	440	425	986	532	166	963	856	655	54	63	942	262	717	384	52	259	376	754	537	580	512	94	625	805	857	211	912	88	713	575	956	914	517	308	211	460	741	94	428	792	706	120	853	900	17	218	387	548	175	363	177	136	605	552	745	339	31	206	350	930	0	981	509	522	716	35	474	180	357	958	484	725	828	750	312	22	275	603	280	497	932	717	422	509	37	846	971	600	394	270	
16	402	285	201	941	667	117	196	641	420	898	592	616	996	324	55	453	399	745	961	232	5	157	407	484	118	643	882	492	246	811	552	921	994	951	319	784	345	615	259	871	601	227	605	493	290	948	58	796	349	550	144	25	150	993	20	940	151	525	891	42	803	633	843	18	909	382	64	896	745	617	156	845	404	21	515	243	178	979	17	194	44	270	596	136	680	843	431	93	828	981	0	578	164	619	591	745	557	616	506	808	769	475	329	190	17	885	119	696	920	395	941	682	585	554	615	467	222	857	270	
378	356	161	817	992	239	159	513	534	683	633	848	996	661	721	359	541	441	940	587	868	712	2	24	926	517	947	348	956	902	150	536	593	440	841	492	530	25	77	913	190	865	737	997	881	703	44	625	988	332	601	772	60	201	767	604	937	777	728	784	688	43	895	405	819	805	31	431	743	711	650	874	215	436	239	314	154	942	587	160	763	826	637	293	108	233	85	273	594	29	509	578	0	876	910	246	103	794	734	75	188	812	332	298	329	231	736	775	913	832	163	853	266	513	748	972	183	272	905	498	
89	955	551	603	137	460	951	84	417	997	432	295	566	389	405	340	52	670	324	455	260	757	897	221	78	942	305	499	109	368	312	165	458	119	486	878	402	911	924	535	672	893	767	121	296	913	425	975	165	773	957	998	514	627	895	793	707	853	297	490	240	1000	483	64	43	469	322	160	666	847	891	733	571	390	618	267	905	758	930	627	662	621	495	422	384	319	69	660	348	628	522	164	876	0	573	956	35	863	992	482	646	77	374	639	47	567	348	334	166	225	304	692	646	745	279	739	835	909	623	820	
522	688	339	510	166	541	448	398	735	839	523	824	580	355	513	852	928	973	878	698	168	58	17	923	303	666	228	290	801	765	527	595	180	782	756	783	120	31	686	440	496	905	339	59	11	419	899	374	108	27	818	622	603	170	778	2	463	480	169	886	804	118	763	269	56	33	724	583	542	351	919	263	141	953	95	488	660	622	863	459	102	423	31	400	174	83	535	517	191	807	716	619	910	573	0	907	301	8	576	136	842	383	937	605	816	459	100	223	759	891	810	206	744	15	439	172	790	751	34	709	
552	24	86	822	760	488	531	60	368	518	659	329	868	590	663	692	248	985	710	794	961	814	749	448	917	814	131	34	701	532	603	19	177	821	260	682	961	370	698	5	789	959	917	928	422	830	68	648	590	112	769	652	537	565	850	938	510	258	635	678	588	826	542	149	863	390	243	435	224	810	807	695	950	119	194	417	666	412	639	758	208	178	267	86	823	194	723	377	252	14	35	591	246	956	907	0	650	753	743	264	852	911	721	205	919	391	556	287	525	53	506	228	250	718	851	618	325	982	891	188	
431	4	551	7	428	634	364	300	488	820	468	111	607	975	209	321	514	650	597	42	113	837	826	974	52	703	678	892	491	241	375	136	298	102	492	645	56	702	152	323	808	530	934	901	527	184	465	510	89	598	283	526	937	768	835	391	985	353	141	860	733	530	766	906	224	933	847	899	195	702	487	846	427	323	358	442	258	390	760	923	905	825	727	33	662	386	944	36	901	368	474	745	103	35	301	650	0	100	501	687	486	544	670	912	845	65	568	179	635	483	992	744	553	977	142	210	853	712	575	182	
53	782	249	111	454	581	114	770	812	725	825	63	581	237	811	447	514	475	360	413	282	400	485	591	291	270	603	176	177	90	29	467	591	68	595	835	54	256	639	987	781	249	189	77	703	225	141	965	127	13	505	79	475	909	971	921	648	420	841	952	765	278	442	772	375	797	182	216	797	846	557	206	134	414	96	940	681	236	995	819	874	656	839	885	349	948	215	584	223	124	180	557	794	863	8	753	100	0	607	552	115	751	63	502	120	817	145	909	647	981	731	967	741	173	774	111	253	353	227	224	
737	730	794	885	501	631	392	185	801	1	279	280	790	575	765	64	336	255	763	982	230	597	72	512	756	627	646	305	302	656	597	194	154	878	493	632	48	837	122	6	153	677	835	7	937	106	373	893	611	481	969	159	820	494	814	571	734	630	59	1	844	108	191	917	782	939	262	592	499	17	738	466	829	156	283	479	900	754	885	921	149	23	54	525	607	648	204	812	178	406	357	616	734	992	576	743	501	607	0	251	464	808	867	668	971	659	501	389	70	87	343	129	160	581	715	527	878	332	987	891	
334	963	617	729	400	729	397	135	227	795	662	662	971	818	413	67	48	321	289	149	864	143	933	356	522	467	124	632	707	899	65	805	135	387	565	92	597	883	971	582	850	995	78	229	940	141	471	440	643	264	4	828	691	345	85	128	815	991	295	525	813	41	848	104	154	48	549	177	624	40	463	309	682	298	868	513	472	938	405	286	457	883	128	903	206	998	16	335	975	202	958	506	75	482	136	264	687	552	251	0	355	859	235	164	714	927	986	702	71	809	197	753	419	929	366	977	78	481	379	383	
13	419	493	44	877	318	223	760	919	460	917	756	5	128	807	664	198	583	86	510	456	469	253	892	538	883	838	909	854	144	33	818	101	96	36	165	379	276	849	360	126	274	177	670	541	853	862	942	31	607	841	773	553	315	833	92	846	884	238	380	482	570	248	334	50	438	191	566	149	689	223	752	921	543	170	734	293	753	214	887	634	572	865	362	908	675	3	499	762	871	484	808	188	646	842	852	486	115	464	355	0	162	651	865	72	334	684	546	645	480	949	229	43	183	776	221	51	319	376	668	
86	570	376	610	492	719	670	50	470	189	995	431	105	201	444	8	506	620	56	90	871	250	428	342	413	963	340	505	978	186	805	169	812	734	313	191	450	268	137	419	703	700	892	587	663	715	456	751	773	101	821	518	115	184	519	184	848	594	593	757	210	798	238	455	868	6	254	65	17	617	148	142	205	238	23	453	326	513	933	229	530	320	988	345	625	236	271	189	458	266	725	769	812	77	383	911	544	751	808	859	162	0	108	110	172	450	8	655	589	720	141	205	654	298	197	34	924	133	784	336	
914	976	556	399	262	397	213	856	122	944	216	722	19	15	315	938	449	73	579	162	260	16	625	911	433	303	36	311	584	467	771	781	69	101	470	866	433	856	938	160	86	509	66	601	184	635	919	744	278	474	311	647	197	787	12	519	276	558	258	293	261	104	541	494	107	896	693	754	746	220	568	610	72	282	845	727	633	980	723	529	379	588	898	576	288	320	192	64	291	599	828	475	332	374	937	721	670	63	867	235	651	108	0	445	741	824	688	606	307	205	506	248	188	498	660	66	981	32	286	365	
225	267	120	651	542	877	629	823	996	378	404	511	63	669	181	483	742	164	7	886	634	923	355	537	807	920	709	254	270	514	246	931	546	220	340	880	412	10	712	280	592	490	592	163	569	233	316	481	223	848	931	756	103	964	451	851	229	445	459	506	326	161	658	990	745	27	584	729	938	841	151	296	252	651	165	728	583	662	46	79	352	521	428	537	5	196	837	982	354	698	750	329	298	639	605	205	912	502	668	164	865	110	445	0	725	281	181	796	796	64	830	538	139	383	686	473	708	777	199	192	
164	22	882	491	251	494	847	669	862	299	501	231	39	908	234	179	741	337	473	367	188	666	621	976	571	587	901	133	998	365	917	731	513	252	196	59	351	205	256	771	351	460	273	20	680	671	806	579	200	924	338	460	874	906	758	436	873	678	108	851	407	777	331	915	251	935	657	129	70	674	305	876	644	225	664	870	574	257	687	977	109	306	95	870	952	666	8	617	736	391	312	190	329	47	816	919	845	120	971	714	72	172	741	725	0	44	169	382	244	741	851	171	227	865	586	529	885	755	97	614	
886	236	30	828	671	683	92	778	331	671	661	592	12	262	30	153	627	168	983	18	599	565	580	929	750	761	964	999	817	371	812	799	538	66	451	841	228	36	147	197	898	793	780	238	594	44	484	54	103	499	991	560	15	589	916	27	551	503	736	978	298	53	260	303	38	181	711	877	163	873	145	16	380	151	408	69	250	34	260	42	818	705	353	240	802	224	727	576	187	344	22	17	231	567	459	391	65	817	659	927	334	450	824	281	44	0	763	696	749	821	733	231	250	866	750	173	246	166	203	996	
351	61	449	63	814	376	394	55	679	381	826	931	109	47	220	189	371	495	13	12	213	524	277	767	874	992	287	311	396	700	420	294	546	577	74	438	159	533	245	78	43	70	62	511	52	708	433	541	105	478	89	168	294	597	967	191	218	437	4	603	651	187	94	303	850	600	40	71	603	347	820	196	766	675	364	290	277	631	259	410	257	747	610	199	168	305	175	933	102	449	275	885	736	348	100	556	568	145	501	986	684	8	688	181	169	763	0	323	460	508	285	1	98	754	59	515	460	994	602	537	
938	630	468	37	921	587	725	787	337	225	174	845	264	662	980	550	705	514	614	400	162	389	469	873	147	449	141	570	312	286	518	176	540	685	532	373	433	903	920	848	849	770	53	403	510	940	561	378	578	960	400	751	385	103	338	35	911	879	651	697	529	964	471	250	641	51	79	555	896	681	128	132	133	317	817	109	777	71	344	559	879	957	457	615	290	333	823	838	751	783	603	119	775	334	223	287	179	909	389	702	546	655	606	796	382	696	323	0	533	592	904	294	384	696	195	339	519	224	979	803	
69	550	375	765	389	412	284	872	346	93	818	419	139	518	359	633	642	974	784	565	217	267	939	563	654	87	571	903	998	487	748	367	306	238	233	122	771	803	357	836	757	223	975	438	187	154	173	903	849	879	29	422	934	427	113	11	270	625	852	174	49	513	493	6	878	34	902	139	175	585	465	638	541	235	863	692	206	383	490	926	820	767	173	475	744	677	556	687	105	1000	280	696	913	166	759	525	635	647	70	71	645	589	307	796	244	749	460	533	0	497	466	673	1000	713	729	880	62	388	306	298	
458	314	323	257	99	288	847	503	186	72	543	977	72	138	36	407	413	963	551	915	320	456	620	161	768	977	746	391	20	659	529	698	200	76	194	789	441	516	994	891	776	547	917	299	485	168	818	62	197	130	86	849	541	105	408	140	77	949	543	700	996	208	459	615	443	395	739	115	146	546	284	559	93	858	716	409	284	891	824	875	850	613	627	292	79	491	46	354	316	196	497	920	832	225	891	53	483	981	87	809	480	720	205	64	741	821	508	592	497	0	87	188	430	870	567	923	84	521	864	937	
819	133	354	171	245	207	830	81	859	276	14	309	700	863	646	837	753	119	225	915	345	105	83	803	72	780	47	473	356	37	935	436	260	306	234	467	208	205	703	960	968	254	191	593	405	928	594	977	141	286	106	523	934	191	438	949	549	412	813	332	42	321	924	687	242	616	102	516	410	29	32	695	884	442	105	259	668	497	805	702	140	943	481	157	120	579	433	774	256	417	932	395	163	304	810	506	992	731	343	197	949	141	506	830	851	733	285	904	466	87	0	820	115	913	618	585	980	426	106	502	
629	976	359	136	157	769	74	930	890	139	895	743	673	579	790	527	33	754	627	250	529	390	231	719	327	530	378	646	452	789	230	861	347	537	16	258	461	989	238	805	828	836	778	131	904	263	43	273	460	479	303	104	90	594	911	907	343	209	769	309	561	936	591	284	248	873	309	637	759	269	20	646	902	585	661	286	980	525	465	169	33	250	356	227	533	504	558	134	160	491	717	941	853	692	206	228	744	967	129	753	229	205	248	538	171	231	1	294	673	188	820	0	535	124	643	349	765	383	616	772	
83	582	1000	724	212	848	446	555	672	429	434	794	441	645	888	60	923	128	619	253	719	885	611	623	61	144	250	623	633	325	457	5	898	78	798	526	226	994	915	457	306	98	111	719	996	722	1000	159	473	627	824	843	179	873	972	805	445	947	211	100	224	27	318	674	809	462	278	443	123	749	808	103	226	412	327	591	526	104	811	326	299	106	878	204	496	544	52	378	336	102	422	682	266	646	744	250	553	741	160	419	43	654	188	139	227	250	98	384	1000	430	115	535	0	389	235	994	218	306	642	195	
892	32	638	942	827	539	567	631	777	56	636	863	302	686	596	850	633	8	334	41	300	197	533	207	512	86	243	416	809	547	319	675	674	71	958	326	493	73	184	884	134	369	253	503	695	479	6	95	155	157	651	644	49	296	941	594	507	220	444	880	454	181	729	265	848	100	314	74	667	591	854	463	776	647	809	613	773	2	943	432	798	558	249	47	628	800	375	39	244	191	509	585	513	745	15	718	977	173	581	929	183	298	498	383	865	866	754	696	713	870	913	124	389	0	672	326	742	617	826	598	
881	945	2	899	567	785	834	163	20	962	88	608	94	284	405	18	787	923	799	39	378	241	42	923	216	609	912	138	177	476	318	273	137	620	604	756	626	739	192	780	535	213	303	671	300	560	57	682	223	69	458	556	826	935	491	47	80	957	686	128	851	140	617	805	336	891	945	525	130	176	360	432	459	928	44	604	468	76	503	182	206	344	241	338	819	668	759	319	926	555	37	554	748	279	439	851	142	774	715	366	776	197	660	686	586	750	59	195	729	567	618	643	235	672	0	224	894	912	693	609	
500	681	276	52	122	860	571	822	430	56	849	825	683	338	515	755	196	273	816	319	21	358	170	161	328	496	386	544	437	714	719	234	304	557	818	440	494	938	557	625	817	473	354	886	712	97	60	423	797	726	506	211	841	150	260	775	499	15	28	89	85	328	915	818	689	259	832	975	91	359	282	272	25	798	228	892	803	360	325	248	788	595	385	943	321	612	437	221	621	809	846	615	972	739	172	618	210	111	527	977	221	34	66	473	529	173	515	339	880	923	585	349	994	326	224	0	541	576	277	68	
309	32	837	94	89	216	760	13	804	696	16	469	226	994	862	869	345	830	108	277	516	109	386	670	516	39	329	997	871	35	16	348	676	551	927	689	475	747	805	626	335	642	811	916	647	545	295	103	531	268	488	820	10	314	832	449	894	734	29	984	683	120	95	418	827	532	145	335	341	424	811	82	25	263	870	509	40	594	94	856	146	289	925	645	103	155	543	918	107	515	971	467	183	835	790	325	853	253	878	78	51	924	981	708	885	246	460	519	62	84	980	765	218	742	894	541	0	999	207	707	
430	521	19	909	474	411	955	567	738	561	377	190	56	802	923	185	498	683	17	812	814	70	619	773	41	17	587	827	956	626	621	765	160	621	339	356	707	131	971	291	1000	476	192	67	454	424	343	926	131	477	420	952	264	712	601	951	467	606	28	734	527	588	692	247	776	152	787	683	786	743	718	340	447	471	853	802	938	686	704	902	138	717	995	832	368	965	969	434	945	185	600	222	272	909	751	982	712	353	332	481	319	133	32	777	755	166	994	224	388	521	426	383	306	617	912	576	999	0	747	959	
86	465	125	478	153	629	126	766	85	104	877	817	729	517	288	696	285	901	26	963	875	836	8	976	123	155	405	212	225	898	14	521	787	152	434	171	313	296	787	462	201	369	493	796	195	213	707	229	199	162	72	592	522	368	641	437	9	30	576	637	215	743	21	159	344	402	969	808	699	839	853	668	839	477	956	403	870	47	267	680	142	805	104	772	952	667	496	784	78	640	394	857	905	623	34	891	575	227	987	379	376	784	286	199	97	203	602	979	306	864	106	616	642	826	693	277	207	747	0	856	
80	734	420	166	8	257	755	484	272	245	511	698	534	908	379	557	129	871	672	605	832	38	309	407	277	706	525	789	856	892	130	699	71	816	742	471	760	368	196	870	844	907	759	569	47	427	172	686	796	30	744	446	337	369	898	559	748	871	508	802	520	766	309	512	281	484	10	192	788	515	319	778	235	190	12	885	240	901	564	724	705	119	663	81	335	743	941	742	983	96	270	270	498	820	709	188	182	224	891	383	668	336	365	192	614	996	537	803	298	937	502	772	195	598	609	68	707	959	856	0	
