100
0	32	15	31	33	88	36	80	9	22	44	82	30	43	86	24	72	40	8	93	48	5	6	69	21	28	58	54	68	80	48	37	25	70	77	71	35	52	48	4	82	8	73	63	68	12	97	2	19	20	45	35	68	63	93	34	70	53	76	1	57	76	14	70	17	57	25	84	44	54	56	16	75	94	9	61	22	76	61	34	98	44	81	87	99	54	51	11	31	13	81	1	74	7	49	24	30	1	98	39	
32	0	62	33	34	49	10	62	16	100	72	84	24	69	54	37	33	87	55	96	55	21	59	31	33	62	59	78	84	57	28	10	60	38	46	15	31	13	12	37	20	1	51	4	77	2	68	59	80	3	97	23	94	99	10	97	85	52	100	21	96	68	35	63	33	76	37	10	70	34	70	79	35	47	33	24	14	37	78	42	84	57	74	56	91	57	72	73	49	100	34	80	68	34	11	77	26	45	17	19	
15	62	0	79	80	3	48	65	15	51	84	4	91	94	18	69	39	44	3	83	19	33	20	88	97	47	90	89	9	80	36	78	98	24	89	100	61	98	11	39	7	46	43	58	91	91	26	84	33	21	27	78	54	78	42	63	63	40	72	23	64	99	96	10	78	77	30	7	71	9	2	44	93	44	19	25	45	73	72	1	81	60	42	87	9	93	7	53	43	66	67	41	8	90	49	77	97	7	96	52	
31	33	79	0	45	51	27	89	65	54	74	64	38	79	98	79	89	4	14	3	41	27	55	99	48	87	65	87	99	6	55	17	55	32	32	96	96	76	27	78	13	1	96	8	96	47	85	7	92	11	32	53	52	33	61	28	78	21	82	14	72	36	13	94	53	83	70	7	83	99	46	98	87	24	27	28	30	12	48	60	51	52	4	10	92	21	6	29	2	30	52	82	39	98	56	33	82	72	58	88	
33	34	80	45	0	10	34	31	34	67	42	58	37	89	10	9	39	57	83	54	81	53	77	6	46	43	96	57	58	93	9	24	78	95	31	68	23	57	64	36	25	59	97	68	91	7	9	54	35	26	40	97	87	5	43	13	78	89	46	7	15	69	90	89	64	43	36	55	34	85	66	11	100	33	72	90	49	55	9	44	30	6	11	67	20	30	1	83	85	57	24	92	69	47	20	62	20	2	15	64	
88	49	3	51	10	0	14	33	18	49	46	16	71	76	48	21	74	39	29	38	96	50	11	56	61	39	85	90	58	24	7	88	46	57	97	76	12	23	2	14	65	10	76	69	78	98	27	6	37	39	30	25	47	51	100	85	65	78	47	28	87	69	25	26	86	56	36	34	19	16	8	59	15	21	90	11	24	15	39	81	60	12	85	96	97	29	37	71	92	32	6	35	74	46	96	80	51	80	37	3	
36	10	48	27	34	14	0	9	11	16	36	45	52	15	54	28	5	71	71	4	61	5	77	92	98	7	5	46	1	80	76	88	26	60	7	53	85	55	72	72	31	83	65	61	37	68	74	19	98	24	38	34	63	27	91	33	56	41	96	3	57	13	6	54	98	4	13	36	62	38	91	13	18	77	7	36	17	20	44	78	47	1	96	40	94	6	15	33	89	73	59	67	39	78	10	40	10	53	13	8	
80	62	65	89	31	33	9	0	77	56	42	21	66	1	1	43	100	72	95	33	56	15	33	84	2	63	63	18	67	79	58	78	61	99	66	70	58	38	4	81	60	70	97	98	24	72	99	53	98	43	20	64	48	18	47	88	3	2	70	70	82	44	65	72	33	27	16	44	57	100	89	59	12	35	58	98	28	41	98	1	26	14	73	64	69	69	84	46	52	86	36	11	48	60	1	85	8	34	96	15	
9	16	15	65	34	18	11	77	0	48	87	52	18	41	56	55	20	97	37	4	57	38	53	72	75	13	5	68	77	7	40	89	87	60	90	61	85	5	22	68	49	20	18	57	31	87	4	47	83	40	95	72	88	88	55	61	23	65	65	97	73	58	39	18	89	69	6	53	41	14	77	26	64	15	53	9	32	61	33	55	85	86	60	63	62	65	68	78	46	29	98	53	17	70	87	75	57	80	58	98	
22	100	51	54	67	49	16	56	48	0	51	61	79	90	22	97	65	95	94	13	59	90	41	13	12	55	42	33	37	25	38	61	60	27	99	75	78	2	11	17	28	59	81	43	65	38	41	16	62	75	86	25	88	64	15	21	10	31	30	55	58	98	33	36	14	20	70	76	62	41	27	55	80	12	61	92	30	16	80	6	27	94	42	86	81	46	87	100	51	60	54	1	23	51	21	51	64	78	46	46	
44	72	84	74	42	46	36	42	87	51	0	47	27	88	60	47	78	21	44	24	96	87	93	17	35	96	51	92	70	17	20	74	49	44	37	42	6	5	55	55	28	80	26	30	57	33	46	72	56	23	3	88	40	21	51	32	62	46	18	65	63	17	43	92	54	93	40	22	74	37	50	71	39	50	62	3	85	47	18	4	22	29	12	24	78	60	40	75	20	26	13	100	10	79	15	56	39	97	86	89	
82	84	4	64	58	16	45	21	52	61	47	0	32	17	24	71	25	41	2	9	2	95	32	35	33	98	17	20	65	95	46	94	60	99	6	23	33	79	33	27	17	80	54	27	47	29	87	56	13	29	32	89	85	29	96	92	20	22	32	91	18	2	68	74	82	61	63	49	39	73	52	40	43	71	62	49	83	5	33	65	7	31	38	66	44	13	74	16	27	60	74	74	79	37	93	43	62	40	60	52	
30	24	91	38	37	71	52	66	18	79	27	32	0	36	38	10	4	49	56	96	19	68	93	43	47	56	21	14	29	82	64	13	50	47	2	30	97	27	4	98	68	89	96	39	29	93	24	33	67	16	28	77	60	87	89	85	22	87	45	18	17	31	8	82	15	42	3	62	47	59	28	11	26	94	57	78	99	69	41	66	84	31	8	33	21	23	41	15	85	72	77	82	31	52	27	37	3	31	51	60	
43	69	94	79	89	76	15	1	41	90	88	17	36	0	64	5	75	44	64	90	15	95	6	24	71	73	20	98	83	24	42	21	41	5	41	28	27	40	62	64	47	54	49	31	35	21	86	56	66	32	7	32	94	40	24	75	52	6	78	62	72	17	14	15	2	82	97	82	1	63	23	19	46	57	57	16	5	81	34	64	38	96	19	20	50	2	7	37	34	36	71	14	97	14	93	43	82	96	74	42	
86	54	18	98	10	48	54	1	56	22	60	24	38	64	0	5	90	18	26	15	97	80	29	82	76	91	10	5	77	35	66	39	72	7	18	19	89	15	22	73	85	56	29	23	77	59	25	78	30	78	24	29	8	6	30	14	77	62	69	69	65	67	95	82	80	33	87	54	39	4	35	52	39	3	63	47	46	89	94	24	31	20	81	46	44	62	88	86	98	10	77	76	76	4	74	33	88	81	75	39	
24	37	69	79	9	21	28	43	55	97	47	71	10	5	5	0	87	73	11	82	87	25	31	96	42	31	89	79	9	55	25	37	10	21	18	12	81	21	67	24	76	2	83	78	33	38	74	54	81	60	53	43	11	39	77	25	27	70	94	11	83	16	13	26	1	59	12	74	43	39	98	27	83	28	47	67	51	20	40	95	92	14	10	51	93	16	7	37	11	90	10	88	75	63	96	49	99	27	7	82	
72	33	39	89	39	74	5	100	20	65	78	25	4	75	90	87	0	36	1	90	47	39	59	1	18	50	29	22	6	78	22	8	18	23	53	59	86	95	86	8	10	43	43	55	58	34	85	86	86	83	63	60	27	66	7	25	13	74	90	95	15	45	81	18	20	23	37	92	39	63	27	77	9	52	60	97	21	27	98	41	61	10	76	82	95	12	95	48	34	2	90	32	66	26	94	88	37	85	81	35	
40	87	44	4	57	39	71	72	97	95	21	41	49	44	18	73	36	0	16	55	88	47	17	29	79	90	58	18	42	13	50	11	45	67	91	75	19	5	96	51	3	100	15	69	38	15	45	75	53	39	49	94	86	28	63	48	88	98	34	99	60	49	63	51	1	12	75	6	48	44	11	41	61	59	38	77	65	70	85	92	76	84	54	62	44	76	9	43	62	82	31	50	77	77	7	30	65	11	19	76	
8	55	3	14	83	29	71	95	37	94	44	2	56	64	26	11	1	16	0	62	57	22	28	89	33	60	72	30	70	63	71	3	78	95	53	59	54	16	56	6	61	78	34	52	5	90	88	17	23	79	78	8	53	43	72	31	39	15	28	1	41	21	53	73	62	52	20	38	6	13	65	76	83	92	72	22	50	84	64	24	96	27	56	15	11	49	68	26	56	29	42	51	25	29	46	51	99	89	35	90	
93	96	83	3	54	38	4	33	4	13	24	9	96	90	15	82	90	55	62	0	20	58	51	55	25	99	36	98	7	93	3	78	47	16	74	46	28	49	49	35	92	68	30	92	42	93	62	24	50	83	53	71	32	9	29	51	58	45	82	61	17	89	85	100	47	48	47	10	7	17	83	77	16	54	24	79	18	47	16	5	1	60	20	72	19	89	57	93	82	88	90	39	31	40	62	94	65	8	16	19	
48	55	19	41	81	96	61	56	57	59	96	2	19	15	97	87	47	88	57	20	0	68	26	10	29	91	85	80	73	63	97	29	97	38	65	98	62	5	89	53	5	90	6	23	95	13	15	18	27	99	33	70	60	3	48	70	22	73	15	5	10	60	74	54	61	37	55	72	48	88	63	14	98	5	90	98	34	3	48	45	20	7	33	51	29	89	23	42	49	18	7	60	65	10	14	49	81	36	36	78	
5	21	33	27	53	50	5	15	38	90	87	95	68	95	80	25	39	47	22	58	68	0	79	82	66	36	73	11	80	55	3	90	4	34	53	77	46	55	95	77	52	40	90	7	77	93	22	20	81	42	96	73	34	72	43	46	82	51	25	53	31	50	55	37	16	82	29	55	14	100	34	95	5	82	52	48	89	4	70	74	7	31	75	40	52	29	39	81	99	94	71	37	17	59	85	52	14	89	76	19	
6	59	20	55	77	11	77	33	53	41	93	32	93	6	29	31	59	17	28	51	26	79	0	71	56	29	52	84	57	27	79	55	13	9	8	88	50	37	95	9	15	67	34	33	7	18	34	89	14	94	92	64	23	43	72	60	77	73	67	55	53	73	66	3	59	10	95	88	37	99	56	79	76	8	97	68	96	99	69	51	62	58	52	56	24	42	47	9	73	94	4	84	97	63	68	45	71	18	58	67	
69	31	88	99	6	56	92	84	72	13	17	35	43	24	82	96	1	29	89	55	10	82	71	0	30	29	38	45	49	14	38	52	74	2	4	24	8	92	44	56	99	4	39	94	72	67	40	70	23	68	41	73	25	20	30	21	41	22	14	75	89	8	74	34	89	74	22	38	40	21	25	23	93	86	68	74	56	68	26	77	93	10	2	63	57	9	53	74	84	30	87	85	38	59	96	92	92	52	39	10	
21	33	97	48	46	61	98	2	75	12	35	33	47	71	76	42	18	79	33	25	29	66	56	30	0	70	40	57	81	90	67	87	92	96	54	30	100	80	73	62	71	19	53	18	19	73	62	21	75	90	38	76	39	41	63	96	8	57	22	23	22	38	20	70	69	75	17	92	69	88	98	94	38	14	95	58	46	30	86	8	25	26	62	31	88	90	60	96	77	87	78	8	1	61	5	27	10	38	92	37	
28	62	47	87	43	39	7	63	13	55	96	98	56	73	91	31	50	90	60	99	91	36	29	29	70	0	43	28	13	64	86	4	47	83	13	9	57	37	67	50	83	52	13	68	50	39	15	58	61	82	44	14	9	26	39	13	20	96	50	46	5	70	53	31	35	52	6	71	24	23	46	14	32	79	60	39	66	50	100	27	30	56	71	59	8	62	92	12	84	82	14	56	55	36	57	96	88	65	15	75	
58	59	90	65	96	85	5	63	5	42	51	17	21	20	10	89	29	58	72	36	85	73	52	38	40	43	0	90	74	88	26	78	29	67	70	68	84	94	2	86	55	68	94	35	91	21	70	73	14	95	11	62	12	36	82	77	2	58	91	20	63	6	13	64	29	44	99	99	25	7	10	37	13	56	84	50	33	95	8	87	28	14	67	87	80	40	27	80	20	89	17	66	57	25	89	6	19	30	64	99	
54	78	89	87	57	90	46	18	68	33	92	20	14	98	5	79	22	18	30	98	80	11	84	45	57	28	90	0	82	97	1	98	44	19	33	64	37	96	99	93	68	93	48	13	48	71	57	81	23	91	26	71	17	87	20	98	52	60	78	98	62	6	41	58	40	73	48	86	10	26	69	71	59	21	49	49	50	76	81	41	89	80	94	35	97	82	27	70	55	76	85	45	65	25	51	12	4	71	38	44	
68	84	9	99	58	58	1	67	77	37	70	65	29	83	77	9	6	42	70	7	73	80	57	49	81	13	74	82	0	20	99	66	6	36	19	67	91	88	55	31	59	12	8	97	84	15	16	49	94	36	45	1	55	20	94	71	65	48	59	84	56	36	45	88	26	11	37	39	94	17	20	23	77	95	87	83	99	18	79	12	19	79	35	13	57	50	65	29	60	100	19	100	37	81	11	89	30	9	61	99	
80	57	80	6	93	24	80	79	7	25	17	95	82	24	35	55	78	13	63	93	63	55	27	14	90	64	88	97	20	0	70	94	66	61	40	87	65	35	55	79	74	62	65	85	50	43	78	71	10	4	50	97	29	6	85	43	24	75	91	33	41	23	25	34	76	100	39	79	54	10	45	33	20	32	91	25	86	49	100	99	49	98	59	54	3	24	93	38	98	4	93	31	95	89	85	13	39	53	35	11	
48	28	36	55	9	7	76	58	40	38	20	46	64	42	66	25	22	50	71	3	97	3	79	38	67	86	26	1	99	70	0	34	96	60	76	55	74	65	88	12	28	95	75	18	61	86	99	84	44	44	11	24	20	23	60	2	7	66	71	68	80	99	63	13	53	10	33	94	28	1	37	90	12	93	66	65	34	39	68	15	32	11	1	78	25	9	59	9	98	45	73	87	65	73	64	35	13	95	23	5	
37	10	78	17	24	88	88	78	89	61	74	94	13	21	39	37	8	11	3	78	29	90	55	52	87	4	78	98	66	94	34	0	49	77	16	49	32	79	73	58	8	99	46	74	82	57	73	52	2	24	8	98	46	85	14	36	44	41	21	9	7	77	62	36	51	17	77	21	98	100	82	14	65	86	28	100	31	3	90	18	90	76	68	12	7	79	18	72	72	96	14	41	5	69	90	51	32	54	89	67	
25	60	98	55	78	46	26	61	87	60	49	60	50	41	72	10	18	45	78	47	97	4	13	74	92	47	29	44	6	66	96	49	0	48	89	19	27	35	96	19	1	82	96	8	64	46	84	77	31	9	7	2	1	91	38	8	73	81	81	12	66	77	91	27	45	59	73	64	78	4	63	70	17	77	37	11	99	14	73	86	95	11	36	45	44	63	70	42	7	8	9	27	42	22	9	47	49	15	34	59	
70	38	24	32	95	57	60	99	60	27	44	99	47	5	7	21	23	67	95	16	38	34	9	2	96	83	67	19	36	61	60	77	48	0	32	78	66	77	16	26	86	80	5	94	42	52	80	83	99	87	38	37	41	100	85	1	77	27	57	90	92	82	38	96	12	10	64	45	87	12	38	10	26	54	87	33	32	85	62	91	11	65	34	13	38	79	5	74	28	69	4	63	35	11	99	25	4	49	1	87	
77	46	89	32	31	97	7	66	90	99	37	6	2	41	18	18	53	91	53	74	65	53	8	4	54	13	70	33	19	40	76	16	89	32	0	19	96	19	13	66	70	30	4	54	100	13	40	17	42	67	46	22	86	73	45	98	68	28	67	71	22	26	23	34	70	53	67	57	92	60	87	69	90	100	32	66	93	6	5	48	74	87	45	28	41	88	71	16	69	51	87	7	83	38	86	77	63	79	68	9	
71	15	100	96	68	76	53	70	61	75	42	23	30	28	19	12	59	75	59	46	98	77	88	24	30	9	68	64	67	87	55	49	19	78	19	0	73	27	55	92	40	46	23	93	5	43	100	65	50	29	3	65	73	18	8	66	10	83	59	60	75	23	10	38	43	82	63	89	93	21	11	46	75	69	9	37	19	97	71	80	49	5	34	85	24	63	52	87	93	10	7	86	21	33	59	76	59	56	40	82	
35	31	61	96	23	12	85	58	85	78	6	33	97	27	89	81	86	19	54	28	62	46	50	8	100	57	84	37	91	65	74	32	27	66	96	73	0	50	75	85	36	8	16	40	78	99	5	35	64	83	78	38	43	17	51	99	80	13	42	6	80	90	88	37	76	14	36	79	15	88	51	42	90	82	46	50	95	86	97	80	50	20	30	69	71	13	82	84	100	27	30	54	46	29	4	83	78	44	78	39	
52	13	98	76	57	23	55	38	5	2	5	79	27	40	15	21	95	5	16	49	5	55	37	92	80	37	94	96	88	35	65	79	35	77	19	27	50	0	58	57	79	50	91	1	9	65	49	67	11	98	53	61	56	33	75	58	84	44	28	54	10	97	97	62	33	38	81	45	50	41	51	59	89	16	48	66	64	91	4	6	10	80	54	65	65	92	65	71	53	87	67	74	1	40	49	93	55	50	73	10	
48	12	11	27	64	2	72	4	22	11	55	33	4	62	22	67	86	96	56	49	89	95	95	44	73	67	2	99	55	55	88	73	96	16	13	55	75	58	0	4	85	79	70	75	82	28	36	87	24	62	44	93	92	52	21	51	56	29	20	81	89	78	60	5	70	29	3	18	99	67	22	9	63	98	44	96	58	20	99	38	46	74	68	26	100	72	80	87	26	28	14	28	30	81	82	73	29	70	19	70	
4	37	39	78	36	14	72	81	68	17	55	27	98	64	73	24	8	51	6	35	53	77	9	56	62	50	86	93	31	79	12	58	19	26	66	92	85	57	4	0	68	3	98	79	15	3	15	12	61	3	7	57	60	90	78	36	73	97	18	33	53	61	76	87	93	83	39	1	79	79	78	24	83	72	44	47	73	35	62	47	75	50	5	68	53	39	83	87	19	68	75	29	79	37	7	48	32	85	56	73	
82	20	7	13	25	65	31	60	49	28	28	17	68	47	85	76	10	3	61	92	5	52	15	99	71	83	55	68	59	74	28	8	1	86	70	40	36	79	85	68	0	1	69	94	54	30	95	98	93	48	37	6	25	20	56	64	43	66	20	5	71	46	13	20	96	58	40	17	1	33	10	19	18	31	96	97	42	74	11	60	50	13	30	82	34	55	74	21	70	27	10	43	48	33	87	48	4	7	89	96	
8	1	46	1	59	10	83	70	20	59	80	80	89	54	56	2	43	100	78	68	90	40	67	4	19	52	68	93	12	62	95	99	82	80	30	46	8	50	79	3	1	0	32	93	7	11	14	21	55	59	26	11	89	21	60	20	6	2	30	6	12	71	85	84	24	74	78	29	35	15	43	54	85	47	67	3	47	76	90	47	82	26	84	41	85	69	53	13	32	90	1	71	5	70	77	4	19	88	17	86	
73	51	43	96	97	76	65	97	18	81	26	54	96	49	29	83	43	15	34	30	6	90	34	39	53	13	94	48	8	65	75	46	96	5	4	23	16	91	70	98	69	32	0	24	42	11	51	95	83	88	65	59	51	91	68	55	64	55	67	78	20	72	20	48	47	63	83	42	6	12	40	58	20	57	28	83	40	30	37	100	27	49	13	94	3	7	66	23	44	46	30	9	86	8	52	39	88	4	45	74	
63	4	58	8	68	69	61	98	57	43	30	27	39	31	23	78	55	69	52	92	23	7	33	94	18	68	35	13	97	85	18	74	8	94	54	93	40	1	75	79	94	93	24	0	92	40	1	47	46	19	11	27	53	31	70	83	47	1	52	65	60	15	39	45	83	27	75	37	72	71	47	25	70	40	99	70	3	27	77	95	91	57	62	97	82	98	92	5	60	28	58	40	11	72	8	19	12	37	11	50	
68	77	91	96	91	78	37	24	31	65	57	47	29	35	77	33	58	38	5	42	95	77	7	72	19	50	91	48	84	50	61	82	64	42	100	5	78	9	82	15	54	7	42	92	0	46	84	91	1	95	88	51	29	7	91	84	56	58	24	83	25	25	26	68	66	89	78	7	6	39	85	80	17	71	12	25	58	2	19	57	40	13	30	18	36	73	58	88	22	91	9	4	98	77	33	50	5	38	67	47	
12	2	91	47	7	98	68	72	87	38	33	29	93	21	59	38	34	15	90	93	13	93	18	67	73	39	21	71	15	43	86	57	46	52	13	43	99	65	28	3	30	11	11	40	46	0	16	24	5	81	20	13	20	100	27	98	32	72	86	16	12	12	35	23	46	39	28	83	26	66	97	23	46	5	71	87	7	29	41	7	42	21	48	32	29	27	81	17	59	18	54	6	48	89	29	48	46	15	79	1	
97	68	26	85	9	27	74	99	4	41	46	87	24	86	25	74	85	45	88	62	15	22	34	40	62	15	70	57	16	78	99	73	84	80	40	100	5	49	36	15	95	14	51	1	84	16	0	29	41	89	13	77	59	51	33	10	6	78	55	79	37	96	38	39	63	37	8	20	25	72	33	84	69	74	29	6	2	58	29	64	72	71	90	54	54	42	43	24	70	15	32	52	77	64	87	14	4	35	41	83	
2	59	84	7	54	6	19	53	47	16	72	56	33	56	78	54	86	75	17	24	18	20	89	70	21	58	73	81	49	71	84	52	77	83	17	65	35	67	87	12	98	21	95	47	91	24	29	0	50	5	24	63	43	56	76	82	16	54	24	81	8	58	27	54	19	47	2	57	81	95	95	45	17	30	6	86	50	34	91	100	29	29	52	96	40	44	96	17	87	63	89	95	66	27	54	99	38	75	36	53	
19	80	33	92	35	37	98	98	83	62	56	13	67	66	30	81	86	53	23	50	27	81	14	23	75	61	14	23	94	10	44	2	31	99	42	50	64	11	24	61	93	55	83	46	1	5	41	50	0	35	86	30	57	44	75	7	88	33	91	83	3	58	87	32	25	61	73	54	5	70	20	40	50	96	9	37	98	47	46	19	53	31	49	88	7	8	58	10	10	60	49	79	8	13	36	24	25	3	61	13	
20	3	21	11	26	39	24	43	40	75	23	29	16	32	78	60	83	39	79	83	99	42	94	68	90	82	95	91	36	4	44	24	9	87	67	29	83	98	62	3	48	59	88	19	95	81	89	5	35	0	18	32	38	38	58	23	29	64	75	33	83	67	31	6	100	6	56	3	41	48	17	4	77	66	12	25	71	69	36	73	20	29	10	66	32	54	31	6	99	49	3	5	18	75	29	100	78	26	53	82	
45	97	27	32	40	30	38	20	95	86	3	32	28	7	24	53	63	49	78	53	33	96	92	41	38	44	11	26	45	50	11	8	7	38	46	3	78	53	44	7	37	26	65	11	88	20	13	24	86	18	0	96	96	2	77	66	24	61	83	61	17	30	46	19	86	54	52	95	36	45	75	22	10	100	27	92	83	81	21	84	43	26	49	4	46	92	27	33	98	53	91	49	99	79	97	54	65	70	18	94	
35	23	78	53	97	25	34	64	72	25	88	89	77	32	29	43	60	94	8	71	70	73	64	73	76	14	62	71	1	97	24	98	2	37	22	65	38	61	93	57	6	11	59	27	51	13	77	63	30	32	96	0	12	8	28	95	51	40	79	85	75	29	49	69	53	87	95	81	95	74	70	85	59	62	73	52	20	19	7	4	5	26	15	34	23	28	34	69	6	5	29	16	47	39	32	14	77	97	30	90	
68	94	54	52	87	47	63	48	88	88	40	85	60	94	8	11	27	86	53	32	60	34	23	25	39	9	12	17	55	29	20	46	1	41	86	73	43	56	92	60	25	89	51	53	29	20	59	43	57	38	96	12	0	90	78	25	19	71	18	41	62	66	54	60	14	42	43	81	30	84	13	65	21	9	97	33	14	8	17	21	55	30	30	52	96	19	55	18	91	31	96	58	10	100	53	76	79	41	51	6	
63	99	78	33	5	51	27	18	88	64	21	29	87	40	6	39	66	28	43	9	3	72	43	20	41	26	36	87	20	6	23	85	91	100	73	18	17	33	52	90	20	21	91	31	7	100	51	56	44	38	2	8	90	0	35	59	99	29	51	84	35	62	15	78	30	5	19	24	12	42	42	19	96	75	44	26	19	9	69	62	14	78	56	93	36	99	45	21	27	69	13	81	83	81	94	51	42	76	90	32	
93	10	42	61	43	100	91	47	55	15	51	96	89	24	30	77	7	63	72	29	48	43	72	30	63	39	82	20	94	85	60	14	38	85	45	8	51	75	21	78	56	60	68	70	91	27	33	76	75	58	77	28	78	35	0	17	40	77	32	87	57	15	40	97	66	50	9	38	60	24	50	28	91	27	53	99	70	94	50	88	34	35	5	89	62	10	53	3	34	21	85	83	99	31	85	17	53	74	68	90	
34	97	63	28	13	85	33	88	61	21	32	92	85	75	14	25	25	48	31	51	70	46	60	21	96	13	77	98	71	43	2	36	8	1	98	66	99	58	51	36	64	20	55	83	84	98	10	82	7	23	66	95	25	59	17	0	84	88	29	9	32	26	88	16	48	28	34	84	57	27	91	99	58	8	51	4	99	73	79	100	3	9	2	51	78	36	51	68	15	40	5	74	24	25	64	15	23	12	70	14	
70	85	63	78	78	65	56	3	23	10	62	20	22	52	77	27	13	88	39	58	22	82	77	41	8	20	2	52	65	24	7	44	73	77	68	10	80	84	56	73	43	6	64	47	56	32	6	16	88	29	24	51	19	99	40	84	0	2	70	10	4	2	79	51	46	1	1	28	58	7	57	58	87	5	37	43	2	57	99	50	2	57	81	3	63	87	33	57	74	76	67	36	100	28	97	68	28	18	86	91	
53	52	40	21	89	78	41	2	65	31	46	22	87	6	62	70	74	98	15	45	73	51	73	22	57	96	58	60	48	75	66	41	81	27	28	83	13	44	29	97	66	2	55	1	58	72	78	54	33	64	61	40	71	29	77	88	2	0	5	88	74	18	93	85	53	11	87	13	5	29	87	37	25	100	23	32	36	55	8	72	31	92	15	45	70	82	38	55	44	36	57	58	80	37	89	87	99	31	82	29	
76	100	72	82	46	47	96	70	65	30	18	32	45	78	69	94	90	34	28	82	15	25	67	14	22	50	91	78	59	91	71	21	81	57	67	59	42	28	20	18	20	30	67	52	24	86	55	24	91	75	83	79	18	51	32	29	70	5	0	27	1	40	97	30	32	97	57	52	52	76	38	49	43	9	29	91	38	76	67	2	12	63	65	24	3	7	67	31	92	17	79	21	58	53	48	76	54	80	27	42	
1	21	23	14	7	28	3	70	97	55	65	91	18	62	69	11	95	99	1	61	5	53	55	75	23	46	20	98	84	33	68	9	12	90	71	60	6	54	81	33	5	6	78	65	83	16	79	81	83	33	61	85	41	84	87	9	10	88	27	0	33	87	70	82	99	42	28	11	34	58	96	25	46	33	93	42	28	100	1	83	61	83	80	99	80	98	96	14	94	36	46	22	41	63	24	30	51	7	89	76	
57	96	64	72	15	87	57	82	73	58	63	18	17	72	65	83	15	60	41	17	10	31	53	89	22	5	63	62	56	41	80	7	66	92	22	75	80	10	89	53	71	12	20	60	25	12	37	8	3	83	17	75	62	35	57	32	4	74	1	33	0	73	84	68	20	75	16	97	61	89	30	84	88	14	4	84	99	16	35	59	73	33	92	86	31	48	45	35	100	63	26	33	47	76	34	68	36	13	89	70	
76	68	99	36	69	69	13	44	58	98	17	2	31	17	67	16	45	49	21	89	60	50	73	8	38	70	6	6	36	23	99	77	77	82	26	23	90	97	78	61	46	71	72	15	25	12	96	58	58	67	30	29	66	62	15	26	2	18	40	87	73	0	34	89	14	34	29	7	4	42	52	69	68	14	20	90	10	91	97	59	22	33	76	16	57	16	87	65	40	28	93	90	94	4	37	92	13	49	24	77	
14	35	96	13	90	25	6	65	39	33	43	68	8	14	95	13	81	63	53	85	74	55	66	74	20	53	13	41	45	25	63	62	91	38	23	10	88	97	60	76	13	85	20	39	26	35	38	27	87	31	46	49	54	15	40	88	79	93	97	70	84	34	0	39	84	8	76	18	21	64	65	17	72	77	33	32	92	80	33	86	98	5	23	46	36	54	10	77	63	33	27	41	22	97	67	97	32	44	31	23	
70	63	10	94	89	26	54	72	18	36	92	74	82	15	82	26	18	51	73	100	54	37	3	34	70	31	64	58	88	34	13	36	27	96	34	38	37	62	5	87	20	84	48	45	68	23	39	54	32	6	19	69	60	78	97	16	51	85	30	82	68	89	39	0	60	20	34	37	46	15	94	61	81	9	46	71	39	76	26	48	68	55	55	76	83	14	81	24	57	17	70	30	19	59	60	68	66	45	22	95	
17	33	78	53	64	86	98	33	89	14	54	82	15	2	80	1	20	1	62	47	61	16	59	89	69	35	29	40	26	76	53	51	45	12	70	43	76	33	70	93	96	24	47	83	66	46	63	19	25	100	86	53	14	30	66	48	46	53	32	99	20	14	84	60	0	98	46	95	79	47	34	72	95	7	94	79	23	15	74	55	33	99	29	2	40	17	60	85	94	77	45	47	22	93	2	96	13	49	63	83	
57	76	77	83	43	56	4	27	69	20	93	61	42	82	33	59	23	12	52	48	37	82	10	74	75	52	44	73	11	100	10	17	59	10	53	82	14	38	29	83	58	74	63	27	89	39	37	47	61	6	54	87	42	5	50	28	1	11	97	42	75	34	8	20	98	0	36	32	32	66	45	69	79	81	61	59	24	82	87	53	14	3	15	84	37	60	37	78	84	7	35	47	64	1	48	58	50	66	99	58	
25	37	30	70	36	36	13	16	6	70	40	63	3	97	87	12	37	75	20	47	55	29	95	22	17	6	99	48	37	39	33	77	73	64	67	63	36	81	3	39	40	78	83	75	78	28	8	2	73	56	52	95	43	19	9	34	1	87	57	28	16	29	76	34	46	36	0	90	64	7	30	76	60	8	66	68	54	78	19	64	87	56	92	41	19	48	62	82	48	72	89	75	91	88	88	14	13	51	70	98	
84	10	7	7	55	34	36	44	53	76	22	49	62	82	54	74	92	6	38	10	72	55	88	38	92	71	99	86	39	79	94	21	64	45	57	89	79	45	18	1	17	29	42	37	7	83	20	57	54	3	95	81	81	24	38	84	28	13	52	11	97	7	18	37	95	32	90	0	46	28	98	17	73	18	89	36	1	73	46	100	90	55	26	99	67	37	36	67	38	50	98	86	72	86	34	51	23	90	32	92	
44	70	71	83	34	19	62	57	41	62	74	39	47	1	39	43	39	48	6	7	48	14	37	40	69	24	25	10	94	54	28	98	78	87	92	93	15	50	99	79	1	35	6	72	6	26	25	81	5	41	36	95	30	12	60	57	58	5	52	34	61	4	21	46	79	32	64	46	0	5	60	17	61	3	65	35	32	62	46	13	65	72	15	30	16	83	57	81	92	45	100	40	90	56	60	65	86	20	63	28	
54	34	9	99	85	16	38	100	14	41	37	73	59	63	4	39	63	44	13	17	88	100	99	21	88	23	7	26	17	10	1	100	4	12	60	21	88	41	67	79	33	15	12	71	39	66	72	95	70	48	45	74	84	42	24	27	7	29	76	58	89	42	64	15	47	66	7	28	5	0	78	45	15	2	57	62	72	98	5	58	96	78	92	26	94	96	35	59	21	13	36	94	65	69	22	65	64	85	63	61	
56	70	2	46	66	8	91	89	77	27	50	52	28	23	35	98	27	11	65	83	63	34	56	25	98	46	10	69	20	45	37	82	63	38	87	11	51	51	22	78	10	43	40	47	85	97	33	95	20	17	75	70	13	42	50	91	57	87	38	96	30	52	65	94	34	45	30	98	60	78	0	34	94	37	80	9	39	76	91	74	56	75	51	91	59	72	68	27	35	41	36	7	52	32	73	11	91	55	37	44	
16	79	44	98	11	59	13	59	26	55	71	40	11	19	52	27	77	41	76	77	14	95	79	23	94	14	37	71	23	33	90	14	70	10	69	46	42	59	9	24	19	54	58	25	80	23	84	45	40	4	22	85	65	19	28	99	58	37	49	25	84	69	17	61	72	69	76	17	17	45	34	0	2	53	92	79	85	23	36	86	78	51	25	25	74	69	84	100	49	54	44	2	85	93	25	97	18	8	96	13	
75	35	93	87	100	15	18	12	64	80	39	43	26	46	39	83	9	61	83	16	98	5	76	93	38	32	13	59	77	20	12	65	17	26	90	75	90	89	63	83	18	85	20	70	17	46	69	17	50	77	10	59	21	96	91	58	87	25	43	46	88	68	72	81	95	79	60	73	61	15	94	2	0	64	4	20	22	59	81	91	94	14	68	84	26	12	33	60	28	72	55	74	17	12	78	96	20	96	25	22	
94	47	44	24	33	21	77	35	15	12	50	71	94	57	3	28	52	59	92	54	5	82	8	86	14	79	56	21	95	32	93	86	77	54	100	69	82	16	98	72	31	47	57	40	71	5	74	30	96	66	100	62	9	75	27	8	5	100	9	33	14	14	77	9	7	81	8	18	3	2	37	53	64	0	66	38	11	77	31	33	58	4	41	38	34	66	87	78	40	40	37	1	35	88	67	22	11	23	43	44	
9	33	19	27	72	90	7	58	53	61	62	62	57	57	63	47	60	38	72	24	90	52	97	68	95	60	84	49	87	91	66	28	37	87	32	9	46	48	44	44	96	67	28	99	12	71	29	6	9	12	27	73	97	44	53	51	37	23	29	93	4	20	33	46	94	61	66	89	65	57	80	92	4	66	0	71	59	31	41	74	32	26	5	14	51	9	29	13	95	84	85	85	12	19	54	81	33	32	40	25	
61	24	25	28	90	11	36	98	9	92	3	49	78	16	47	67	97	77	22	79	98	48	68	74	58	39	50	49	83	25	65	100	11	33	66	37	50	66	96	47	97	3	83	70	25	87	6	86	37	25	92	52	33	26	99	4	43	32	91	42	84	90	32	71	79	59	68	36	35	62	9	79	20	38	71	0	62	74	15	50	38	42	49	90	65	68	11	90	70	84	19	48	87	3	74	72	8	29	57	34	
22	14	45	30	49	24	17	28	32	30	85	83	99	5	46	51	21	65	50	18	34	89	96	56	46	66	33	50	99	86	34	31	99	32	93	19	95	64	58	73	42	47	40	3	58	7	2	50	98	71	83	20	14	19	70	99	2	36	38	28	99	10	92	39	23	24	54	1	32	72	39	85	22	11	59	62	0	61	60	17	46	34	17	99	62	61	33	97	67	39	7	62	10	39	47	56	93	32	82	48	
76	37	73	12	55	15	20	41	61	16	47	5	69	81	89	20	27	70	84	47	3	4	99	68	30	50	95	76	18	49	39	3	14	85	6	97	86	91	20	35	74	76	30	27	2	29	58	34	47	69	81	19	8	9	94	73	57	55	76	100	16	91	80	76	15	82	78	73	62	98	76	23	59	77	31	74	61	0	2	80	53	70	12	68	91	42	4	33	3	54	89	27	65	76	95	30	8	98	88	27	
61	78	72	48	9	39	44	98	33	80	18	33	41	34	94	40	98	85	64	16	48	70	69	26	86	100	8	81	79	100	68	90	73	62	5	71	97	4	99	62	11	90	37	77	19	41	29	91	46	36	21	7	17	69	50	79	99	8	67	1	35	97	33	26	74	87	19	46	46	5	91	36	81	31	41	15	60	2	0	68	60	68	100	1	38	78	22	27	28	20	86	15	42	84	14	10	99	7	81	21	
34	42	1	60	44	81	78	1	55	6	4	65	66	64	24	95	41	92	24	5	45	74	51	77	8	27	87	41	12	99	15	18	86	91	48	80	80	6	38	47	60	47	100	95	57	7	64	100	19	73	84	4	21	62	88	100	50	72	2	83	59	59	86	48	55	53	64	100	13	58	74	86	91	33	74	50	17	80	68	0	72	11	73	53	80	99	72	11	71	53	13	19	20	55	64	72	11	82	61	59	
98	84	81	51	30	60	47	26	85	27	22	7	84	38	31	92	61	76	96	1	20	7	62	93	25	30	28	89	19	49	32	90	95	11	74	49	50	10	46	75	50	82	27	91	40	42	72	29	53	20	43	5	55	14	34	3	2	31	12	61	73	22	98	68	33	14	87	90	65	96	56	78	94	58	32	38	46	53	60	72	0	2	5	89	61	34	81	62	66	58	16	16	32	68	19	47	15	19	39	51	
44	57	60	52	6	12	1	14	86	94	29	31	31	96	20	14	10	84	27	60	7	31	58	10	26	56	14	80	79	98	11	76	11	65	87	5	20	80	74	50	13	26	49	57	13	21	71	29	31	29	26	26	30	78	35	9	57	92	63	83	33	33	5	55	99	3	56	55	72	78	75	51	14	4	26	42	34	70	68	11	2	0	74	52	7	49	50	87	20	8	26	45	49	8	82	80	81	70	11	78	
81	74	42	4	11	85	96	73	60	42	12	38	8	19	81	10	76	54	56	20	33	75	52	2	62	71	67	94	35	59	1	68	36	34	45	34	30	54	68	5	30	84	13	62	30	48	90	52	49	10	49	15	30	56	5	2	81	15	65	80	92	76	23	55	29	15	92	26	15	92	51	25	68	41	5	49	17	12	100	73	5	74	0	34	40	31	17	59	46	42	90	90	97	25	41	34	27	6	32	38	
87	56	87	10	67	96	40	64	63	86	24	66	33	20	46	51	82	62	15	72	51	40	56	63	31	59	87	35	13	54	78	12	45	13	28	85	69	65	26	68	82	41	94	97	18	32	54	96	88	66	4	34	52	93	89	51	3	45	24	99	86	16	46	76	2	84	41	99	30	26	91	25	84	38	14	90	99	68	1	53	89	52	34	0	72	55	16	39	35	5	64	26	40	32	8	34	68	2	57	84	
99	91	9	92	20	97	94	69	62	81	78	44	21	50	44	93	95	44	11	19	29	52	24	57	88	8	80	97	57	3	25	7	44	38	41	24	71	65	100	53	34	85	3	82	36	29	54	40	7	32	46	23	96	36	62	78	63	70	3	80	31	57	36	83	40	37	19	67	16	94	59	74	26	34	51	65	62	91	38	80	61	7	40	72	0	21	49	13	87	40	33	6	15	56	86	57	65	57	69	89	
54	57	93	21	30	29	6	69	65	46	60	13	23	2	62	16	12	76	49	89	89	29	42	9	90	62	40	82	50	24	9	79	63	79	88	63	13	92	72	39	55	69	7	98	73	27	42	44	8	54	92	28	19	99	10	36	87	82	7	98	48	16	54	14	17	60	48	37	83	96	72	69	12	66	9	68	61	42	78	99	34	49	31	55	21	0	37	25	88	58	39	13	39	50	5	71	14	3	5	51	
51	72	7	6	1	37	15	84	68	87	40	74	41	7	88	7	95	9	68	57	23	39	47	53	60	92	27	27	65	93	59	18	70	5	71	52	82	65	80	83	74	53	66	92	58	81	43	96	58	31	27	34	55	45	53	51	33	38	67	96	45	87	10	81	60	37	62	36	57	35	68	84	33	87	29	11	33	4	22	72	81	50	17	16	49	37	0	16	77	10	20	93	50	9	61	11	3	19	31	65	
11	73	53	29	83	71	33	46	78	100	75	16	15	37	86	37	48	43	26	93	42	81	9	74	96	12	80	70	29	38	9	72	42	74	16	87	84	71	87	87	21	13	23	5	88	17	24	17	10	6	33	69	18	21	3	68	57	55	31	14	35	65	77	24	85	78	82	67	81	59	27	100	60	78	13	90	97	33	27	11	62	87	59	39	13	25	16	0	89	35	56	36	53	73	64	43	36	44	3	66	
31	49	43	2	85	92	89	52	46	51	20	27	85	34	98	11	34	62	56	82	49	99	73	84	77	84	20	55	60	98	98	72	7	28	69	93	100	53	26	19	70	32	44	60	22	59	70	87	10	99	98	6	91	27	34	15	74	44	92	94	100	40	63	57	94	84	48	38	92	21	35	49	28	40	95	70	67	3	28	71	66	20	46	35	87	88	77	89	0	98	88	36	94	20	57	20	55	92	1	2	
13	100	66	30	57	32	73	86	29	60	26	60	72	36	10	90	2	82	29	88	18	94	94	30	87	82	89	76	100	4	45	96	8	69	51	10	27	87	28	68	27	90	46	28	91	18	15	63	60	49	53	5	31	69	21	40	76	36	17	36	63	28	33	17	77	7	72	50	45	13	41	54	72	40	84	84	39	54	20	53	58	8	42	5	40	58	10	35	98	0	65	36	61	1	91	90	5	38	32	91	
81	34	67	52	24	6	59	36	98	54	13	74	77	71	77	10	90	31	42	90	7	71	4	87	78	14	17	85	19	93	73	14	9	4	87	7	30	67	14	75	10	1	30	58	9	54	32	89	49	3	91	29	96	13	85	5	67	57	79	46	26	93	27	70	45	35	89	98	100	36	36	44	55	37	85	19	7	89	86	13	16	26	90	64	33	39	20	56	88	65	0	70	68	4	73	53	26	71	43	32	
1	80	41	82	92	35	67	11	53	1	100	74	82	14	76	88	32	50	51	39	60	37	84	85	8	56	66	45	100	31	87	41	27	63	7	86	54	74	28	29	43	71	9	40	4	6	52	95	79	5	49	16	58	81	83	74	36	58	21	22	33	90	41	30	47	47	75	86	40	94	7	2	74	1	85	48	62	27	15	19	16	45	90	26	6	13	93	36	36	36	70	0	92	48	91	8	40	73	81	47	
74	68	8	39	69	74	39	48	17	23	10	79	31	97	76	75	66	77	25	31	65	17	97	38	1	55	57	65	37	95	65	5	42	35	83	21	46	1	30	79	48	5	86	11	98	48	77	66	8	18	99	47	10	83	99	24	100	80	58	41	47	94	22	19	22	64	91	72	90	65	52	85	17	35	12	87	10	65	42	20	32	49	97	40	15	39	50	53	94	61	68	92	0	98	69	47	85	5	6	50	
7	34	90	98	47	46	78	60	70	51	79	37	52	14	4	63	26	77	29	40	10	59	63	59	61	36	25	25	81	89	73	69	22	11	38	33	29	40	81	37	33	70	8	72	77	89	64	27	13	75	79	39	100	81	31	25	28	37	53	63	76	4	97	59	93	1	88	86	56	69	32	93	12	88	19	3	39	76	84	55	68	8	25	32	56	50	9	73	20	1	4	48	98	0	30	13	36	28	18	46	
49	11	49	56	20	96	10	1	87	21	15	93	27	93	74	96	94	7	46	62	14	85	68	96	5	57	89	51	11	85	64	90	9	99	86	59	4	49	82	7	87	77	52	8	33	29	87	54	36	29	97	32	53	94	85	64	97	89	48	24	34	37	67	60	2	48	88	34	60	22	73	25	78	67	54	74	47	95	14	64	19	82	41	8	86	5	61	64	57	91	73	91	69	30	0	86	88	87	34	7	
24	77	77	33	62	80	40	85	75	51	56	43	37	43	33	49	88	30	51	94	49	52	45	92	27	96	6	12	89	13	35	51	47	25	77	76	83	93	73	48	48	4	39	19	50	48	14	99	24	100	54	14	76	51	17	15	68	87	76	30	68	92	97	68	96	58	14	51	65	65	11	97	96	22	81	72	56	30	10	72	47	80	34	34	57	71	11	43	20	90	53	8	47	13	86	0	21	94	86	96	
30	26	97	82	20	51	10	8	57	64	39	62	3	82	88	99	37	65	99	65	81	14	71	92	10	88	19	4	30	39	13	32	49	4	63	59	78	55	29	32	4	19	88	12	5	46	4	38	25	78	65	77	79	42	53	23	28	99	54	51	36	13	32	66	13	50	13	23	86	64	91	18	20	11	33	8	93	8	99	11	15	81	27	68	65	14	3	36	55	5	26	40	85	36	88	21	0	11	72	64	
1	45	7	72	2	80	53	34	80	78	97	40	31	96	81	27	85	11	89	8	36	89	18	52	38	65	30	71	9	53	95	54	15	49	79	56	44	50	70	85	7	88	4	37	38	15	35	75	3	26	70	97	41	76	74	12	18	31	80	7	13	49	44	45	49	66	51	90	20	85	55	8	96	23	32	29	32	98	7	82	19	70	6	2	57	3	19	44	92	38	71	73	5	28	87	94	11	0	56	2	
98	17	96	58	15	37	13	96	58	46	86	60	51	74	75	7	81	19	35	16	36	76	58	39	92	15	64	38	61	35	23	89	34	1	68	40	78	73	19	56	89	17	45	11	67	79	41	36	61	53	18	30	51	90	68	70	86	82	27	89	89	24	31	22	63	99	70	32	63	63	37	96	25	43	40	57	82	88	81	61	39	11	32	57	69	5	31	3	1	32	43	81	6	18	34	86	72	56	0	84	
39	19	52	88	64	3	8	15	98	46	89	52	60	42	39	82	35	76	90	19	78	19	67	10	37	75	99	44	99	11	5	67	59	87	9	82	39	10	70	73	96	86	74	50	47	1	83	53	13	82	94	90	6	32	90	14	91	29	42	76	70	77	23	95	83	58	98	92	28	61	44	13	22	44	25	34	48	27	21	59	51	78	38	84	89	51	65	66	2	91	32	47	50	46	7	96	64	2	84	0	
