50
0	41	62	23	98	1	60	70	68	26	75	75	73	99	88	6	73	32	20	18	38	1	18	88	48	18	68	58	43	57	82	91	57	43	16	38	85	49	98	61	7	86	36	20	8	32	86	59	20	53	
41	0	44	54	55	14	18	66	57	90	4	12	22	52	20	84	81	12	24	57	98	33	49	64	29	47	88	74	17	95	20	34	82	52	68	14	87	63	7	16	91	14	89	24	34	56	64	11	94	64	
62	44	0	67	95	23	24	17	18	83	97	94	1	54	12	73	3	6	14	97	76	86	15	41	65	52	99	61	12	55	7	32	52	22	86	39	97	78	87	39	77	2	31	62	5	44	98	26	50	91	
23	54	67	0	30	14	54	7	63	69	27	33	92	100	58	92	30	67	67	71	75	43	73	56	42	11	76	35	49	12	14	51	25	53	11	22	2	79	58	76	22	34	93	14	82	64	8	95	80	74	
98	55	95	30	0	33	6	99	63	68	17	68	23	31	89	29	77	97	39	90	24	38	75	67	29	98	87	65	76	39	59	65	91	80	46	27	51	40	75	36	92	58	88	97	97	10	23	84	64	80	
1	14	23	14	33	0	44	13	3	63	6	7	15	85	5	23	27	57	19	44	96	17	98	39	96	29	49	37	69	20	39	58	44	61	48	41	29	92	1	73	81	35	62	78	65	91	66	85	84	19	
60	18	24	54	6	44	0	35	96	40	99	7	73	97	24	82	60	79	24	4	67	77	16	61	62	5	98	87	3	78	16	77	71	83	56	74	94	70	81	95	40	26	70	32	9	4	66	84	70	80	
70	66	17	7	99	13	35	0	79	24	63	62	55	82	87	67	88	46	31	10	55	33	27	90	88	68	87	34	47	79	33	38	6	71	50	99	5	48	74	50	90	39	11	69	75	15	93	3	24	58	
68	57	18	63	63	3	96	79	0	36	86	49	71	86	45	23	94	56	90	74	51	42	36	15	22	25	86	15	58	52	5	96	97	67	22	18	16	100	50	28	7	62	45	72	15	31	25	33	98	20	
26	90	83	69	68	63	40	24	36	0	13	60	27	40	93	5	18	85	35	78	82	58	39	96	45	41	76	13	28	35	83	26	80	70	19	86	8	22	13	86	97	84	4	26	78	6	60	84	35	75	
75	4	97	27	17	6	99	63	86	13	0	44	64	39	86	30	96	37	72	47	69	84	99	26	73	35	84	37	2	84	57	5	86	78	47	61	5	29	29	66	57	45	26	69	24	7	72	29	63	59	
75	12	94	33	68	7	7	62	49	60	44	0	50	47	44	33	99	48	57	30	47	86	7	25	73	77	98	31	66	75	47	20	5	49	94	59	63	64	22	76	25	65	97	36	64	81	12	44	52	60	
73	22	1	92	23	15	73	55	71	27	64	50	0	65	62	64	50	11	36	52	82	88	50	84	66	50	51	33	63	32	26	34	11	73	95	29	49	30	95	17	52	95	8	45	18	19	30	26	41	37	
99	52	54	100	31	85	97	82	86	40	39	47	65	0	41	46	51	90	28	74	82	61	69	26	4	8	67	78	85	75	32	39	33	25	70	78	52	35	68	75	94	70	72	86	100	21	84	51	60	66	
88	20	12	58	89	5	24	87	45	93	86	44	62	41	0	1	64	100	75	80	31	78	88	64	23	91	75	38	55	81	17	27	34	41	15	19	14	33	34	58	83	62	19	92	66	62	46	37	69	92	
6	84	73	92	29	23	82	67	23	5	30	33	64	46	1	0	74	2	41	7	42	9	91	60	65	23	15	6	31	36	34	36	74	10	5	94	96	65	82	56	99	87	67	24	60	40	65	20	17	48	
73	81	3	30	77	27	60	88	94	18	96	99	50	51	64	74	0	87	87	1	32	55	52	25	45	64	59	96	71	13	17	30	77	1	14	70	37	75	73	81	67	71	54	2	53	86	82	80	78	6	
32	12	6	67	97	57	79	46	56	85	37	48	11	90	100	2	87	0	60	96	27	54	91	48	17	57	9	40	9	100	26	50	76	25	39	37	58	5	97	97	57	2	77	99	53	53	65	23	8	14	
20	24	14	67	39	19	24	31	90	35	72	57	36	28	75	41	87	60	0	80	25	95	10	58	40	71	52	62	55	29	47	65	86	14	14	64	45	44	77	12	32	33	55	55	43	25	17	54	86	5	
18	57	97	71	90	44	4	10	74	78	47	30	52	74	80	7	1	96	80	0	62	46	51	40	7	100	26	27	49	13	34	49	29	65	34	21	71	26	7	50	18	59	16	22	3	3	89	50	12	24	
38	98	76	75	24	96	67	55	51	82	69	47	82	82	31	42	32	27	25	62	0	93	58	43	35	2	66	50	53	14	24	93	91	67	87	46	18	78	43	45	7	97	1	81	73	66	10	57	42	99	
1	33	86	43	38	17	77	33	42	58	84	86	88	61	78	9	55	54	95	46	93	0	51	2	51	16	43	60	34	38	85	71	22	93	87	32	10	44	100	56	45	15	49	60	66	97	26	41	22	43	
18	49	15	73	75	98	16	27	36	39	99	7	50	69	88	91	52	91	10	51	58	51	0	95	70	6	92	19	4	35	43	20	54	75	87	40	89	34	65	61	53	93	19	80	72	29	87	59	7	11	
88	64	41	56	67	39	61	90	15	96	26	25	84	26	64	60	25	48	58	40	43	2	95	0	45	18	31	63	93	34	2	42	24	45	30	73	46	69	8	70	41	49	49	13	52	11	89	40	14	23	
48	29	65	42	29	96	62	88	22	45	73	73	66	4	23	65	45	17	40	7	35	51	70	45	0	1	79	59	48	58	91	87	16	7	87	78	35	52	7	48	30	11	88	42	58	79	76	56	30	54	
18	47	52	11	98	29	5	68	25	41	35	77	50	8	91	23	64	57	71	100	2	16	6	18	1	0	12	88	56	75	31	15	60	69	65	39	78	91	32	93	55	16	74	72	93	96	67	18	6	8	
68	88	99	76	87	49	98	87	86	76	84	98	51	67	75	15	59	9	52	26	66	43	92	31	79	12	0	32	33	74	94	92	56	4	97	42	27	99	24	59	76	60	64	58	56	27	19	45	37	6	
58	74	61	35	65	37	87	34	15	13	37	31	33	78	38	6	96	40	62	27	50	60	19	63	59	88	32	0	30	69	5	22	15	72	51	77	32	54	37	58	62	99	65	30	93	47	100	99	87	24	
43	17	12	49	76	69	3	47	58	28	2	66	63	85	55	31	71	9	55	49	53	34	4	93	48	56	33	30	0	80	64	63	47	48	96	5	43	58	82	47	79	16	56	65	78	31	14	92	61	52	
57	95	55	12	39	20	78	79	52	35	84	75	32	75	81	36	13	100	29	13	14	38	35	34	58	75	74	69	80	0	2	59	83	68	70	51	64	22	33	57	40	43	42	34	57	9	37	10	92	60	
82	20	7	14	59	39	16	33	5	83	57	47	26	32	17	34	17	26	47	34	24	85	43	2	91	31	94	5	64	2	0	95	48	36	29	16	41	56	75	31	47	89	28	54	36	83	87	54	35	88	
91	34	32	51	65	58	77	38	96	26	5	20	34	39	27	36	30	50	65	49	93	71	20	42	87	15	92	22	63	59	95	0	95	65	2	1	49	74	100	5	9	26	77	31	11	29	80	68	16	10	
57	82	52	25	91	44	71	6	97	80	86	5	11	33	34	74	77	76	86	29	91	22	54	24	16	60	56	15	47	83	48	95	0	48	18	97	2	54	39	27	45	22	76	8	51	100	47	30	79	93	
43	52	22	53	80	61	83	71	67	70	78	49	73	25	41	10	1	25	14	65	67	93	75	45	7	69	4	72	48	68	36	65	48	0	74	78	74	78	39	6	86	84	45	15	67	9	68	32	30	97	
16	68	86	11	46	48	56	50	22	19	47	94	95	70	15	5	14	39	14	34	87	87	87	30	87	65	97	51	96	70	29	2	18	74	0	92	47	80	89	34	99	97	48	88	13	97	59	93	23	11	
38	14	39	22	27	41	74	99	18	86	61	59	29	78	19	94	70	37	64	21	46	32	40	73	78	39	42	77	5	51	16	1	97	78	92	0	47	44	78	28	39	29	35	98	83	33	4	34	59	19	
85	87	97	2	51	29	94	5	16	8	5	63	49	52	14	96	37	58	45	71	18	10	89	46	35	78	27	32	43	64	41	49	2	74	47	47	0	15	23	5	83	35	49	87	30	35	80	23	21	56	
49	63	78	79	40	92	70	48	100	22	29	64	30	35	33	65	75	5	44	26	78	44	34	69	52	91	99	54	58	22	56	74	54	78	80	44	15	0	68	15	11	86	84	51	2	93	54	48	45	84	
98	7	87	58	75	1	81	74	50	13	29	22	95	68	34	82	73	97	77	7	43	100	65	8	7	32	24	37	82	33	75	100	39	39	89	78	23	68	0	27	72	35	14	55	79	34	53	90	64	70	
61	16	39	76	36	73	95	50	28	86	66	76	17	75	58	56	81	97	12	50	45	56	61	70	48	93	59	58	47	57	31	5	27	6	34	28	5	15	27	0	75	32	72	76	15	87	26	90	83	39	
7	91	77	22	92	81	40	90	7	97	57	25	52	94	83	99	67	57	32	18	7	45	53	41	30	55	76	62	79	40	47	9	45	86	99	39	83	11	72	75	0	29	44	47	43	34	52	71	78	24	
86	14	2	34	58	35	26	39	62	84	45	65	95	70	62	87	71	2	33	59	97	15	93	49	11	16	60	99	16	43	89	26	22	84	97	29	35	86	35	32	29	0	50	20	26	16	3	41	24	9	
36	89	31	93	88	62	70	11	45	4	26	97	8	72	19	67	54	77	55	16	1	49	19	49	88	74	64	65	56	42	28	77	76	45	48	35	49	84	14	72	44	50	0	88	76	84	41	81	78	87	
20	24	62	14	97	78	32	69	72	26	69	36	45	86	92	24	2	99	55	22	81	60	80	13	42	72	58	30	65	34	54	31	8	15	88	98	87	51	55	76	47	20	88	0	62	83	98	30	50	52	
8	34	5	82	97	65	9	75	15	78	24	64	18	100	66	60	53	53	43	3	73	66	72	52	58	93	56	93	78	57	36	11	51	67	13	83	30	2	79	15	43	26	76	62	0	12	92	16	29	82	
32	56	44	64	10	91	4	15	31	6	7	81	19	21	62	40	86	53	25	3	66	97	29	11	79	96	27	47	31	9	83	29	100	9	97	33	35	93	34	87	34	16	84	83	12	0	16	67	78	20	
86	64	98	8	23	66	66	93	25	60	72	12	30	84	46	65	82	65	17	89	10	26	87	89	76	67	19	100	14	37	87	80	47	68	59	4	80	54	53	26	52	3	41	98	92	16	0	56	12	69	
59	11	26	95	84	85	84	3	33	84	29	44	26	51	37	20	80	23	54	50	57	41	59	40	56	18	45	99	92	10	54	68	30	32	93	34	23	48	90	90	71	41	81	30	16	67	56	0	29	66	
20	94	50	80	64	84	70	24	98	35	63	52	41	60	69	17	78	8	86	12	42	22	7	14	30	6	37	87	61	92	35	16	79	30	23	59	21	45	64	83	78	24	78	50	29	78	12	29	0	94	
53	64	91	74	80	19	80	58	20	75	59	60	37	66	92	48	6	14	5	24	99	43	11	23	54	8	6	24	52	60	88	10	93	97	11	19	56	84	70	39	24	9	87	52	82	20	69	66	94	0	
