100
0	69	19	80	22	37	56	69	97	15	21	6	32	75	64	95	38	58	59	40	28	21	7	85	15	4	34	4	91	100	82	55	65	90	29	79	16	54	62	12	14	28	8	22	40	70	6	27	56	98	15	78	93	21	7	76	49	16	73	25	38	3	94	58	14	43	1	44	25	56	53	42	51	18	5	19	50	95	6	78	4	30	54	4	37	63	26	88	100	67	97	47	92	45	16	10	65	49	65	75	
69	0	66	83	72	85	69	39	10	20	13	52	92	54	88	63	68	88	5	62	70	39	43	84	54	79	79	86	48	92	94	75	16	82	15	68	47	47	95	55	25	87	42	36	44	81	17	52	89	71	37	98	22	62	99	36	60	99	59	51	10	77	50	97	81	71	71	70	54	57	70	72	13	82	36	100	86	5	82	98	41	29	60	47	18	80	91	69	31	55	10	95	2	50	89	35	54	20	59	77	
19	66	0	52	30	42	48	5	7	88	94	27	59	41	7	53	9	58	10	74	3	88	13	80	33	1	95	8	58	10	58	62	79	22	73	83	36	94	46	31	96	46	96	25	62	26	73	47	93	40	54	22	57	29	36	17	87	63	29	93	28	50	10	61	97	1	71	71	61	55	43	86	89	17	82	85	20	82	60	16	3	42	36	10	60	95	89	23	75	45	99	71	7	20	13	7	29	92	10	54	
80	83	52	0	82	92	26	30	64	97	15	32	91	57	14	49	92	51	43	34	42	42	64	7	91	90	73	72	100	73	1	92	1	10	59	85	59	14	63	91	31	76	27	100	88	74	25	68	88	84	59	43	27	97	33	43	100	64	73	74	27	37	21	36	71	67	12	36	40	4	62	93	8	95	74	47	75	62	61	27	19	44	24	95	21	96	80	77	1	23	89	7	64	11	62	59	72	64	27	27	
22	72	30	82	0	24	51	16	60	45	93	9	3	4	92	68	13	16	28	79	35	86	17	34	12	32	16	73	13	71	35	26	81	36	25	24	59	33	86	24	16	99	59	10	58	78	9	36	77	17	88	23	56	68	77	67	87	99	15	31	50	63	26	59	86	67	97	49	14	73	46	31	50	93	48	88	74	91	64	37	73	24	67	16	64	1	67	97	12	79	79	5	29	42	72	89	27	4	53	44	
37	85	42	92	24	0	94	5	43	59	16	57	30	44	37	85	18	81	48	46	33	83	21	70	53	86	86	20	97	62	69	94	36	82	18	93	57	13	45	40	96	46	35	21	69	44	78	57	71	30	18	95	80	39	61	82	39	9	81	2	76	31	48	60	23	89	40	8	92	54	33	48	30	4	92	86	90	47	77	91	62	51	67	18	85	64	10	99	74	51	65	12	85	67	85	99	40	99	78	70	
56	69	48	26	51	94	0	6	25	37	11	80	23	5	24	5	6	62	58	40	29	39	32	59	99	3	31	78	43	38	40	84	22	16	61	76	17	7	95	64	50	84	71	87	41	24	75	49	72	81	48	92	54	14	26	96	11	27	11	10	25	68	44	84	76	29	8	55	28	42	6	94	75	88	86	30	70	100	83	51	53	58	3	15	33	4	22	16	96	52	91	6	85	87	85	25	38	92	97	8	
69	39	5	30	16	5	6	0	56	93	29	43	46	8	69	34	36	80	27	26	21	5	20	44	79	53	81	32	46	61	43	76	20	92	31	4	7	90	32	44	71	71	90	20	34	84	83	27	45	78	24	51	45	78	15	24	22	38	98	12	82	22	26	69	73	13	13	77	52	21	73	42	27	15	90	52	40	76	82	12	76	41	62	58	84	22	24	6	33	33	75	47	83	15	86	76	32	47	5	51	
97	10	7	64	60	43	25	56	0	27	66	32	91	83	71	97	64	90	56	36	34	90	45	29	70	95	23	34	47	28	11	46	21	94	40	85	27	30	87	81	31	54	26	40	86	12	42	79	32	79	80	70	76	26	70	53	99	28	54	90	15	72	13	52	76	82	9	76	26	42	59	18	40	17	79	18	96	65	36	79	91	52	21	96	63	32	92	93	87	97	4	52	13	36	77	1	41	47	19	63	
15	20	88	97	45	59	37	93	27	0	54	92	93	32	95	23	86	70	96	38	57	42	69	59	97	10	62	36	19	18	23	10	75	68	90	4	9	41	39	49	48	69	95	13	75	70	4	75	28	88	39	3	77	13	83	7	45	63	14	11	59	28	30	65	21	42	65	73	76	83	48	77	21	72	44	16	67	22	62	44	96	16	81	81	29	9	73	96	50	61	62	40	84	63	82	96	41	26	35	18	
21	13	94	15	93	16	11	29	66	54	0	49	16	4	14	83	70	2	57	56	10	26	87	33	17	21	67	83	53	38	27	10	90	31	20	2	63	79	26	86	27	100	91	62	61	68	4	92	12	8	37	97	95	7	62	97	44	32	70	40	32	99	55	78	31	81	57	50	76	46	44	22	42	3	88	14	8	24	52	54	2	11	3	12	5	73	85	95	1	25	8	33	5	3	100	51	43	47	1	30	
6	52	27	32	9	57	80	43	32	92	49	0	45	30	61	32	83	60	86	73	17	47	93	59	28	2	79	52	8	54	34	83	12	89	47	92	37	87	47	76	80	6	52	12	91	37	21	44	50	96	4	35	90	34	23	81	1	10	65	37	71	32	83	33	53	15	63	82	60	79	35	16	40	41	48	98	34	96	29	38	99	75	75	64	57	76	99	71	51	7	78	51	36	79	67	65	88	8	42	68	
32	92	59	91	3	30	23	46	91	93	16	45	0	42	94	36	17	17	77	43	22	66	93	15	10	33	36	74	56	24	54	4	33	92	100	73	10	77	64	83	15	32	76	50	77	23	77	19	6	17	45	1	14	78	40	10	4	49	24	21	39	65	35	54	86	93	78	23	31	71	75	53	35	22	34	99	68	10	59	6	27	37	82	64	8	36	37	31	44	23	26	84	9	20	84	21	32	77	32	7	
75	54	41	57	4	44	5	8	83	32	4	30	42	0	60	2	91	99	25	50	38	7	39	16	65	56	4	56	4	86	35	6	74	64	74	23	67	8	23	7	85	10	86	86	95	85	10	21	49	1	37	88	54	76	13	89	6	18	13	12	62	98	23	57	70	20	19	69	19	12	39	41	45	84	48	46	6	61	61	50	44	66	68	35	51	85	14	81	55	38	42	59	17	45	68	29	95	39	17	64	
64	88	7	14	92	37	24	69	71	95	14	61	94	60	0	85	32	50	73	1	36	98	75	14	52	58	79	93	66	32	5	76	55	34	12	7	87	31	38	36	46	30	65	82	54	57	2	17	45	77	60	40	53	69	39	7	17	43	1	39	97	26	32	15	53	61	6	47	69	36	77	28	37	69	11	82	96	44	61	36	10	10	62	11	83	3	58	48	28	62	84	15	56	95	73	92	27	15	58	19	
95	63	53	49	68	85	5	34	97	23	83	32	36	2	85	0	77	93	56	44	58	45	81	75	53	96	38	42	91	3	7	85	70	97	74	37	70	86	91	44	94	1	36	44	65	52	97	22	38	55	10	37	70	46	96	31	46	19	20	2	5	75	26	59	19	27	81	20	70	90	28	75	63	22	48	11	36	92	91	49	37	88	93	74	36	32	76	40	54	28	77	29	7	45	56	85	97	54	61	46	
38	68	9	92	13	18	6	36	64	86	70	83	17	91	32	77	0	100	48	69	44	40	81	91	40	55	83	44	79	52	78	11	24	37	55	81	86	85	58	99	43	1	99	2	6	96	52	76	42	12	63	55	14	95	53	99	19	78	14	95	85	93	91	57	99	96	8	70	78	76	91	99	67	100	20	37	90	9	11	51	37	35	7	34	38	31	64	25	82	10	63	54	30	32	41	78	86	81	5	44	
58	88	58	51	16	81	62	80	90	70	2	60	17	99	50	93	100	0	80	58	58	41	69	95	88	40	62	83	38	21	6	44	16	22	91	9	85	45	63	98	48	99	35	31	26	8	42	4	35	36	79	91	39	73	90	58	87	26	38	98	20	16	27	92	26	71	42	87	4	51	38	66	83	47	44	84	60	65	2	26	51	16	55	27	66	67	78	69	29	10	89	63	63	14	88	6	69	36	15	48	
59	5	10	43	28	48	58	27	56	96	57	86	77	25	73	56	48	80	0	93	90	28	87	14	18	56	78	70	23	7	46	68	92	14	51	15	78	20	21	94	49	80	77	86	80	51	30	81	78	25	5	36	96	56	76	51	99	32	30	100	72	4	80	33	42	45	38	46	51	13	21	94	31	31	4	25	34	49	16	58	57	76	1	69	87	91	25	76	16	87	51	78	93	82	20	32	44	35	61	71	
40	62	74	34	79	46	40	26	36	38	56	73	43	50	1	44	69	58	93	0	15	60	82	5	84	85	36	95	48	93	97	100	73	33	36	44	4	37	7	96	31	94	77	11	49	5	71	44	83	26	18	14	51	70	66	72	72	78	26	66	13	96	48	35	25	84	42	26	39	77	5	86	9	16	77	25	94	8	13	80	79	82	40	16	98	95	79	1	58	71	21	54	7	53	90	28	55	4	12	97	
28	70	3	42	35	33	29	21	34	57	10	17	22	38	36	58	44	58	90	15	0	71	96	47	24	50	10	45	28	98	36	72	54	20	28	48	67	43	94	37	33	16	12	30	53	96	58	21	5	33	30	97	22	65	25	6	81	93	19	39	6	86	72	22	9	34	76	60	4	93	64	2	9	16	76	24	80	97	51	19	60	40	54	81	14	74	65	64	29	12	12	43	32	2	9	10	89	48	97	87	
21	39	88	42	86	83	39	5	90	42	26	47	66	7	98	45	40	41	28	60	71	0	84	13	12	48	99	67	92	67	95	14	9	8	19	56	91	41	67	36	60	88	40	85	85	68	58	46	46	33	2	64	20	5	9	83	18	59	77	16	83	19	78	38	88	50	40	65	81	12	95	8	93	79	86	57	17	90	56	97	56	61	89	80	96	83	65	39	36	97	10	77	94	5	22	47	11	95	14	18	
7	43	13	64	17	21	32	20	45	69	87	93	93	39	75	81	81	69	87	82	96	84	0	89	62	56	37	88	27	68	80	85	77	75	97	86	12	24	5	2	16	87	100	28	4	1	36	97	4	69	71	47	62	28	8	71	52	28	85	46	59	88	74	20	26	17	68	57	82	44	10	5	28	90	76	62	68	52	14	15	28	45	59	71	88	40	27	70	5	66	38	3	19	47	95	79	64	64	19	65	
85	84	80	7	34	70	59	44	29	59	33	59	15	16	14	75	91	95	14	5	47	13	89	0	78	21	45	94	75	8	25	15	47	62	35	1	18	56	15	64	84	37	39	55	69	46	33	6	24	10	2	5	75	14	45	77	16	28	20	53	70	56	64	35	55	31	63	62	73	60	63	49	42	71	44	89	56	88	26	44	41	11	92	3	8	49	100	38	28	63	88	17	56	98	24	81	43	23	94	98	
15	54	33	91	12	53	99	79	70	97	17	28	10	65	52	53	40	88	18	84	24	12	62	78	0	89	27	10	23	63	94	42	53	43	99	29	41	10	12	65	1	74	32	50	95	55	64	69	50	70	46	95	49	44	2	27	31	91	79	22	90	61	90	40	22	29	33	37	68	88	11	21	50	9	6	21	41	16	61	55	74	79	60	16	13	32	96	35	75	61	19	45	93	94	43	47	61	43	94	35	
4	79	1	90	32	86	3	53	95	10	21	2	33	56	58	96	55	40	56	85	50	48	56	21	89	0	65	38	2	68	90	45	1	51	7	7	92	6	30	7	88	10	50	98	1	58	66	82	99	16	85	66	1	75	62	44	64	92	49	36	47	13	91	11	60	37	66	40	84	85	21	78	86	94	47	71	45	72	65	59	19	90	57	24	12	40	68	84	44	30	44	7	72	1	6	62	7	94	30	32	
34	79	95	73	16	86	31	81	23	62	67	79	36	4	79	38	83	62	78	36	10	99	37	45	27	65	0	36	57	37	9	30	32	66	65	53	57	60	98	31	9	10	96	57	26	16	43	86	57	45	82	4	48	50	15	50	60	18	19	78	62	94	43	12	43	71	67	51	96	90	62	31	35	83	50	14	20	69	98	54	7	93	5	67	70	61	81	81	85	91	7	37	4	65	89	73	69	7	77	60	
4	86	8	72	73	20	78	32	34	36	83	52	74	56	93	42	44	83	70	95	45	67	88	94	10	38	36	0	11	23	76	3	82	25	71	61	47	44	52	97	90	31	32	17	91	67	100	36	14	84	18	9	27	82	77	31	64	22	76	41	20	85	26	75	52	24	18	40	35	84	1	41	11	80	100	10	66	21	72	40	7	6	87	86	42	64	73	28	9	3	51	80	20	85	31	27	97	75	63	97	
91	48	58	100	13	97	43	46	47	19	53	8	56	4	66	91	79	38	23	48	28	92	27	75	23	2	57	11	0	16	54	10	4	58	63	52	2	57	31	62	27	44	4	23	92	98	56	33	46	36	51	38	31	2	66	64	55	27	46	23	70	22	46	62	8	71	85	13	45	94	100	93	50	92	71	16	87	15	93	75	59	97	33	50	49	36	22	99	68	68	82	93	69	24	39	41	35	14	50	18	
100	92	10	73	71	62	38	61	28	18	38	54	24	86	32	3	52	21	7	93	98	67	68	8	63	68	37	23	16	0	59	10	17	18	78	41	34	1	60	81	36	81	81	27	30	78	49	88	5	35	92	2	67	45	33	95	37	60	40	66	9	79	96	8	29	15	61	61	66	87	33	88	100	91	82	52	57	22	53	63	60	32	37	27	93	100	97	80	38	22	66	29	83	88	73	98	45	62	64	81	
82	94	58	1	35	69	40	43	11	23	27	34	54	35	5	7	78	6	46	97	36	95	80	25	94	90	9	76	54	59	0	11	100	27	95	94	75	9	50	11	66	44	37	87	15	57	64	90	48	3	88	59	63	3	89	67	50	40	18	24	95	72	12	56	75	31	4	14	31	94	18	56	67	2	86	77	99	94	84	33	36	18	6	11	44	58	87	34	44	79	85	23	44	80	56	26	56	27	13	51	
55	75	62	92	26	94	84	76	46	10	10	83	4	6	76	85	11	44	68	100	72	14	85	15	42	45	30	3	10	10	11	0	18	85	40	31	28	43	26	47	64	3	17	32	45	78	53	27	20	19	50	59	62	36	79	18	3	67	31	20	4	69	95	82	57	10	51	21	66	47	40	68	83	87	5	43	9	83	48	34	11	22	60	27	77	93	20	8	59	63	11	15	86	39	54	10	31	81	77	45	
65	16	79	1	81	36	22	20	21	75	90	12	33	74	55	70	24	16	92	73	54	9	77	47	53	1	32	82	4	17	100	18	0	72	94	81	37	58	100	17	60	99	33	52	78	97	87	15	66	36	60	96	21	97	79	86	90	50	55	37	64	16	26	92	100	18	28	9	9	20	77	69	84	3	28	93	31	51	50	100	7	99	83	66	6	24	7	37	2	89	63	90	27	84	21	61	21	52	93	48	
90	82	22	10	36	82	16	92	94	68	31	89	92	64	34	97	37	22	14	33	20	8	75	62	43	51	66	25	58	18	27	85	72	0	93	58	2	69	25	22	33	71	59	76	27	91	23	39	37	60	35	80	23	27	79	5	13	95	8	68	90	32	53	3	34	30	61	26	43	40	67	27	42	54	79	4	18	12	93	70	66	40	8	33	19	10	92	17	16	41	6	31	9	41	79	42	21	86	36	39	
29	15	73	59	25	18	61	31	40	90	20	47	100	74	12	74	55	91	51	36	28	19	97	35	99	7	65	71	63	78	95	40	94	93	0	80	96	98	43	84	77	38	92	40	75	42	23	9	42	75	44	67	88	18	14	84	48	10	93	35	43	92	53	100	21	35	6	13	99	49	100	24	85	1	27	55	79	29	35	8	4	51	36	91	22	40	70	29	43	68	7	70	15	24	65	41	40	65	29	22	
79	68	83	85	24	93	76	4	85	4	2	92	73	23	7	37	81	9	15	44	48	56	86	1	29	7	53	61	52	41	94	31	81	58	80	0	2	60	76	52	86	63	26	77	77	59	60	70	1	70	94	27	88	19	32	91	56	83	52	72	17	46	85	50	84	91	42	35	41	8	95	62	96	74	63	36	73	39	89	63	40	93	29	63	18	18	65	82	53	84	68	43	65	7	29	65	100	100	5	97	
16	47	36	59	59	57	17	7	27	9	63	37	10	67	87	70	86	85	78	4	67	91	12	18	41	92	57	47	2	34	75	28	37	2	96	2	0	7	13	19	12	99	38	44	42	59	54	67	28	6	3	17	36	27	46	3	74	67	22	24	1	95	26	62	56	71	73	5	2	14	70	62	92	46	88	69	21	47	96	8	31	47	40	26	28	89	82	69	75	6	74	51	48	59	100	91	58	48	78	58	
54	47	94	14	33	13	7	90	30	41	79	87	77	8	31	86	85	45	20	37	43	41	24	56	10	6	60	44	57	1	9	43	58	69	98	60	7	0	59	20	44	16	93	31	44	96	51	100	28	46	41	83	6	21	9	90	15	20	90	78	39	5	2	32	28	100	70	84	42	76	61	46	10	11	35	44	53	83	55	3	91	89	26	37	50	25	93	43	5	98	57	58	10	7	94	43	55	90	30	7	
62	95	46	63	86	45	95	32	87	39	26	47	64	23	38	91	58	63	21	7	94	67	5	15	12	30	98	52	31	60	50	26	100	25	43	76	13	59	0	49	32	46	28	17	29	38	82	16	81	40	60	96	20	87	71	91	26	46	43	87	22	13	63	99	72	72	4	97	32	1	9	8	93	40	22	88	61	57	44	60	35	96	95	32	39	86	11	63	73	82	8	74	88	27	46	13	76	68	51	77	
12	55	31	91	24	40	64	44	81	49	86	76	83	7	36	44	99	98	94	96	37	36	2	64	65	7	31	97	62	81	11	47	17	22	84	52	19	20	49	0	82	47	90	51	87	46	35	20	40	42	36	2	16	62	52	90	54	57	58	58	73	99	40	45	37	33	56	81	87	94	36	60	36	100	81	33	38	51	33	49	48	80	92	86	28	90	27	75	54	26	48	65	66	72	61	61	56	65	56	54	
14	25	96	31	16	96	50	71	31	48	27	80	15	85	46	94	43	48	49	31	33	60	16	84	1	88	9	90	27	36	66	64	60	33	77	86	12	44	32	82	0	42	10	98	17	7	56	55	35	99	61	98	86	12	52	25	39	99	84	35	95	70	59	84	56	16	65	13	17	73	58	69	45	64	96	98	29	14	75	52	93	50	91	63	16	97	40	11	53	22	28	49	97	78	83	12	66	20	86	25	
28	87	46	76	99	46	84	71	54	69	100	6	32	10	30	1	1	99	80	94	16	88	87	37	74	10	10	31	44	81	44	3	99	71	38	63	99	16	46	47	42	0	22	1	39	94	21	10	44	16	47	58	18	48	70	97	45	19	66	89	25	34	73	80	91	89	73	34	21	74	16	97	94	12	52	23	42	96	7	63	94	84	32	13	79	91	82	10	71	8	1	11	55	78	71	58	55	67	20	39	
8	42	96	27	59	35	71	90	26	95	91	52	76	86	65	36	99	35	77	77	12	40	100	39	32	50	96	32	4	81	37	17	33	59	92	26	38	93	28	90	10	22	0	3	19	21	32	31	44	30	7	62	79	18	67	6	54	20	37	47	28	74	88	69	56	28	35	75	62	74	26	53	42	42	37	52	99	18	36	21	7	13	61	95	83	27	30	53	33	82	98	51	48	78	88	19	81	96	78	63	
22	36	25	100	10	21	87	20	40	13	62	12	50	86	82	44	2	31	86	11	30	85	28	55	50	98	57	17	23	27	87	32	52	76	40	77	44	31	17	51	98	1	3	0	47	67	58	98	32	19	14	24	34	71	81	2	10	72	42	1	16	66	17	89	79	70	38	41	39	17	32	53	81	25	99	29	93	25	86	20	71	1	76	75	15	95	71	27	49	80	13	40	25	54	59	51	2	73	83	11	
40	44	62	88	58	69	41	34	86	75	61	91	77	95	54	65	6	26	80	49	53	85	4	69	95	1	26	91	92	30	15	45	78	27	75	77	42	44	29	87	17	39	19	47	0	61	8	34	83	44	78	2	15	64	81	100	65	48	51	98	61	35	70	67	36	68	88	55	4	60	36	12	96	71	87	1	79	42	86	74	70	80	23	40	31	60	59	58	27	39	67	72	2	94	62	92	13	70	17	23	
70	81	26	74	78	44	24	84	12	70	68	37	23	85	57	52	96	8	51	5	96	68	1	46	55	58	16	67	98	78	57	78	97	91	42	59	59	96	38	46	7	94	21	67	61	0	49	71	47	97	91	33	83	2	99	82	48	19	56	47	37	72	15	52	38	8	84	35	90	35	82	24	60	34	27	9	66	49	35	47	16	25	51	62	6	12	90	80	82	5	3	27	40	38	9	46	59	60	94	22	
6	17	73	25	9	78	75	83	42	4	4	21	77	10	2	97	52	42	30	71	58	58	36	33	64	66	43	100	56	49	64	53	87	23	23	60	54	51	82	35	56	21	32	58	8	49	0	3	30	90	29	14	6	60	23	4	13	14	47	22	72	14	48	76	34	35	77	95	92	85	86	87	91	16	52	81	20	99	30	94	18	40	81	64	83	82	41	79	72	11	65	42	6	95	36	16	49	88	13	56	
27	52	47	68	36	57	49	27	79	75	92	44	19	21	17	22	76	4	81	44	21	46	97	6	69	82	86	36	33	88	90	27	15	39	9	70	67	100	16	20	55	10	31	98	34	71	3	0	37	60	77	11	26	8	51	92	24	22	48	61	1	49	23	70	1	71	74	6	61	76	99	40	28	90	22	26	48	60	100	56	55	98	39	52	83	21	90	2	98	3	84	37	25	66	68	55	93	93	24	14	
56	89	93	88	77	71	72	45	32	28	12	50	6	49	45	38	42	35	78	83	5	46	4	24	50	99	57	14	46	5	48	20	66	37	42	1	28	28	81	40	35	44	44	32	83	47	30	37	0	92	31	18	71	62	46	58	83	67	35	85	12	94	57	66	21	46	23	91	77	32	62	98	37	54	5	100	59	50	27	9	2	58	90	58	48	62	61	80	99	55	93	86	27	26	8	4	6	16	14	8	
98	71	40	84	17	30	81	78	79	88	8	96	17	1	77	55	12	36	25	26	33	33	69	10	70	16	45	84	36	35	3	19	36	60	75	70	6	46	40	42	99	16	30	19	44	97	90	60	92	0	41	45	39	69	11	86	12	3	87	60	100	3	79	26	75	27	74	78	14	11	97	38	46	57	34	20	2	86	36	32	30	67	11	18	50	31	83	39	33	33	63	40	26	96	56	12	64	68	42	85	
15	37	54	59	88	18	48	24	80	39	37	4	45	37	60	10	63	79	5	18	30	2	71	2	46	85	82	18	51	92	88	50	60	35	44	94	3	41	60	36	61	47	7	14	78	91	29	77	31	41	0	30	61	38	54	6	87	52	8	9	96	79	47	67	30	91	89	67	70	54	9	46	81	70	33	96	1	26	9	75	63	3	23	87	60	25	87	18	72	26	44	80	74	10	59	57	61	12	96	38	
78	98	22	43	23	95	92	51	70	3	97	35	1	88	40	37	55	91	36	14	97	64	47	5	95	66	4	9	38	2	59	59	96	80	67	27	17	83	96	2	98	58	62	24	2	33	14	11	18	45	30	0	59	64	30	26	76	81	79	54	17	17	84	55	26	66	93	42	88	71	96	56	72	24	50	15	43	46	46	65	30	95	3	31	90	92	88	17	18	91	42	88	30	64	89	16	46	30	54	3	
93	22	57	27	56	80	54	45	76	77	95	90	14	54	53	70	14	39	96	51	22	20	62	75	49	1	48	27	31	67	63	62	21	23	88	88	36	6	20	16	86	18	79	34	15	83	6	26	71	39	61	59	0	19	24	21	29	90	73	73	30	17	11	28	17	7	15	69	27	42	95	10	27	39	25	87	42	42	80	48	70	11	84	31	27	72	11	10	78	59	21	22	21	26	100	36	10	2	9	46	
21	62	29	97	68	39	14	78	26	13	7	34	78	76	69	46	95	73	56	70	65	5	28	14	44	75	50	82	2	45	3	36	97	27	18	19	27	21	87	62	12	48	18	71	64	2	60	8	62	69	38	64	19	0	24	49	32	69	27	11	59	1	68	46	80	34	60	80	76	38	20	22	28	28	9	55	10	67	36	55	53	82	37	57	36	50	35	61	76	16	59	9	96	5	75	86	25	30	64	51	
7	99	36	33	77	61	26	15	70	83	62	23	40	13	39	96	53	90	76	66	25	9	8	45	2	62	15	77	66	33	89	79	79	79	14	32	46	9	71	52	52	70	67	81	81	99	23	51	46	11	54	30	24	24	0	77	25	67	98	17	46	28	18	37	74	72	76	15	86	56	52	77	90	57	51	67	79	27	43	96	9	45	94	46	97	58	86	80	32	9	84	91	16	5	28	57	71	39	44	74	
76	36	17	43	67	82	96	24	53	7	97	81	10	89	7	31	99	58	51	72	6	83	71	77	27	44	50	31	64	95	67	18	86	5	84	91	3	90	91	90	25	97	6	2	100	82	4	92	58	86	6	26	21	49	77	0	84	93	73	7	73	32	75	56	66	1	27	8	87	83	53	16	6	48	58	72	25	61	12	37	35	78	32	16	77	30	5	21	85	39	7	24	95	22	80	67	62	50	10	40	
49	60	87	100	87	39	11	22	99	45	44	1	4	6	17	46	19	87	99	72	81	18	52	16	31	64	60	64	55	37	50	3	90	13	48	56	74	15	26	54	39	45	54	10	65	48	13	24	83	12	87	76	29	32	25	84	0	11	74	33	50	9	7	3	62	70	26	69	16	10	82	52	82	44	90	21	25	49	49	9	13	53	70	64	33	30	42	80	91	8	52	92	1	66	7	97	50	91	54	1	
16	99	63	64	99	9	27	38	28	63	32	10	49	18	43	19	78	26	32	78	93	59	28	28	91	92	18	22	27	60	40	67	50	95	10	83	67	20	46	57	99	19	20	72	48	19	14	22	67	3	52	81	90	69	67	93	11	0	31	25	16	6	84	80	41	9	25	6	45	40	56	1	32	41	94	79	13	60	50	38	98	39	33	54	89	83	59	6	12	30	24	80	50	87	38	94	93	41	38	38	
73	59	29	73	15	81	11	98	54	14	70	65	24	13	1	20	14	38	30	26	19	77	85	20	79	49	19	76	46	40	18	31	55	8	93	52	22	90	43	58	84	66	37	42	51	56	47	48	35	87	8	79	73	27	98	73	74	31	0	14	64	89	90	47	20	25	27	28	43	97	21	13	37	45	88	87	11	5	65	80	73	11	48	47	23	19	84	68	5	87	68	76	45	35	65	9	21	51	72	85	
25	51	93	74	31	2	10	12	90	11	40	37	21	12	39	2	95	98	100	66	39	16	46	53	22	36	78	41	23	66	24	20	37	68	35	72	24	78	87	58	35	89	47	1	98	47	22	61	85	60	9	54	73	11	17	7	33	25	14	0	26	99	5	76	4	14	100	70	31	93	11	53	30	18	84	7	45	60	17	4	76	1	65	83	86	15	68	53	56	64	26	50	39	52	99	50	74	59	63	7	
38	10	28	27	50	76	25	82	15	59	32	71	39	62	97	5	85	20	72	13	6	83	59	70	90	47	62	20	70	9	95	4	64	90	43	17	1	39	22	73	95	25	28	16	61	37	72	1	12	100	96	17	30	59	46	73	50	16	64	26	0	64	51	81	49	52	6	21	26	87	16	10	88	20	84	76	87	61	69	98	67	88	99	39	49	86	41	43	81	5	1	64	32	1	34	6	59	17	49	98	
3	77	50	37	63	31	68	22	72	28	99	32	65	98	26	75	93	16	4	96	86	19	88	56	61	13	94	85	22	79	72	69	16	32	92	46	95	5	13	99	70	34	74	66	35	72	14	49	94	3	79	17	17	1	28	32	9	6	89	99	64	0	68	51	68	53	92	83	47	93	68	44	28	52	19	34	32	13	48	73	74	99	96	3	7	99	43	68	19	46	95	47	27	39	25	14	51	57	31	2	
94	50	10	21	26	48	44	26	13	30	55	83	35	23	32	26	91	27	80	48	72	78	74	64	90	91	43	26	46	96	12	95	26	53	53	85	26	2	63	40	59	73	88	17	70	15	48	23	57	79	47	84	11	68	18	75	7	84	90	5	51	68	0	75	52	78	80	80	21	97	63	44	23	74	74	18	97	39	33	82	13	7	63	5	25	50	23	92	8	94	84	62	99	43	64	59	34	30	52	42	
58	97	61	36	59	60	84	69	52	65	78	33	54	57	15	59	57	92	33	35	22	38	20	35	40	11	12	75	62	8	56	82	92	3	100	50	62	32	99	45	84	80	69	89	67	52	76	70	66	26	67	55	28	46	37	56	3	80	47	76	81	51	75	0	57	33	65	27	58	18	35	62	24	34	42	6	57	20	20	85	92	66	13	3	18	65	8	53	78	75	47	36	66	70	78	14	76	12	48	44	
14	81	97	71	86	23	76	73	76	21	31	53	86	70	53	19	99	26	42	25	9	88	26	55	22	60	43	52	8	29	75	57	100	34	21	84	56	28	72	37	56	91	56	79	36	38	34	1	21	75	30	26	17	80	74	66	62	41	20	4	49	68	52	57	0	17	74	70	53	33	57	32	62	63	9	41	75	58	32	100	28	24	31	36	31	62	63	77	41	52	11	12	59	51	96	42	32	12	1	32	
43	71	1	67	67	89	29	13	82	42	81	15	93	20	61	27	96	71	45	84	34	50	17	31	29	37	71	24	71	15	31	10	18	30	35	91	71	100	72	33	16	89	28	70	68	8	35	71	46	27	91	66	7	34	72	1	70	9	25	14	52	53	78	33	17	0	28	67	96	25	14	75	40	30	14	95	24	58	44	58	17	54	97	7	51	4	59	41	66	48	94	21	2	29	38	100	87	72	50	98	
1	71	71	12	97	40	8	13	9	65	57	63	78	19	6	81	8	42	38	42	76	40	68	63	33	66	67	18	85	61	4	51	28	61	6	42	73	70	4	56	65	73	35	38	88	84	77	74	23	74	89	93	15	60	76	27	26	25	27	100	6	92	80	65	74	28	0	59	94	64	82	72	1	66	40	95	77	31	33	77	51	74	2	72	26	78	60	9	8	95	82	59	46	15	79	88	84	72	62	66	
44	70	71	36	49	8	55	77	76	73	50	82	23	69	47	20	70	87	46	26	60	65	57	62	37	40	51	40	13	61	14	21	9	26	13	35	5	84	97	81	13	34	75	41	55	35	95	6	91	78	67	42	69	80	15	8	69	6	28	70	21	83	80	27	70	67	59	0	3	17	83	65	97	52	20	51	38	12	40	69	87	79	62	36	99	57	13	18	61	29	31	13	45	86	64	60	62	70	56	21	
25	54	61	40	14	92	28	52	26	76	76	60	31	19	69	70	78	4	51	39	4	81	82	73	68	84	96	35	45	66	31	66	9	43	99	41	2	42	32	87	17	21	62	39	4	90	92	61	77	14	70	88	27	76	86	87	16	45	43	31	26	47	21	58	53	96	94	3	0	96	92	55	43	33	16	59	46	5	52	11	79	90	79	64	72	33	100	53	99	38	84	51	58	2	88	44	23	67	75	35	
56	57	55	4	73	54	42	21	42	83	46	79	71	12	36	90	76	51	13	77	93	12	44	60	88	85	90	84	94	87	94	47	20	40	49	8	14	76	1	94	73	74	74	17	60	35	85	76	32	11	54	71	42	38	56	83	10	40	97	93	87	93	97	18	33	25	64	17	96	0	45	76	11	21	67	30	93	10	46	30	54	95	61	59	7	78	24	50	52	39	62	45	9	62	37	13	29	89	97	3	
53	70	43	62	46	33	6	73	59	48	44	35	75	39	77	28	91	38	21	5	64	95	10	63	11	21	62	1	100	33	18	40	77	67	100	95	70	61	9	36	58	16	26	32	36	82	86	99	62	97	9	96	95	20	52	53	82	56	21	11	16	68	63	35	57	14	82	83	92	45	0	48	87	36	97	2	81	23	8	12	52	37	48	63	47	66	64	47	6	53	36	29	79	78	20	76	73	77	25	88	
42	72	86	93	31	48	94	42	18	77	22	16	53	41	28	75	99	66	94	86	2	8	5	49	21	78	31	41	93	88	56	68	69	27	24	62	62	46	8	60	69	97	53	53	12	24	87	40	98	38	46	56	10	22	77	16	52	1	13	53	10	44	44	62	32	75	72	65	55	76	48	0	78	99	70	36	25	80	97	6	15	68	26	53	61	54	21	30	71	45	7	78	8	97	53	90	22	19	40	12	
51	13	89	8	50	30	75	27	40	21	42	40	35	45	37	63	67	83	31	9	9	93	28	42	50	86	35	11	50	100	67	83	84	42	85	96	92	10	93	36	45	94	42	81	96	60	91	28	37	46	81	72	27	28	90	6	82	32	37	30	88	28	23	24	62	40	1	97	43	11	87	78	0	91	52	72	22	67	47	43	44	56	75	5	67	12	90	46	59	6	45	91	48	48	84	65	64	38	50	90	
18	82	17	95	93	4	88	15	17	72	3	41	22	84	69	22	100	47	31	16	16	79	90	71	9	94	83	80	92	91	2	87	3	54	1	74	46	11	40	100	64	12	42	25	71	34	16	90	54	57	70	24	39	28	57	48	44	41	45	18	20	52	74	34	63	30	66	52	33	21	36	99	91	0	32	67	88	53	38	48	85	40	94	97	90	32	67	52	39	32	36	39	78	98	58	18	41	87	85	69	
5	36	82	74	48	92	86	90	79	44	88	48	34	48	11	48	20	44	4	77	76	86	76	44	6	47	50	100	71	82	86	5	28	79	27	63	88	35	22	81	96	52	37	99	87	27	52	22	5	34	33	50	25	9	51	58	90	94	88	84	84	19	74	42	9	14	40	20	16	67	97	70	52	32	0	62	14	66	50	83	18	63	18	23	7	29	72	84	38	73	79	77	15	62	10	98	80	74	12	46	
19	100	85	47	88	86	30	52	18	16	14	98	99	46	82	11	37	84	25	25	24	57	62	89	21	71	14	10	16	52	77	43	93	4	55	36	69	44	88	33	98	23	52	29	1	9	81	26	100	20	96	15	87	55	67	72	21	79	87	7	76	34	18	6	41	95	95	51	59	30	2	36	72	67	62	0	51	43	89	24	29	80	70	63	69	32	88	51	99	94	95	59	53	54	56	1	93	6	5	22	
50	86	20	75	74	90	70	40	96	67	8	34	68	6	96	36	90	60	34	94	80	17	68	56	41	45	20	66	87	57	99	9	31	18	79	73	21	53	61	38	29	42	99	93	79	66	20	48	59	2	1	43	42	10	79	25	25	13	11	45	87	32	97	57	75	24	77	38	46	93	81	25	22	88	14	51	0	41	37	57	70	67	48	88	84	41	90	75	21	52	81	67	67	16	2	26	60	79	13	95	
95	5	82	62	91	47	100	76	65	22	24	96	10	61	44	92	9	65	49	8	97	90	52	88	16	72	69	21	15	22	94	83	51	12	29	39	47	83	57	51	14	96	18	25	42	49	99	60	50	86	26	46	42	67	27	61	49	60	5	60	61	13	39	20	58	58	31	12	5	10	23	80	67	53	66	43	41	0	96	17	68	51	76	51	42	48	39	98	27	45	14	99	63	2	6	44	70	57	12	14	
6	82	60	61	64	77	83	82	36	62	52	29	59	61	61	91	11	2	16	13	51	56	14	26	61	65	98	72	93	53	84	48	50	93	35	89	96	55	44	33	75	7	36	86	86	35	30	100	27	36	9	46	80	36	43	12	49	50	65	17	69	48	33	20	32	44	33	40	52	46	8	97	47	38	50	89	37	96	0	10	53	18	41	70	98	61	55	81	61	34	89	56	34	93	78	73	23	38	73	57	
78	98	16	27	37	91	51	12	79	44	54	38	6	50	36	49	51	26	58	80	19	97	15	44	55	59	54	40	75	63	33	34	100	70	8	63	8	3	60	49	52	63	21	20	74	47	94	56	9	32	75	65	48	55	96	37	9	38	80	4	98	73	82	85	100	58	77	69	11	30	12	6	43	48	83	24	57	17	10	0	27	42	2	70	34	62	36	44	46	25	89	96	99	96	33	27	35	90	47	34	
4	41	3	19	73	62	53	76	91	96	2	99	27	44	10	37	37	51	57	79	60	56	28	41	74	19	7	7	59	60	36	11	7	66	4	40	31	91	35	48	93	94	7	71	70	16	18	55	2	30	63	30	70	53	9	35	13	98	73	76	67	74	13	92	28	17	51	87	79	54	52	15	44	85	18	29	70	68	53	27	0	46	6	30	22	16	88	95	34	22	65	92	10	78	46	53	90	13	67	64	
30	29	42	44	24	51	58	41	52	16	11	75	37	66	10	88	35	16	76	82	40	61	45	11	79	90	93	6	97	32	18	22	99	40	51	93	47	89	96	80	50	84	13	1	80	25	40	98	58	67	3	95	11	82	45	78	53	39	11	1	88	99	7	66	24	54	74	79	90	95	37	68	56	40	63	80	67	51	18	42	46	0	27	47	1	42	10	22	78	20	47	94	98	27	79	45	42	8	29	29	
54	60	36	24	67	67	3	62	21	81	3	75	82	68	62	93	7	55	1	40	54	89	59	92	60	57	5	87	33	37	6	60	83	8	36	29	40	26	95	92	91	32	61	76	23	51	81	39	90	11	23	3	84	37	94	32	70	33	48	65	99	96	63	13	31	97	2	62	79	61	48	26	75	94	18	70	48	76	41	2	6	27	0	45	74	29	18	31	81	27	70	1	19	51	6	100	77	32	27	34	
4	47	10	95	16	18	15	58	96	81	12	64	64	35	11	74	34	27	69	16	81	80	71	3	16	24	67	86	50	27	11	27	66	33	91	63	26	37	32	86	63	13	95	75	40	62	64	52	58	18	87	31	31	57	46	16	64	54	47	83	39	3	5	3	36	7	72	36	64	59	63	53	5	97	23	63	88	51	70	70	30	47	45	0	89	26	80	6	65	2	30	19	87	1	38	71	22	98	41	64	
37	18	60	21	64	85	33	84	63	29	5	57	8	51	83	36	38	66	87	98	14	96	88	8	13	12	70	42	49	93	44	77	6	19	22	18	28	50	39	28	16	79	83	15	31	6	83	83	48	50	60	90	27	36	97	77	33	89	23	86	49	7	25	18	31	51	26	99	72	7	47	61	67	90	7	69	84	42	98	34	22	1	74	89	0	7	40	26	76	9	3	3	1	86	92	29	11	95	87	78	
63	80	95	96	1	64	4	22	32	9	73	76	36	85	3	32	31	67	91	95	74	83	40	49	32	40	61	64	36	100	58	93	24	10	40	18	89	25	86	90	97	91	27	95	60	12	82	21	62	31	25	92	72	50	58	30	30	83	19	15	86	99	50	65	62	4	78	57	33	78	66	54	12	32	29	32	41	48	61	62	16	42	29	26	7	0	29	98	64	47	21	2	49	87	68	38	24	9	26	46	
26	91	89	80	67	10	22	24	92	73	85	99	37	14	58	76	64	78	25	79	65	65	27	100	96	68	81	73	22	97	87	20	7	92	70	65	82	93	11	27	40	82	30	71	59	90	41	90	61	83	87	88	11	35	86	5	42	59	84	68	41	43	23	8	63	59	60	13	100	24	64	21	90	67	72	88	90	39	55	36	88	10	18	80	40	29	0	72	41	93	42	88	42	8	8	95	74	18	24	21	
88	69	23	77	97	99	16	6	93	96	95	71	31	81	48	40	25	69	76	1	64	39	70	38	35	84	81	28	99	80	34	8	37	17	29	82	69	43	63	75	11	10	53	27	58	80	79	2	80	39	18	17	10	61	80	21	80	6	68	53	43	68	92	53	77	41	9	18	53	50	47	30	46	52	84	51	75	98	81	44	95	22	31	6	26	98	72	0	43	75	10	51	92	10	92	81	75	100	65	72	
100	31	75	1	12	74	96	33	87	50	1	51	44	55	28	54	82	29	16	58	29	36	5	28	75	44	85	9	68	38	44	59	2	16	43	53	75	5	73	54	53	71	33	49	27	82	72	98	99	33	72	18	78	76	32	85	91	12	5	56	81	19	8	78	41	66	8	61	99	52	6	71	59	39	38	99	21	27	61	46	34	78	81	65	76	64	41	43	0	77	10	45	42	27	97	50	88	84	65	42	
67	55	45	23	79	51	52	33	97	61	25	7	23	38	62	28	10	10	87	71	12	97	66	63	61	30	91	3	68	22	79	63	89	41	68	84	6	98	82	26	22	8	82	80	39	5	11	3	55	33	26	91	59	16	9	39	8	30	87	64	5	46	94	75	52	48	95	29	38	39	53	45	6	32	73	94	52	45	34	25	22	20	27	2	9	47	93	75	77	0	36	38	3	82	78	70	74	90	92	18	
97	10	99	89	79	65	91	75	4	62	8	78	26	42	84	77	63	89	51	21	12	10	38	88	19	44	7	51	82	66	85	11	63	6	7	68	74	57	8	48	28	1	98	13	67	3	65	84	93	63	44	42	21	59	84	7	52	24	68	26	1	95	84	47	11	94	82	31	84	62	36	7	45	36	79	95	81	14	89	89	65	47	70	30	3	21	42	10	10	36	0	72	78	68	54	18	80	77	22	13	
47	95	71	7	5	12	6	47	52	40	33	51	84	59	15	29	54	63	78	54	43	77	3	17	45	7	37	80	93	29	23	15	90	31	70	43	51	58	74	65	49	11	51	40	72	27	42	37	86	40	80	88	22	9	91	24	92	80	76	50	64	47	62	36	12	21	59	13	51	45	29	78	91	39	77	59	67	99	56	96	92	94	1	19	3	2	88	51	45	38	72	0	63	78	37	91	92	30	67	13	
92	2	7	64	29	85	85	83	13	84	5	36	9	17	56	7	30	63	93	7	32	94	19	56	93	72	4	20	69	83	44	86	27	9	15	65	48	10	88	66	97	55	48	25	2	40	6	25	27	26	74	30	21	96	16	95	1	50	45	39	32	27	99	66	59	2	46	45	58	9	79	8	48	78	15	53	67	63	34	99	10	98	19	87	1	49	42	92	42	3	78	63	0	83	37	86	90	92	18	67	
45	50	20	11	42	67	87	15	36	63	3	79	20	45	95	45	32	14	82	53	2	5	47	98	94	1	65	85	24	88	80	39	84	41	24	7	59	7	27	72	78	78	78	54	94	38	95	66	26	96	10	64	26	5	5	22	66	87	35	52	1	39	43	70	51	29	15	86	2	62	78	97	48	98	62	54	16	2	93	96	78	27	51	1	86	87	8	10	27	82	68	78	83	0	97	6	57	44	6	96	
16	89	13	62	72	85	85	86	77	82	100	67	84	68	73	56	41	88	20	90	9	22	95	24	43	6	89	31	39	73	56	54	21	79	65	29	100	94	46	61	83	71	88	59	62	9	36	68	8	56	59	89	100	75	28	80	7	38	65	99	34	25	64	78	96	38	79	64	88	37	20	53	84	58	10	56	2	6	78	33	46	79	6	38	92	68	8	92	97	78	54	37	37	97	0	26	5	42	30	79	
10	35	7	59	89	99	25	76	1	96	51	65	21	29	92	85	78	6	32	28	10	47	79	81	47	62	73	27	41	98	26	10	61	42	41	65	91	43	13	61	12	58	19	51	92	46	16	55	4	12	57	16	36	86	57	67	97	94	9	50	6	14	59	14	42	100	88	60	44	13	76	90	65	18	98	1	26	44	73	27	53	45	100	71	29	38	95	81	50	70	18	91	86	6	26	0	75	71	23	91	
65	54	29	72	27	40	38	32	41	41	43	88	32	95	27	97	86	69	44	55	89	11	64	43	61	7	69	97	35	45	56	31	21	21	40	100	58	55	76	56	66	55	81	2	13	59	49	93	6	64	61	46	10	25	71	62	50	93	21	74	59	51	34	76	32	87	84	62	23	29	73	22	64	41	80	93	60	70	23	35	90	42	77	22	11	24	74	75	88	74	80	92	90	57	5	75	0	98	34	36	
49	20	92	64	4	99	92	47	47	26	47	8	77	39	15	54	81	36	35	4	48	95	64	23	43	94	7	75	14	62	27	81	52	86	65	100	48	90	68	65	20	67	96	73	70	60	88	93	16	68	12	30	2	30	39	50	91	41	51	59	17	57	30	12	12	72	72	70	67	89	77	19	38	87	74	6	79	57	38	90	13	8	32	98	95	9	18	100	84	90	77	30	92	44	42	71	98	0	64	30	
65	59	10	27	53	78	97	5	19	35	1	42	32	17	58	61	5	15	61	12	97	14	19	94	94	30	77	63	50	64	13	77	93	36	29	5	78	30	51	56	86	20	78	83	17	94	13	24	14	42	96	54	9	64	44	10	54	38	72	63	49	31	52	48	1	50	62	56	75	97	25	40	50	85	12	5	13	12	73	47	67	29	27	41	87	26	24	65	65	92	22	67	18	6	30	23	34	64	0	40	
75	77	54	27	44	70	8	51	63	18	30	68	7	64	19	46	44	48	71	97	87	18	65	98	35	32	60	97	18	81	51	45	48	39	22	97	58	7	77	54	25	39	63	11	23	22	56	14	8	85	38	3	46	51	74	40	1	38	85	7	98	2	42	44	32	98	66	21	35	3	88	12	90	69	46	22	95	14	57	34	64	29	34	64	78	46	21	72	42	18	13	13	67	96	79	91	36	30	40	0	
