100
0	55	72	41	60	65	16	8	89	71	76	64	8	4	17	23	51	27	81	29	34	100	72	81	13	21	33	84	20	49	39	19	4	23	11	43	52	64	61	70	58	8	1	59	83	14	72	56	52	99	63	99	2	61	95	99	61	44	94	4	25	57	73	54	53	81	90	94	75	8	92	17	71	82	64	45	44	94	66	54	16	9	73	61	31	25	55	23	22	79	52	11	56	58	77	40	38	81	40	46	
55	0	91	3	14	55	82	97	100	3	35	67	54	75	23	10	73	53	40	25	47	97	96	55	92	18	33	17	75	59	65	49	90	84	11	74	78	32	6	32	38	12	52	10	65	26	53	26	86	34	29	81	72	41	83	64	18	32	92	54	36	71	84	8	19	18	27	1	70	70	22	1	61	9	35	87	2	52	14	85	54	65	86	97	41	20	80	74	25	89	17	9	64	14	2	85	36	87	83	47	
72	91	0	54	43	48	54	78	61	44	14	10	19	51	83	13	65	75	65	35	9	81	17	70	85	40	42	74	38	94	13	72	56	3	66	99	30	95	8	21	28	87	91	5	94	38	19	56	82	12	96	77	28	19	32	28	49	78	65	87	6	70	28	12	23	27	28	17	60	75	23	13	2	21	9	46	97	48	31	99	56	29	55	68	46	87	28	68	32	61	9	98	55	37	97	3	75	43	58	91	
41	3	54	0	36	32	54	34	100	84	78	97	57	90	57	17	60	6	62	76	38	79	50	49	82	35	59	44	4	99	66	82	32	55	68	14	42	42	35	89	33	30	56	68	45	34	6	39	57	71	85	48	24	53	75	20	76	30	55	1	13	28	41	73	39	87	22	17	38	13	96	6	41	61	28	100	81	18	89	89	44	5	16	36	9	35	22	57	53	56	21	52	58	29	39	27	3	72	35	41	
60	14	43	36	0	97	21	38	37	97	99	93	52	26	13	24	10	39	30	66	1	100	15	14	87	45	7	69	21	24	36	76	85	61	28	81	34	70	6	1	24	60	10	41	49	23	18	61	6	92	27	64	11	21	16	70	98	13	93	62	41	74	18	72	78	7	57	46	47	86	73	61	34	22	12	78	62	56	71	57	38	51	85	94	5	9	26	19	40	12	5	86	84	17	43	50	63	71	73	11	
65	55	48	32	97	0	44	15	92	93	25	39	4	65	33	89	3	68	22	18	78	60	100	7	32	57	10	26	14	11	29	71	44	36	51	37	10	4	94	47	100	47	77	56	66	18	10	31	82	22	1	95	64	86	52	39	88	84	7	68	46	26	97	34	51	60	79	51	14	72	73	42	2	41	63	85	30	69	19	69	4	51	72	78	14	11	56	9	45	35	9	76	72	10	16	50	98	55	43	27	
16	82	54	54	21	44	0	15	57	64	42	64	28	79	60	39	38	89	36	1	22	26	57	47	1	16	62	55	83	28	21	12	93	84	37	11	21	26	32	92	9	24	33	20	99	44	15	28	32	94	39	33	4	8	50	1	38	45	25	35	37	61	96	34	57	80	29	56	33	37	35	73	73	53	47	68	48	35	45	34	76	46	34	64	41	57	4	95	23	59	35	63	75	64	95	58	71	86	38	23	
8	97	78	34	38	15	15	0	65	75	95	65	45	22	22	42	5	87	2	54	87	65	53	86	73	66	60	29	12	53	2	24	45	16	69	53	27	59	14	10	95	29	100	30	72	75	84	5	4	93	39	28	26	42	73	28	48	55	21	87	12	24	25	98	33	53	98	33	33	94	95	72	4	14	35	7	56	1	28	53	47	33	99	80	16	13	85	12	49	99	51	1	89	48	37	62	93	41	59	63	
89	100	61	100	37	92	57	65	0	85	32	88	37	12	35	10	88	19	60	31	14	74	14	23	19	60	55	53	63	30	31	10	19	85	4	56	62	83	25	55	92	30	48	54	25	39	19	67	46	70	87	16	16	95	32	9	31	85	80	58	6	45	74	51	5	73	80	41	8	65	52	18	82	5	31	56	28	76	19	6	99	1	23	47	51	88	77	23	89	68	79	55	60	87	77	89	3	37	73	32	
71	3	44	84	97	93	64	75	85	0	42	68	20	41	46	66	40	42	66	17	79	90	52	28	83	36	47	3	58	21	78	9	49	12	80	19	11	1	10	20	19	78	74	59	17	11	13	85	8	68	59	92	98	43	25	50	60	40	92	58	46	53	69	92	61	10	88	39	73	25	68	48	93	42	74	44	28	44	26	26	43	71	95	34	33	49	19	57	14	58	10	42	98	1	77	88	92	72	66	81	
76	35	14	78	99	25	42	95	32	42	0	46	95	70	35	80	60	52	61	21	53	8	36	60	62	90	14	67	25	84	19	84	3	25	46	33	41	72	54	61	34	68	86	43	39	93	82	71	20	11	87	59	9	69	48	48	33	97	6	5	10	54	65	82	29	90	100	57	39	1	3	61	77	77	94	32	11	92	41	67	51	55	2	95	12	68	50	70	89	62	52	42	8	43	7	93	43	59	66	34	
64	67	10	97	93	39	64	65	88	68	46	0	97	96	97	92	92	73	17	68	29	6	51	3	92	88	22	72	91	41	50	63	41	39	97	67	52	49	12	45	54	50	13	21	38	4	20	61	83	8	67	36	73	93	74	28	64	78	66	91	69	44	8	38	85	70	25	56	1	19	66	69	20	49	45	30	19	55	10	80	98	58	31	7	49	88	20	30	62	93	24	76	98	49	4	12	22	37	56	44	
8	54	19	57	52	4	28	45	37	20	95	97	0	7	12	75	6	11	6	70	96	19	60	21	43	98	39	26	78	59	10	58	68	62	65	54	74	58	72	37	13	3	86	10	55	54	42	96	40	42	3	32	48	50	48	67	7	86	95	80	37	66	97	36	79	16	94	17	93	22	85	28	4	20	27	46	7	87	68	45	90	38	90	42	70	84	93	74	79	11	3	17	27	63	32	30	70	89	76	81	
4	75	51	90	26	65	79	22	12	41	70	96	7	0	62	61	4	49	25	46	39	94	5	45	98	49	20	69	46	85	68	54	88	59	33	35	37	1	84	33	15	64	26	92	44	77	1	72	29	92	26	64	94	84	80	93	24	98	67	51	51	81	77	55	41	57	21	28	42	31	1	92	62	13	2	77	24	47	89	77	9	4	60	66	35	16	54	26	18	94	7	10	48	86	87	75	40	26	68	78	
17	23	83	57	13	33	60	22	35	46	35	97	12	62	0	91	44	94	16	5	46	63	13	45	29	59	2	74	83	22	29	68	64	3	68	72	94	59	84	19	92	43	67	26	72	6	75	22	81	70	42	88	79	80	7	36	36	70	91	69	47	82	99	68	67	32	71	54	46	48	88	3	30	16	42	17	24	42	29	9	47	94	1	44	16	67	16	19	48	7	22	27	37	16	43	71	36	33	12	53	
23	10	13	17	24	89	39	42	10	66	80	92	75	61	91	0	10	73	19	45	29	2	40	87	66	21	24	22	25	85	53	47	49	9	38	88	48	74	33	90	41	73	98	82	52	89	34	3	73	39	15	51	29	87	66	18	98	66	22	99	62	60	55	26	53	64	55	34	58	38	24	52	6	81	18	35	99	9	6	25	5	30	58	26	98	45	47	48	39	70	97	7	41	51	22	26	93	36	86	44	
51	73	65	60	10	3	38	5	88	40	60	92	6	4	44	10	0	32	84	21	88	30	35	98	99	29	56	90	84	28	29	48	78	80	76	43	24	67	68	36	13	87	21	99	33	53	32	68	8	67	27	14	89	95	8	46	10	65	87	12	62	19	100	20	11	19	73	7	14	40	5	36	87	56	18	24	61	69	33	80	81	23	100	54	65	74	47	51	65	69	13	92	61	10	80	62	30	94	15	86	
27	53	75	6	39	68	89	87	19	42	52	73	11	49	94	73	32	0	65	7	29	72	60	44	20	31	60	65	95	78	47	68	98	18	35	23	5	8	30	67	7	12	92	48	9	2	1	26	76	56	75	68	63	96	28	14	88	51	72	48	49	98	26	69	38	81	39	86	9	61	71	28	60	14	18	3	6	17	94	35	49	21	55	42	40	77	91	68	17	73	52	84	63	21	34	68	27	43	65	58	
81	40	65	62	30	22	36	2	60	66	61	17	6	25	16	19	84	65	0	28	63	14	20	26	69	85	33	60	90	75	45	56	14	69	71	31	85	9	76	48	48	99	19	50	38	23	39	98	68	13	93	37	13	25	46	78	78	88	43	39	53	10	15	41	62	93	13	49	14	78	11	56	56	3	58	62	86	73	27	7	13	71	57	54	55	63	52	50	32	3	33	10	82	66	43	4	54	20	81	45	
29	25	35	76	66	18	1	54	31	17	21	68	70	46	5	45	21	7	28	0	28	27	17	67	6	95	53	58	80	1	80	33	97	71	7	32	78	87	48	98	55	54	14	89	98	71	95	4	5	92	43	16	2	78	42	33	1	27	15	3	12	85	17	13	69	98	18	37	13	91	15	70	63	17	24	29	33	88	76	89	59	66	83	93	28	92	33	64	37	63	6	73	18	38	60	74	3	82	56	41	
34	47	9	38	1	78	22	87	14	79	53	29	96	39	46	29	88	29	63	28	0	72	66	37	68	69	16	17	58	61	47	90	32	92	50	72	85	70	94	43	57	6	51	4	78	51	5	99	69	70	72	99	87	11	36	38	91	44	55	66	75	72	75	12	33	69	65	71	44	77	6	64	38	65	24	14	77	34	60	63	5	67	65	85	64	99	21	5	21	25	22	35	89	65	32	92	75	21	81	92	
100	97	81	79	100	60	26	65	74	90	8	6	19	94	63	2	30	72	14	27	72	0	21	68	82	88	55	93	24	56	64	75	17	48	83	56	71	100	96	47	45	67	3	7	89	36	83	85	42	76	71	36	20	31	17	47	44	75	12	2	48	1	8	23	14	21	26	56	20	21	50	80	28	56	36	46	41	36	14	54	97	17	92	35	16	76	67	27	46	93	72	29	4	47	52	41	93	20	16	51	
72	96	17	50	15	100	57	53	14	52	36	51	60	5	13	40	35	60	20	17	66	21	0	54	75	34	65	22	4	12	62	12	25	46	6	54	3	95	65	23	63	84	31	39	41	87	41	89	72	81	65	93	51	54	85	67	44	98	82	80	47	13	4	88	73	82	53	67	26	63	98	4	15	52	95	74	92	34	99	73	77	86	83	85	91	6	63	66	94	95	23	84	61	8	11	99	41	66	18	25	
81	55	70	49	14	7	47	86	23	28	60	3	21	45	45	87	98	44	26	67	37	68	54	0	81	5	75	11	45	98	99	69	54	81	57	18	82	100	56	75	20	24	21	7	46	24	25	83	53	64	87	95	45	19	37	49	65	85	22	7	49	86	36	7	39	19	69	26	27	26	60	30	54	15	85	98	76	86	67	30	36	99	97	6	80	33	22	89	47	26	2	74	79	93	9	100	94	65	78	87	
13	92	85	82	87	32	1	73	19	83	62	92	43	98	29	66	99	20	69	6	68	82	75	81	0	3	13	77	54	12	84	13	58	8	60	77	67	26	57	68	14	36	75	98	31	97	4	68	7	3	99	35	96	69	22	93	40	91	49	73	79	16	19	56	61	57	64	92	44	43	7	20	78	83	54	68	93	55	93	2	86	12	59	37	75	86	55	81	37	23	25	23	41	92	35	27	91	88	90	27	
21	18	40	35	45	57	16	66	60	36	90	88	98	49	59	21	29	31	85	95	69	88	34	5	3	0	71	43	73	69	10	14	82	12	89	99	82	47	35	83	2	87	81	34	51	38	45	51	78	79	5	1	72	100	50	58	3	74	94	49	38	60	1	9	82	91	70	75	94	44	34	44	31	1	59	41	55	57	18	47	51	6	33	11	27	46	87	68	11	74	56	90	75	64	97	31	50	71	47	68	
33	33	42	59	7	10	62	60	55	47	14	22	39	20	2	24	56	60	33	53	16	55	65	75	13	71	0	67	23	40	79	91	76	51	2	3	56	87	3	93	47	22	53	20	94	38	81	61	41	33	66	15	14	21	34	23	39	34	30	33	14	59	24	98	47	98	19	18	18	68	30	27	91	4	1	62	70	51	8	74	6	97	9	47	73	45	88	45	52	10	85	85	73	16	34	43	98	9	26	53	
84	17	74	44	69	26	55	29	53	3	67	72	26	69	74	22	90	65	60	58	17	93	22	11	77	43	67	0	16	62	61	18	68	4	61	86	93	23	80	45	38	91	59	47	97	94	18	99	48	19	57	67	50	84	51	58	26	90	64	79	88	11	12	69	56	84	46	88	47	100	50	43	23	53	55	18	70	70	68	46	78	37	9	18	60	13	37	52	38	79	41	29	1	12	55	29	11	2	36	47	
20	75	38	4	21	14	83	12	63	58	25	91	78	46	83	25	84	95	90	80	58	24	4	45	54	73	23	16	0	73	12	90	80	24	55	11	20	5	62	70	17	35	72	43	99	40	45	73	37	82	46	37	90	79	45	46	82	99	85	47	39	10	69	92	3	82	67	69	71	77	70	7	85	25	100	89	61	27	62	94	33	91	29	99	75	79	71	64	87	98	52	66	93	58	33	100	72	79	58	50	
49	59	94	99	24	11	28	53	30	21	84	41	59	85	22	85	28	78	75	1	61	56	12	98	12	69	40	62	73	0	76	86	15	49	30	99	25	24	81	18	2	90	34	72	31	13	19	84	96	38	13	31	65	18	65	10	79	77	84	81	96	5	1	65	63	54	75	86	56	19	26	73	12	99	11	41	51	1	51	70	13	20	67	67	75	95	34	89	62	77	79	96	17	60	70	5	96	31	12	92	
39	65	13	66	36	29	21	2	31	78	19	50	10	68	29	53	29	47	45	80	47	64	62	99	84	10	79	61	12	76	0	95	88	21	74	91	50	38	99	23	88	87	78	63	78	66	17	38	29	1	79	60	2	36	43	86	37	95	58	80	12	78	36	47	45	78	7	89	23	99	53	14	34	2	75	37	36	98	5	6	16	93	56	28	9	76	86	33	38	11	41	29	76	17	46	13	7	4	11	37	
19	49	72	82	76	71	12	24	10	9	84	63	58	54	68	47	48	68	56	33	90	75	12	69	13	14	91	18	90	86	95	0	18	51	23	88	38	29	89	70	70	26	68	31	28	95	65	2	41	26	1	92	89	46	29	6	29	44	99	95	62	27	91	79	91	26	73	41	66	55	45	20	75	86	84	97	68	14	69	38	64	87	9	25	30	53	58	22	93	52	14	27	34	69	14	11	45	95	16	37	
4	90	56	32	85	44	93	45	19	49	3	41	68	88	64	49	78	98	14	97	32	17	25	54	58	82	76	68	80	15	88	18	0	56	29	26	54	68	91	48	88	81	83	69	4	60	35	9	26	99	72	97	39	9	37	87	8	51	71	72	77	9	3	3	36	49	55	48	92	17	25	93	52	43	22	52	20	30	53	77	58	2	70	5	32	41	38	95	1	8	4	21	69	96	37	35	35	21	92	16	
23	84	3	55	61	36	84	16	85	12	25	39	62	59	3	9	80	18	69	71	92	48	46	81	8	12	51	4	24	49	21	51	56	0	34	78	47	37	69	38	46	6	18	66	30	1	12	89	4	38	29	68	67	57	8	6	90	10	64	35	58	54	56	51	92	68	64	26	58	3	55	18	92	11	50	44	97	50	50	38	85	44	70	96	13	5	88	81	45	86	52	17	34	86	92	25	100	3	14	23	
11	11	66	68	28	51	37	69	4	80	46	97	65	33	68	38	76	35	71	7	50	83	6	57	60	89	2	61	55	30	74	23	29	34	0	97	63	55	34	19	76	81	92	59	99	95	34	54	72	43	75	68	83	37	73	10	85	38	45	4	95	36	25	48	10	32	15	13	34	79	47	48	72	57	57	27	73	3	64	39	25	24	50	67	12	83	26	81	44	47	10	53	27	74	44	59	11	82	39	58	
43	74	99	14	81	37	11	53	56	19	33	67	54	35	72	88	43	23	31	32	72	56	54	18	77	99	3	86	11	99	91	88	26	78	97	0	7	73	85	86	95	76	44	54	71	30	22	91	72	97	13	19	59	18	83	13	26	81	93	68	72	32	6	14	21	8	15	31	90	75	76	66	42	16	41	67	73	32	98	86	75	3	80	39	1	2	61	51	52	62	90	13	98	60	75	52	84	74	82	65	
52	78	30	42	34	10	21	27	62	11	41	52	74	37	94	48	24	5	85	78	85	71	3	82	67	82	56	93	20	25	50	38	54	47	63	7	0	32	31	24	80	64	39	88	99	3	29	25	25	61	92	50	16	61	91	12	62	76	56	21	94	83	16	14	2	73	89	38	71	28	79	28	39	45	87	13	58	62	73	3	68	11	33	13	50	39	9	92	39	44	17	89	21	21	15	93	16	51	11	93	
64	32	95	42	70	4	26	59	83	1	72	49	58	1	59	74	67	8	9	87	70	100	95	100	26	47	87	23	5	24	38	29	68	37	55	73	32	0	34	18	93	33	83	30	22	99	59	97	85	36	26	43	43	39	76	79	81	25	1	99	12	20	46	11	76	82	5	14	18	48	77	19	44	80	42	90	15	11	59	33	11	95	40	64	20	89	38	74	57	6	53	42	20	56	62	70	49	90	69	19	
61	6	8	35	6	94	32	14	25	10	54	12	72	84	84	33	68	30	76	48	94	96	65	56	57	35	3	80	62	81	99	89	91	69	34	85	31	34	0	32	91	1	25	36	46	97	93	26	5	85	72	36	58	6	42	82	11	25	91	26	33	27	72	11	62	1	21	17	97	2	49	59	94	9	15	73	86	31	68	58	89	42	96	77	71	43	77	24	36	61	42	41	8	46	49	28	21	38	36	60	
70	32	21	89	1	47	92	10	55	20	61	45	37	33	19	90	36	67	48	98	43	47	23	75	68	83	93	45	70	18	23	70	48	38	19	86	24	18	32	0	46	81	48	21	48	82	70	55	15	6	69	69	87	73	65	80	15	95	62	93	18	13	20	84	100	87	26	35	39	21	28	94	59	85	93	24	2	76	56	18	24	50	19	94	15	31	81	91	78	31	53	19	95	22	60	9	17	21	17	44	
58	38	28	33	24	100	9	95	92	19	34	54	13	15	92	41	13	7	48	55	57	45	63	20	14	2	47	38	17	2	88	70	88	46	76	95	80	93	91	46	0	71	72	23	63	54	72	51	19	20	82	48	94	70	8	59	53	72	8	94	88	47	43	28	77	28	4	42	30	70	9	37	15	92	84	95	11	56	98	50	74	22	37	31	15	85	24	67	82	43	35	64	85	48	14	1	95	61	46	27	
8	12	87	30	60	47	24	29	30	78	68	50	3	64	43	73	87	12	99	54	6	67	84	24	36	87	22	91	35	90	87	26	81	6	81	76	64	33	1	81	71	0	29	5	34	19	92	67	64	92	19	57	8	51	9	80	16	3	13	97	89	10	66	36	20	29	89	43	49	43	49	25	76	18	53	40	73	1	100	12	86	41	25	88	69	36	56	18	36	42	85	78	27	88	35	43	45	39	12	29	
1	52	91	56	10	77	33	100	48	74	86	13	86	26	67	98	21	92	19	14	51	3	31	21	75	81	53	59	72	34	78	68	83	18	92	44	39	83	25	48	72	29	0	79	55	95	74	67	95	82	92	89	74	45	26	2	14	74	15	43	24	31	47	20	68	93	95	48	90	6	75	27	89	58	42	25	32	41	78	95	54	60	21	75	62	84	3	37	27	39	8	75	88	98	100	65	79	30	25	85	
59	10	5	68	41	56	20	30	54	59	43	21	10	92	26	82	99	48	50	89	4	7	39	7	98	34	20	47	43	72	63	31	69	66	59	54	88	30	36	21	23	5	79	0	39	76	66	33	84	3	86	66	62	43	62	11	64	99	50	75	18	58	49	23	77	26	40	44	66	37	61	10	53	25	80	1	47	59	34	29	43	87	100	71	97	5	70	8	76	75	77	28	53	85	25	67	71	9	19	11	
83	65	94	45	49	66	99	72	25	17	39	38	55	44	72	52	33	9	38	98	78	89	41	46	31	51	94	97	99	31	78	28	4	30	99	71	99	22	46	48	63	34	55	39	0	57	12	34	100	46	36	72	42	95	17	84	59	94	46	97	100	18	47	34	49	51	96	32	27	39	3	15	14	57	22	57	67	85	100	11	55	56	21	85	48	50	28	8	72	77	84	58	36	96	6	69	43	28	38	52	
14	26	38	34	23	18	44	75	39	11	93	4	54	77	6	89	53	2	23	71	51	36	87	24	97	38	38	94	40	13	66	95	60	1	95	30	3	99	97	82	54	19	95	76	57	0	27	81	98	19	19	36	71	37	54	43	27	67	2	97	39	74	52	12	18	49	28	45	37	64	20	3	32	81	70	91	5	9	1	74	4	92	11	79	91	45	44	10	38	67	74	57	78	29	42	78	97	73	58	61	
72	53	19	6	18	10	15	84	19	13	82	20	42	1	75	34	32	1	39	95	5	83	41	25	4	45	81	18	45	19	17	65	35	12	34	22	29	59	93	70	72	92	74	66	12	27	0	9	38	83	68	27	60	17	100	5	11	52	10	39	8	89	38	49	67	30	98	90	95	46	70	25	8	61	67	55	98	66	65	64	67	82	50	73	47	12	32	75	69	1	10	1	61	66	45	79	28	96	80	89	
56	26	56	39	61	31	28	5	67	85	71	61	96	72	22	3	68	26	98	4	99	85	89	83	68	51	61	99	73	84	38	2	9	89	54	91	25	97	26	55	51	67	67	33	34	81	9	0	19	67	18	70	8	14	31	35	93	34	46	71	46	28	69	68	42	24	2	85	64	100	53	5	32	58	41	80	91	17	91	61	31	93	88	64	96	60	83	57	50	48	99	60	36	58	6	26	92	97	42	4	
52	86	82	57	6	82	32	4	46	8	20	83	40	29	81	73	8	76	68	5	69	42	72	53	7	78	41	48	37	96	29	41	26	4	72	72	25	85	5	15	19	64	95	84	100	98	38	19	0	49	16	83	15	21	52	81	84	86	58	91	41	7	87	85	27	42	16	94	93	13	68	69	29	5	68	4	45	35	14	93	1	41	82	36	43	15	17	62	87	47	42	73	52	74	17	88	43	16	90	68	
99	34	12	71	92	22	94	93	70	68	11	8	42	92	70	39	67	56	13	92	70	76	81	64	3	79	33	19	82	38	1	26	99	38	43	97	61	36	85	6	20	92	82	3	46	19	83	67	49	0	31	9	95	74	8	21	41	67	68	57	32	6	75	35	49	13	85	88	88	95	17	80	82	20	64	49	32	89	60	63	13	65	7	24	40	48	59	88	86	28	91	71	83	13	25	90	94	73	85	98	
63	29	96	85	27	1	39	39	87	59	87	67	3	26	42	15	27	75	93	43	72	71	65	87	99	5	66	57	46	13	79	1	72	29	75	13	92	26	72	69	82	19	92	86	36	19	68	18	16	31	0	78	32	6	55	49	12	28	68	80	56	62	59	41	78	5	28	84	34	77	17	34	82	89	69	70	23	85	1	20	5	35	94	42	41	79	16	4	25	44	19	88	74	98	20	55	26	61	42	51	
99	81	77	48	64	95	33	28	16	92	59	36	32	64	88	51	14	68	37	16	99	36	93	95	35	1	15	67	37	31	60	92	97	68	68	19	50	43	36	69	48	57	89	66	72	36	27	70	83	9	78	0	21	53	85	78	81	56	2	9	23	50	69	84	59	43	72	5	99	94	45	67	60	64	77	57	66	10	66	59	58	23	42	4	8	49	40	29	45	31	4	85	45	84	98	1	45	70	88	2	
2	72	28	24	11	64	4	26	16	98	9	73	48	94	79	29	89	63	13	2	87	20	51	45	96	72	14	50	90	65	2	89	39	67	83	59	16	43	58	87	94	8	74	62	42	71	60	8	15	95	32	21	0	61	44	25	77	16	20	72	90	4	15	16	44	12	92	91	16	39	88	34	92	51	6	97	26	97	46	60	12	71	18	77	74	27	54	75	3	86	92	50	40	5	22	27	99	94	46	38	
61	41	19	53	21	86	8	42	95	43	69	93	50	84	80	87	95	96	25	78	11	31	54	19	69	100	21	84	79	18	36	46	9	57	37	18	61	39	6	73	70	51	45	43	95	37	17	14	21	74	6	53	61	0	30	71	26	55	30	74	86	54	31	4	2	99	81	4	12	100	5	10	46	16	36	21	12	80	91	28	9	63	63	4	82	52	67	38	87	27	96	79	25	71	45	29	7	58	27	40	
95	83	32	75	16	52	50	73	32	25	48	74	48	80	7	66	8	28	46	42	36	17	85	37	22	50	34	51	45	65	43	29	37	8	73	83	91	76	42	65	8	9	26	62	17	54	100	31	52	8	55	85	44	30	0	89	69	82	33	42	76	21	73	56	82	6	77	18	20	5	32	81	87	87	19	59	9	30	96	60	96	15	85	89	23	63	35	35	16	38	96	96	83	65	82	57	63	90	5	23	
99	64	28	20	70	39	1	28	9	50	48	28	67	93	36	18	46	14	78	33	38	47	67	49	93	58	23	58	46	10	86	6	87	6	10	13	12	79	82	80	59	80	2	11	84	43	5	35	81	21	49	78	25	71	89	0	66	13	68	69	52	89	71	62	34	35	51	11	28	98	27	73	44	56	42	20	25	40	48	62	36	97	89	53	53	82	71	66	36	34	60	24	74	81	96	48	34	68	96	47	
61	18	49	76	98	88	38	48	31	60	33	64	7	24	36	98	10	88	78	1	91	44	44	65	40	3	39	26	82	79	37	29	8	90	85	26	62	81	11	15	53	16	14	64	59	27	11	93	84	41	12	81	77	26	69	66	0	89	26	55	13	41	35	7	95	100	69	44	59	36	68	93	73	30	70	83	18	72	9	54	5	35	12	73	70	13	8	9	82	17	66	49	98	76	47	41	59	100	76	20	
44	32	78	30	13	84	45	55	85	40	97	78	86	98	70	66	65	51	88	27	44	75	98	85	91	74	34	90	99	77	95	44	51	10	38	81	76	25	25	95	72	3	74	99	94	67	52	34	86	67	28	56	16	55	82	13	89	0	70	56	92	54	94	27	44	58	87	48	97	20	52	69	70	62	78	10	64	68	86	41	66	98	84	76	1	77	30	34	86	57	81	2	98	29	3	32	2	59	72	13	
94	92	65	55	93	7	25	21	80	92	6	66	95	67	91	22	87	72	43	15	55	12	82	22	49	94	30	64	85	84	58	99	71	64	45	93	56	1	91	62	8	13	15	50	46	2	10	46	58	68	68	2	20	30	33	68	26	70	0	51	61	88	97	18	64	21	3	31	41	37	73	11	37	92	4	61	81	71	34	35	13	71	86	48	1	7	85	84	26	15	82	82	70	55	59	61	62	48	2	62	
4	54	87	1	62	68	35	87	58	58	5	91	80	51	69	99	12	48	39	3	66	2	80	7	73	49	33	79	47	81	80	95	72	35	4	68	21	99	26	93	94	97	43	75	97	97	39	71	91	57	80	9	72	74	42	69	55	56	51	0	26	1	12	93	46	4	29	82	12	30	84	94	27	24	58	22	50	96	77	3	11	15	41	91	6	40	83	43	80	73	92	1	85	25	12	47	50	10	55	45	
25	36	6	13	41	46	37	12	6	46	10	69	37	51	47	62	62	49	53	12	75	48	47	49	79	38	14	88	39	96	12	62	77	58	95	72	94	12	33	18	88	89	24	18	100	39	8	46	41	32	56	23	90	86	76	52	13	92	61	26	0	91	3	20	12	12	52	32	95	17	5	21	79	11	72	80	1	85	47	80	47	23	78	25	15	70	36	79	46	52	88	90	17	1	34	97	44	94	3	97	
57	71	70	28	74	26	61	24	45	53	54	44	66	81	82	60	19	98	10	85	72	1	13	86	16	60	59	11	10	5	78	27	9	54	36	32	83	20	27	13	47	10	31	58	18	74	89	28	7	6	62	50	4	54	21	89	41	54	88	1	91	0	28	69	89	85	7	69	55	57	61	87	96	51	65	6	38	56	32	31	80	70	6	32	92	9	27	50	19	28	19	12	54	78	9	2	50	85	87	38	
73	84	28	41	18	97	96	25	74	69	65	8	97	77	99	55	100	26	15	17	75	8	4	36	19	1	24	12	69	1	36	91	3	56	25	6	16	46	72	20	43	66	47	49	47	52	38	69	87	75	59	69	15	31	73	71	35	94	97	12	3	28	0	94	34	11	53	87	85	66	57	32	11	66	78	48	33	14	15	69	62	26	78	98	41	72	15	47	32	49	40	39	29	65	80	54	75	46	54	72	
54	8	12	73	72	34	34	98	51	92	82	38	36	55	68	26	20	69	41	13	12	23	88	7	56	9	98	69	92	65	47	79	3	51	48	14	14	11	11	84	28	36	20	23	34	12	49	68	85	35	41	84	16	4	56	62	7	27	18	93	20	69	94	0	84	54	13	38	16	90	50	84	31	66	40	30	95	55	86	99	52	16	29	27	58	84	40	56	73	55	42	31	50	87	19	52	76	76	57	31	
53	19	23	39	78	51	57	33	5	61	29	85	79	41	67	53	11	38	62	69	33	14	73	39	61	82	47	56	3	63	45	91	36	92	10	21	2	76	62	100	77	20	68	77	49	18	67	42	27	49	78	59	44	2	82	34	95	44	64	46	12	89	34	84	0	72	35	48	12	18	67	19	25	65	46	33	95	65	35	28	2	54	71	45	81	96	13	41	90	29	45	74	5	7	89	17	51	79	23	66	
81	18	27	87	7	60	80	53	73	10	90	70	16	57	32	64	19	81	93	98	69	21	82	19	57	91	98	84	82	54	78	26	49	68	32	8	73	82	1	87	28	29	93	26	51	49	30	24	42	13	5	43	12	99	6	35	100	58	21	4	12	85	11	54	72	0	72	64	93	48	97	92	90	12	76	99	84	96	13	58	30	68	82	31	72	79	89	22	89	6	32	75	20	33	6	40	30	95	52	26	
90	27	28	22	57	79	29	98	80	88	100	25	94	21	71	55	73	39	13	18	65	26	53	69	64	70	19	46	67	75	7	73	55	64	15	15	89	5	21	26	4	89	95	40	96	28	98	2	16	85	28	72	92	81	77	51	69	87	3	29	52	7	53	13	35	72	0	95	64	58	3	99	69	47	32	31	27	66	8	32	76	3	94	67	31	58	71	42	96	14	65	38	90	68	33	61	84	24	84	66	
94	1	17	17	46	51	56	33	41	39	57	56	17	28	54	34	7	86	49	37	71	56	67	26	92	75	18	88	69	86	89	41	48	26	13	31	38	14	17	35	42	43	48	44	32	45	90	85	94	88	84	5	91	4	18	11	44	48	31	82	32	69	87	38	48	64	95	0	18	84	96	78	54	29	58	49	27	99	13	42	69	77	89	47	53	87	56	57	54	9	49	86	83	9	32	76	15	9	34	37	
75	70	60	38	47	14	33	33	8	73	39	1	93	42	46	58	14	9	14	13	44	20	26	27	44	94	18	47	71	56	23	66	92	58	34	90	71	18	97	39	30	49	90	66	27	37	95	64	93	88	34	99	16	12	20	28	59	97	41	12	95	55	85	16	12	93	64	18	0	3	83	33	23	39	60	26	18	48	50	52	15	7	10	76	64	78	2	31	37	19	31	87	49	85	65	18	22	27	9	27	
8	70	75	13	86	72	37	94	65	25	1	19	22	31	48	38	40	61	78	91	77	21	63	26	43	44	68	100	77	19	99	55	17	3	79	75	28	48	2	21	70	43	6	37	39	64	46	100	13	95	77	94	39	100	5	98	36	20	37	30	17	57	66	90	18	48	58	84	3	0	49	58	63	51	17	26	58	71	25	20	57	43	64	79	99	62	77	85	25	15	84	55	7	55	51	15	40	43	76	56	
92	22	23	96	73	73	35	95	52	68	3	66	85	1	88	24	5	71	11	15	6	50	98	60	7	34	30	50	70	26	53	45	25	55	47	76	79	77	49	28	9	49	75	61	3	20	70	53	68	17	17	45	88	5	32	27	68	52	73	84	5	61	57	50	67	97	3	96	83	49	0	9	1	82	99	65	90	5	13	90	79	31	17	87	100	25	100	53	12	87	30	82	95	15	58	44	16	55	69	2	
17	1	13	6	61	42	73	72	18	48	61	69	28	92	3	52	36	28	56	70	64	80	4	30	20	44	27	43	7	73	14	20	93	18	48	66	28	19	59	94	37	25	27	10	15	3	25	5	69	80	34	67	34	10	81	73	93	69	11	94	21	87	32	84	19	92	99	78	33	58	9	0	59	1	99	42	10	23	58	59	22	19	23	7	60	72	90	8	48	89	82	30	78	1	13	60	68	44	49	36	
71	61	2	41	34	2	73	4	82	93	77	20	4	62	30	6	87	60	56	63	38	28	15	54	78	31	91	23	85	12	34	75	52	92	72	42	39	44	94	59	15	76	89	53	14	32	8	32	29	82	82	60	92	46	87	44	73	70	37	27	79	96	11	31	25	90	69	54	23	63	1	59	0	92	70	55	52	22	54	15	58	67	100	72	18	94	50	45	43	7	23	40	87	11	44	98	4	28	36	15	
82	9	21	61	22	41	53	14	5	42	77	49	20	13	16	81	56	14	3	17	65	56	52	15	83	1	4	53	25	99	2	86	43	11	57	16	45	80	9	85	92	18	58	25	57	81	61	58	5	20	89	64	51	16	87	56	30	62	92	24	11	51	66	66	65	12	47	29	39	51	82	1	92	0	79	62	7	48	54	17	39	94	88	59	46	24	23	68	50	28	79	20	78	58	45	68	68	38	90	49	
64	35	9	28	12	63	47	35	31	74	94	45	27	2	42	18	18	18	58	24	24	36	95	85	54	59	1	55	100	11	75	84	22	50	57	41	87	42	15	93	84	53	42	80	22	70	67	41	68	64	69	77	6	36	19	42	70	78	4	58	72	65	78	40	46	76	32	58	60	17	99	99	70	79	0	96	47	65	18	48	27	91	9	63	29	90	48	51	17	43	67	50	7	84	28	49	22	8	18	44	
45	87	46	100	78	85	68	7	56	44	32	30	46	77	17	35	24	3	62	29	14	46	74	98	68	41	62	18	89	41	37	97	52	44	27	67	13	90	73	24	95	40	25	1	57	91	55	80	4	49	70	57	97	21	59	20	83	10	61	22	80	6	48	30	33	99	31	49	26	26	65	42	55	62	96	0	38	9	75	64	72	48	94	10	25	51	60	32	82	84	80	65	70	80	96	65	32	14	10	26	
44	2	97	81	62	30	48	56	28	28	11	19	7	24	24	99	61	6	86	33	77	41	92	76	93	55	70	70	61	51	36	68	20	97	73	73	58	15	86	2	11	73	32	47	67	5	98	91	45	32	23	66	26	12	9	25	18	64	81	50	1	38	33	95	95	84	27	27	18	58	90	10	52	7	47	38	0	7	68	85	80	95	11	41	76	90	15	84	75	74	93	13	77	25	49	81	92	63	6	81	
94	52	48	18	56	69	35	1	76	44	92	55	87	47	42	9	69	17	73	88	34	36	34	86	55	57	51	70	27	1	98	14	30	50	3	32	62	11	31	76	56	1	41	59	85	9	66	17	35	89	85	10	97	80	30	40	72	68	71	96	85	56	14	55	65	96	66	99	48	71	5	23	22	48	65	9	7	0	85	2	12	27	18	60	31	92	89	28	57	93	100	66	18	80	61	12	59	66	40	89	
66	14	31	89	71	19	45	28	19	26	41	10	68	89	29	6	33	94	27	76	60	14	99	67	93	18	8	68	62	51	5	69	53	50	64	98	73	59	68	56	98	100	78	34	100	1	65	91	14	60	1	66	46	91	96	48	9	86	34	77	47	32	15	86	35	13	8	13	50	25	13	58	54	54	18	75	68	85	0	17	11	75	62	62	30	73	26	9	86	22	58	22	19	18	68	24	17	83	3	78	
54	85	99	89	57	69	34	53	6	26	67	80	45	77	9	25	80	35	7	89	63	54	73	30	2	47	74	46	94	70	6	38	77	38	39	86	3	33	58	18	50	12	95	29	11	74	64	61	93	63	20	59	60	28	60	62	54	41	35	3	80	31	69	99	28	58	32	42	52	20	90	59	15	17	48	64	85	2	17	0	61	41	99	31	97	8	67	17	15	72	68	53	60	76	84	44	43	95	75	41	
16	54	56	44	38	4	76	47	99	43	51	98	90	9	47	5	81	49	13	59	5	97	77	36	86	51	6	78	33	13	16	64	58	85	25	75	68	11	89	24	74	86	54	43	55	4	67	31	1	13	5	58	12	9	96	36	5	66	13	11	47	80	62	52	2	30	76	69	15	57	79	22	58	39	27	72	80	12	11	61	0	8	64	92	62	13	48	96	52	28	42	58	7	85	42	3	80	54	52	40	
9	65	29	5	51	51	46	33	1	71	55	58	38	4	94	30	23	21	71	66	67	17	86	99	12	6	97	37	91	20	93	87	2	44	24	3	11	95	42	50	22	41	60	87	56	92	82	93	41	65	35	23	71	63	15	97	35	98	71	15	23	70	26	16	54	68	3	77	7	43	31	19	67	94	91	48	95	27	75	41	8	0	49	45	90	80	91	4	41	31	94	76	13	91	50	26	60	27	32	29	
73	86	55	16	85	72	34	99	23	95	2	31	90	60	1	58	100	55	57	83	65	92	83	97	59	33	9	9	29	67	56	9	70	70	50	80	33	40	96	19	37	25	21	100	21	11	50	88	82	7	94	42	18	63	85	89	12	84	86	41	78	6	78	29	71	82	94	89	10	64	17	23	100	88	9	94	11	18	62	99	64	49	0	97	69	43	2	19	52	68	48	47	33	95	85	86	49	31	52	87	
61	97	68	36	94	78	64	80	47	34	95	7	42	66	44	26	54	42	54	93	85	35	85	6	37	11	47	18	99	67	28	25	5	96	67	39	13	64	77	94	31	88	75	71	85	79	73	64	36	24	42	4	77	4	89	53	73	76	48	91	25	32	98	27	45	31	67	47	76	79	87	7	72	59	63	10	41	60	62	31	92	45	97	0	100	92	91	22	8	96	4	64	69	49	30	46	8	84	79	28	
31	41	46	9	5	14	41	16	51	33	12	49	70	35	16	98	65	40	55	28	64	16	91	80	75	27	73	60	75	75	9	30	32	13	12	1	50	20	71	15	15	69	62	97	48	91	47	96	43	40	41	8	74	82	23	53	70	1	1	6	15	92	41	58	81	72	31	53	64	99	100	60	18	46	29	25	76	31	30	97	62	90	69	100	0	86	88	23	65	98	37	84	45	53	75	60	58	73	88	26	
25	20	87	35	9	11	57	13	88	49	68	88	84	16	67	45	74	77	63	92	99	76	6	33	86	46	45	13	79	95	76	53	41	5	83	2	39	89	43	31	85	36	84	5	50	45	12	60	15	48	79	49	27	52	63	82	13	77	7	40	70	9	72	84	96	79	58	87	78	62	25	72	94	24	90	51	90	92	73	8	13	80	43	92	86	0	99	84	48	68	94	78	82	89	51	77	84	70	49	77	
55	80	28	22	26	56	4	85	77	19	50	20	93	54	16	47	47	91	52	33	21	67	63	22	55	87	88	37	71	34	86	58	38	88	26	61	9	38	77	81	24	56	3	70	28	44	32	83	17	59	16	40	54	67	35	71	8	30	85	83	36	27	15	40	13	89	71	56	2	77	100	90	50	23	48	60	15	89	26	67	48	91	2	91	88	99	0	14	55	14	91	13	7	50	42	38	47	96	40	12	
23	74	68	57	19	9	95	12	23	57	70	30	74	26	19	48	51	68	50	64	5	27	66	89	81	68	45	52	64	89	33	22	95	81	81	51	92	74	24	91	67	18	37	8	8	10	75	57	62	88	4	29	75	38	35	66	9	34	84	43	79	50	47	56	41	22	42	57	31	85	53	8	45	68	51	32	84	28	9	17	96	4	19	22	23	84	14	0	83	7	16	90	70	65	100	84	25	89	2	100	
22	25	32	53	40	45	23	49	89	14	89	62	79	18	48	39	65	17	32	37	21	46	94	47	37	11	52	38	87	62	38	93	1	45	44	52	39	57	36	78	82	36	27	76	72	38	69	50	87	86	25	45	3	87	16	36	82	86	26	80	46	19	32	73	90	89	96	54	37	25	12	48	43	50	17	82	75	57	86	15	52	41	52	8	65	48	55	83	0	77	59	32	32	40	54	5	71	8	34	72	
79	89	61	56	12	35	59	99	68	58	62	93	11	94	7	70	69	73	3	63	25	93	95	26	23	74	10	79	98	77	11	52	8	86	47	62	44	6	61	31	43	42	39	75	77	67	1	48	47	28	44	31	86	27	38	34	17	57	15	73	52	28	49	55	29	6	14	9	19	15	87	89	7	28	43	84	74	93	22	72	28	31	68	96	98	68	14	7	77	0	73	42	66	91	75	46	35	80	34	100	
52	17	9	21	5	9	35	51	79	10	52	24	3	7	22	97	13	52	33	6	22	72	23	2	25	56	85	41	52	79	41	14	4	52	10	90	17	53	42	53	35	85	8	77	84	74	10	99	42	91	19	4	92	96	96	60	66	81	82	92	88	19	40	42	45	32	65	49	31	84	30	82	23	79	67	80	93	100	58	68	42	94	48	4	37	94	91	16	59	73	0	97	47	94	43	69	93	86	48	69	
11	9	98	52	86	76	63	1	55	42	42	76	17	10	27	7	92	84	10	73	35	29	84	74	23	90	85	29	66	96	29	27	21	17	53	13	89	42	41	19	64	78	75	28	58	57	1	60	73	71	88	85	50	79	96	24	49	2	82	1	90	12	39	31	74	75	38	86	87	55	82	30	40	20	50	65	13	66	22	53	58	76	47	64	84	78	13	90	32	42	97	0	63	15	37	8	61	38	34	37	
56	64	55	58	84	72	75	89	60	98	8	98	27	48	37	41	61	63	82	18	89	4	61	79	41	75	73	1	93	17	76	34	69	34	27	98	21	20	8	95	85	27	88	53	36	78	61	36	52	83	74	45	40	25	83	74	98	98	70	85	17	54	29	50	5	20	90	83	49	7	95	78	87	78	7	70	77	18	19	60	7	13	33	69	45	82	7	70	32	66	47	63	0	24	17	7	73	34	60	19	
58	14	37	29	17	10	64	48	87	1	43	49	63	86	16	51	10	21	66	38	65	47	8	93	92	64	16	12	58	60	17	69	96	86	74	60	21	56	46	22	48	88	98	85	96	29	66	58	74	13	98	84	5	71	65	81	76	29	55	25	1	78	65	87	7	33	68	9	85	55	15	1	11	58	84	80	25	80	18	76	85	91	95	49	53	89	50	65	40	91	94	15	24	0	70	13	36	41	35	76	
77	2	97	39	43	16	95	37	77	77	7	4	32	87	43	22	80	34	43	60	32	52	11	9	35	97	34	55	33	70	46	14	37	92	44	75	15	62	49	60	14	35	100	25	6	42	45	6	17	25	20	98	22	45	82	96	47	3	59	12	34	9	80	19	89	6	33	32	65	51	58	13	44	45	28	96	49	61	68	84	42	50	85	30	75	51	42	100	54	75	43	37	17	70	0	69	22	49	29	5	
40	85	3	27	50	50	58	62	89	88	93	12	30	75	71	26	62	68	4	74	92	41	99	100	27	31	43	29	100	5	13	11	35	25	59	52	93	70	28	9	1	43	65	67	69	78	79	26	88	90	55	1	27	29	57	48	41	32	61	47	97	2	54	52	17	40	61	76	18	15	44	60	98	68	49	65	81	12	24	44	3	26	86	46	60	77	38	84	5	46	69	8	7	13	69	0	58	1	86	80	
38	36	75	3	63	98	71	93	3	92	43	22	70	40	36	93	30	27	54	3	75	93	41	94	91	50	98	11	72	96	7	45	35	100	11	84	16	49	21	17	95	45	79	71	43	97	28	92	43	94	26	45	99	7	63	34	59	2	62	50	44	50	75	76	51	30	84	15	22	40	16	68	4	68	22	32	92	59	17	43	80	60	49	8	58	84	47	25	71	35	93	61	73	36	22	58	0	30	75	13	
81	87	43	72	71	55	86	41	37	72	59	37	89	26	33	36	94	43	20	82	21	20	66	65	88	71	9	2	79	31	4	95	21	3	82	74	51	90	38	21	61	39	30	9	28	73	96	97	16	73	61	70	94	58	90	68	100	59	48	10	94	85	46	76	79	95	24	9	27	43	55	44	28	38	8	14	63	66	83	95	54	27	31	84	73	70	96	89	8	80	86	38	34	41	49	1	30	0	69	57	
40	83	58	35	73	43	38	59	73	66	66	56	76	68	12	86	15	65	81	56	81	16	18	78	90	47	26	36	58	12	11	16	92	14	39	82	11	69	36	17	46	12	25	19	38	58	80	42	90	85	42	88	46	27	5	96	76	72	2	55	3	87	54	57	23	52	84	34	9	76	69	49	36	90	18	10	6	40	3	75	52	32	52	79	88	49	40	2	34	34	48	34	60	35	29	86	75	69	0	25	
46	47	91	41	11	27	23	63	32	81	34	44	81	78	53	44	86	58	45	41	92	51	25	87	27	68	53	47	50	92	37	37	16	23	58	65	93	19	60	44	27	29	85	11	52	61	89	4	68	98	51	2	38	40	23	47	20	13	62	45	97	38	72	31	66	26	66	37	27	56	2	36	15	49	44	26	81	89	78	41	40	29	87	28	26	77	12	100	72	100	69	37	19	76	5	80	13	57	25	0	
