150
0	113	415	713	529	306	472	534	253	292	163	836	50	76	129	862	388	51	474	250	24	383	603	244	10	648	847	676	997	986	27	365	363	838	558	528	767	598	761	241	257	393	996	215	171	931	433	954	626	657	780	616	719	900	531	489	30	340	987	732	430	782	475	657	178	185	765	48	968	621	490	122	88	421	677	527	503	111	939	447	565	2	282	621	595	887	927	921	785	867	964	317	159	908	290	186	434	913	107	483	466	399	84	794	322	449	648	570	303	360	304	798	868	588	282	312	397	305	872	956	451	430	67	989	536	962	167	56	779	343	584	256	950	59	277	474	966	573	581	826	19	597	263	525	401	15	246	721	757	522	
113	0	989	145	404	788	279	222	569	416	346	971	293	50	893	7	692	442	887	744	301	912	770	758	218	615	97	213	530	140	565	328	891	241	750	34	59	421	512	934	849	383	916	699	864	171	889	56	620	188	738	718	575	610	977	813	518	613	628	815	592	539	328	597	135	879	635	606	802	371	143	567	89	151	203	840	347	562	356	707	13	183	500	642	308	604	889	121	493	968	226	882	962	651	782	904	712	491	205	606	983	700	402	704	890	647	386	362	567	870	310	480	504	422	623	62	756	550	891	25	768	391	874	261	450	869	639	913	967	774	331	376	763	728	756	449	201	439	182	529	620	535	624	111	382	767	635	888	142	199	
415	989	0	990	317	87	307	29	402	670	377	3	664	596	527	430	397	966	800	362	586	97	505	857	741	338	22	633	16	285	27	70	98	963	256	426	541	618	12	762	352	672	381	675	949	647	31	461	909	224	52	6	347	769	458	986	158	288	283	602	595	669	881	82	35	451	752	599	921	576	441	153	222	774	652	150	312	56	669	696	289	368	643	935	716	528	325	225	613	776	829	489	465	952	186	830	571	38	976	838	897	602	171	899	726	800	676	548	906	646	699	719	511	735	453	326	589	271	768	471	464	376	661	648	920	596	901	555	714	732	472	166	357	920	721	935	175	312	734	758	705	59	86	659	312	165	228	513	382	318	
713	145	990	0	859	3	673	865	106	895	777	186	931	40	304	436	575	768	941	874	716	277	177	68	897	755	62	589	904	723	101	234	661	67	655	805	543	341	798	59	213	204	997	962	283	381	245	632	645	755	433	928	955	21	476	638	493	747	82	653	865	895	581	486	243	409	721	524	940	86	465	206	822	249	291	516	910	218	41	998	67	703	906	666	111	40	345	20	108	871	316	250	392	704	287	504	484	197	106	850	577	917	897	593	796	862	50	24	404	504	260	951	249	812	342	559	263	749	190	255	116	190	299	270	710	292	589	74	456	14	787	816	87	290	917	13	792	569	188	317	692	734	606	411	86	515	943	896	668	645	
529	404	317	859	0	484	118	453	160	481	719	291	278	990	250	184	836	189	39	813	438	647	690	953	828	992	349	951	484	312	801	803	403	891	621	454	534	531	819	8	238	829	726	174	891	986	289	20	104	718	252	668	207	574	888	216	254	37	654	924	107	976	282	112	228	284	798	620	2	4	140	996	735	223	771	111	141	512	255	571	185	464	82	43	224	18	839	308	160	581	425	300	266	800	983	515	207	504	842	647	945	101	66	123	195	526	222	959	115	266	875	702	607	34	736	667	422	363	47	446	553	559	669	406	705	510	302	775	947	313	291	814	569	392	317	650	322	820	263	750	910	311	687	604	594	411	77	444	747	129	
306	788	87	3	484	0	983	869	833	195	820	443	945	740	375	442	288	990	31	114	628	811	885	99	749	632	37	387	237	544	193	190	531	637	322	685	526	596	624	146	864	321	124	19	817	184	308	325	694	495	607	178	722	592	962	478	267	707	202	951	584	691	866	163	266	127	271	343	96	948	146	565	671	593	254	685	697	836	243	255	326	771	147	511	689	798	11	891	669	235	604	393	215	81	218	252	805	817	916	241	335	433	301	437	205	276	698	97	810	823	526	625	807	980	667	561	219	92	1	393	602	161	443	610	475	106	728	209	318	555	528	148	973	364	737	867	115	152	832	553	619	337	3	314	922	193	766	879	775	972	
472	279	307	673	118	983	0	100	368	410	573	273	66	787	759	846	41	436	709	573	703	746	419	445	982	975	222	152	522	436	169	27	459	846	234	701	426	670	533	516	689	133	848	765	704	351	862	290	549	720	559	329	419	468	111	314	935	523	166	273	119	118	177	917	755	219	144	80	337	455	935	657	20	740	272	942	340	912	840	285	324	120	601	965	520	501	249	272	901	191	881	396	94	831	48	499	155	377	409	631	853	66	938	434	280	126	582	253	896	293	414	255	447	54	83	769	101	285	544	751	545	570	245	145	607	58	606	867	403	817	966	434	157	911	902	32	950	347	35	194	769	862	439	664	21	98	398	380	362	34	
534	222	29	865	453	869	100	0	467	151	858	715	820	960	459	284	972	318	498	194	735	689	74	15	715	603	229	692	30	917	698	532	66	175	711	291	224	328	217	278	396	607	322	613	917	937	626	847	328	652	465	628	317	251	763	945	938	267	878	304	718	693	824	294	49	726	669	65	386	491	447	625	234	529	438	869	759	755	187	394	995	405	351	168	830	25	633	46	121	184	448	791	701	148	702	916	507	219	838	548	693	870	711	921	788	59	272	325	556	983	399	581	589	384	997	485	540	107	428	740	489	713	444	994	562	24	58	15	88	831	418	29	935	585	375	632	628	542	608	749	731	542	925	681	95	367	962	19	693	409	
253	569	402	106	160	833	368	467	0	531	997	563	256	466	71	796	418	956	445	807	706	402	259	586	876	143	765	457	361	789	67	924	237	534	205	327	864	671	835	523	730	271	97	925	643	369	721	653	850	405	681	514	723	806	150	333	334	664	873	43	870	184	137	455	231	705	513	399	892	964	156	941	224	79	862	529	515	497	261	596	119	821	200	656	36	133	310	847	208	458	51	754	691	417	510	396	803	255	278	557	971	544	206	610	929	332	198	925	944	756	941	1	987	723	332	978	763	216	972	250	795	684	475	790	649	135	435	267	352	943	947	347	588	604	66	340	238	509	17	195	273	303	704	764	492	808	412	358	529	607	
292	416	670	895	481	195	410	151	531	0	136	109	580	910	97	183	72	10	782	268	399	403	512	447	969	823	815	458	663	267	845	321	352	325	655	694	867	180	624	741	694	185	656	208	638	650	718	566	328	275	889	583	816	440	814	67	144	746	389	740	836	134	220	817	995	564	128	349	160	813	697	135	353	318	854	547	624	981	377	865	449	114	788	380	363	968	468	782	42	332	724	642	740	581	989	330	755	716	85	202	74	94	366	917	876	399	209	342	385	930	498	145	506	38	670	276	151	843	402	1000	399	638	613	140	16	417	81	36	456	574	182	245	131	581	520	525	829	844	666	257	50	695	978	767	76	584	887	797	414	792	
163	346	377	777	719	820	573	858	997	136	0	856	729	919	975	847	354	888	929	431	15	657	650	1	151	505	171	981	768	285	92	559	940	707	44	96	457	935	544	255	992	502	720	847	273	809	912	379	156	932	206	823	643	888	15	56	38	493	239	727	983	356	144	690	720	492	226	372	9	131	733	519	358	888	867	238	304	15	577	783	867	148	583	585	360	947	230	323	12	743	729	742	409	818	720	483	139	429	593	407	813	448	223	582	837	396	184	902	326	215	817	406	789	352	965	822	742	603	414	400	623	23	299	320	813	254	330	129	494	661	904	880	327	637	647	276	591	505	263	558	675	594	577	213	907	247	199	253	429	128	
836	971	3	186	291	443	273	715	563	109	856	0	944	353	641	988	707	303	101	450	513	908	994	685	328	711	374	260	893	130	763	513	570	702	519	71	984	102	422	658	6	607	894	530	219	942	281	344	889	378	472	460	595	332	829	654	904	205	842	771	872	599	640	602	742	142	627	304	31	432	748	761	282	154	671	552	664	781	511	753	190	242	494	541	161	74	641	301	81	673	450	971	521	67	568	845	525	999	597	451	661	723	519	620	562	248	201	979	959	24	210	696	290	902	263	756	818	269	52	717	250	971	520	323	799	78	266	898	375	936	327	177	379	655	582	882	255	553	453	28	343	142	476	773	348	678	546	835	199	677	
50	293	664	931	278	945	66	820	256	580	729	944	0	368	413	140	35	203	565	923	641	974	305	84	929	615	346	713	605	232	853	712	275	225	417	312	144	156	703	860	970	642	312	191	290	876	716	655	346	251	935	436	923	844	729	155	499	559	94	446	413	983	419	622	400	687	138	620	357	778	328	500	187	676	693	243	725	311	843	106	463	713	642	67	253	780	188	428	13	85	293	386	541	794	893	152	528	70	153	808	645	86	606	113	584	145	216	826	598	627	130	910	955	3	398	408	190	134	584	920	311	723	86	903	919	377	867	39	265	973	924	215	496	273	618	118	426	377	626	365	147	991	497	194	236	138	419	770	686	474	
76	50	596	40	990	740	787	960	466	910	919	353	368	0	638	823	618	832	282	82	402	588	357	731	765	294	884	895	559	513	796	177	823	996	866	916	78	787	287	191	501	662	889	258	853	281	262	664	164	604	34	806	239	803	498	779	795	528	737	232	945	431	692	522	434	763	458	718	718	79	430	308	251	256	495	999	804	89	951	684	264	830	155	513	909	78	779	912	364	771	155	99	694	867	745	562	688	500	584	571	163	683	204	58	304	430	430	378	738	811	19	226	771	368	736	363	52	221	808	497	327	415	82	160	775	110	748	881	867	97	701	301	598	864	546	665	19	530	855	802	623	344	736	811	87	441	832	77	236	416	
129	893	527	304	250	375	759	459	71	97	975	641	413	638	0	545	775	316	756	197	102	315	430	846	398	26	576	769	753	206	796	976	456	836	962	431	8	52	566	191	831	691	801	306	631	422	671	606	697	275	618	614	870	906	781	68	514	533	259	484	34	564	944	901	399	204	736	329	916	312	807	824	853	840	873	687	24	337	835	423	784	461	657	787	199	533	865	337	964	300	64	509	806	174	452	83	408	185	458	452	541	619	609	962	85	868	71	543	281	797	578	83	35	441	433	837	82	643	68	620	893	88	513	13	221	7	913	168	496	86	570	903	387	886	198	591	376	425	716	410	217	619	718	27	19	328	266	387	302	76	
862	7	430	436	184	442	846	284	796	183	847	988	140	823	545	0	989	844	620	897	653	205	456	188	365	389	90	824	807	363	752	648	781	973	214	399	192	327	905	474	285	583	784	776	845	103	900	137	443	450	570	573	204	187	247	238	370	634	555	561	809	944	953	209	550	565	262	61	948	72	672	802	529	895	713	524	688	79	708	57	696	606	111	742	414	407	49	678	630	607	598	72	976	494	801	729	377	639	825	459	566	923	407	668	448	530	599	81	917	452	813	460	995	760	250	643	131	979	879	420	371	203	97	910	380	132	662	65	349	891	78	185	928	897	254	63	420	642	409	41	714	790	96	202	36	248	100	989	267	53	
388	692	397	575	836	288	41	972	418	72	354	707	35	618	775	989	0	544	534	960	367	572	402	853	483	160	536	772	600	374	376	512	746	612	675	876	269	752	770	865	237	692	532	731	829	484	107	870	751	805	558	53	700	721	260	595	604	712	855	398	631	473	15	632	725	441	353	624	804	107	487	984	832	530	393	440	544	331	333	52	695	517	187	449	151	341	668	406	125	990	661	961	273	238	94	663	60	959	176	759	759	131	413	521	961	25	890	739	857	976	619	221	13	793	814	702	27	411	891	382	574	457	826	646	164	478	453	884	245	403	80	523	766	120	622	755	670	386	590	421	584	932	158	689	267	233	758	43	287	312	
51	442	966	768	189	990	436	318	956	10	888	303	203	832	316	844	544	0	40	756	57	65	78	853	296	872	941	569	745	272	1	907	808	9	194	334	280	380	221	260	893	814	221	297	592	228	731	456	474	303	235	286	644	96	378	430	15	509	253	661	296	852	732	351	526	911	55	434	847	264	439	177	375	415	160	251	323	731	445	606	789	814	141	869	609	779	613	210	855	884	94	632	601	455	832	744	376	41	911	134	931	782	61	381	904	167	336	593	765	181	469	371	480	381	269	234	30	677	295	935	866	366	551	322	102	418	950	724	470	560	777	44	827	541	134	990	542	909	956	193	262	275	370	80	987	253	675	403	419	372	
474	887	800	941	39	31	709	498	445	782	929	101	565	282	756	620	534	40	0	937	639	286	498	416	635	509	101	732	844	272	499	750	908	800	334	98	342	170	122	236	989	125	268	573	813	566	14	192	770	562	936	442	496	707	465	97	843	735	119	220	640	134	299	932	228	154	280	322	755	323	925	9	51	172	673	964	331	128	191	731	558	514	2	410	436	843	323	315	746	732	880	150	865	223	39	509	949	161	756	869	999	891	615	114	749	417	794	665	840	170	185	748	822	762	690	602	66	988	71	797	49	652	818	416	717	900	208	977	7	293	161	963	57	112	592	703	50	453	422	116	301	77	571	244	452	67	679	241	209	328	
250	744	362	874	813	114	573	194	807	268	431	450	923	82	197	897	960	756	937	0	582	120	750	687	619	380	382	805	166	375	475	597	920	293	592	116	966	241	986	768	909	291	587	582	30	834	935	693	138	175	443	933	135	634	682	692	763	794	722	2	216	55	255	555	713	937	22	381	188	502	725	658	96	24	321	312	417	606	591	872	794	485	255	228	883	541	46	868	987	872	587	442	303	913	316	149	547	674	210	275	112	41	731	155	383	379	342	474	765	728	804	339	864	410	349	988	153	281	336	311	818	992	272	127	706	158	995	636	383	973	468	520	307	255	300	490	426	42	636	163	442	217	558	336	356	118	413	879	682	140	
24	301	586	716	438	628	703	735	706	399	15	513	641	402	102	653	367	57	639	582	0	418	693	810	458	520	711	186	541	690	704	740	700	92	954	908	554	328	936	135	935	474	364	527	96	205	301	69	705	351	915	78	952	218	350	768	500	829	507	606	894	403	80	931	414	58	539	228	193	311	733	985	137	576	645	437	470	625	483	523	196	747	1	588	861	34	657	526	48	374	339	239	825	429	997	755	140	326	817	754	436	41	857	702	889	806	462	531	218	67	561	567	78	401	625	404	553	457	495	940	957	547	527	765	255	968	120	805	524	73	524	79	396	214	556	270	894	84	854	578	532	377	489	537	463	97	931	592	30	679	
383	912	97	277	647	811	746	689	402	403	657	908	974	588	315	205	572	65	286	120	418	0	944	425	476	956	902	735	184	979	151	696	680	921	446	739	496	519	45	466	248	706	287	681	452	468	954	328	928	300	647	85	603	492	356	886	83	657	953	646	386	328	299	301	648	943	254	141	633	314	278	858	279	256	271	657	27	85	379	557	208	992	388	534	361	751	51	483	421	690	824	329	183	174	203	284	627	964	739	565	621	489	477	733	708	230	511	194	616	802	693	167	504	535	123	153	471	682	620	935	287	775	939	561	742	277	545	332	281	718	582	4	982	66	67	708	414	340	759	387	891	565	328	591	406	575	708	870	645	805	
603	770	505	177	690	885	419	74	259	512	650	994	305	357	430	456	402	78	498	750	693	944	0	625	218	947	385	682	757	8	229	507	390	898	695	279	786	620	599	511	887	510	746	422	204	837	380	915	53	204	906	583	254	675	238	128	102	56	670	485	742	467	454	474	193	767	293	750	950	445	774	243	932	498	129	30	791	981	89	360	32	882	838	612	745	594	470	930	840	502	999	203	211	689	209	334	734	798	202	266	873	915	345	661	230	580	311	461	929	163	131	301	33	814	365	706	190	585	285	334	19	30	189	741	269	554	348	479	564	370	485	917	107	333	895	206	723	884	870	716	45	999	10	883	887	842	694	434	845	537	
244	758	857	68	953	99	445	15	586	447	1	685	84	731	846	188	853	853	416	687	810	425	625	0	67	382	172	383	806	195	196	949	328	804	956	248	725	981	611	780	840	518	148	464	60	915	504	954	597	986	843	965	248	485	608	720	33	848	166	697	100	709	607	610	902	406	974	666	188	787	985	415	964	277	960	538	123	530	245	36	830	458	548	112	133	896	549	416	229	246	887	37	766	850	599	817	420	421	241	783	353	855	470	406	115	595	176	554	513	688	146	27	708	418	299	674	972	598	76	217	73	590	943	930	251	772	835	627	604	185	870	920	452	520	714	1	205	623	835	814	136	102	263	793	135	492	23	667	301	102	
10	218	741	897	828	749	982	715	876	969	151	328	929	765	398	365	483	296	635	619	458	476	218	67	0	310	793	507	400	39	296	917	513	460	711	700	306	996	92	861	240	772	297	282	482	234	624	343	605	758	509	775	966	369	571	640	575	242	826	381	166	599	984	643	466	417	749	94	896	780	475	940	589	805	861	922	796	460	679	238	378	964	127	429	241	473	795	957	2	737	611	302	646	838	72	221	375	667	734	233	498	173	709	801	32	684	646	837	925	90	604	69	800	323	680	959	845	334	674	205	791	371	453	549	802	229	499	659	408	202	200	164	465	384	827	468	385	386	842	803	733	28	718	372	758	219	975	62	649	905	
648	615	338	755	992	632	975	603	143	823	505	711	615	294	26	389	160	872	509	380	520	956	947	382	310	0	241	246	934	823	967	164	96	571	430	949	780	493	766	233	117	645	324	182	815	63	723	429	51	665	269	595	331	444	669	803	655	697	150	465	310	414	81	554	33	617	963	531	364	117	589	687	974	979	89	933	380	970	641	921	217	649	665	402	184	125	960	540	973	711	59	159	385	407	36	959	548	679	585	293	384	825	143	534	132	898	472	859	254	307	723	553	837	958	11	673	869	102	290	2	380	506	248	374	509	403	614	987	851	860	248	875	720	778	675	686	118	475	987	382	966	684	409	963	952	54	106	272	290	88	
847	97	22	62	349	37	222	229	765	815	171	374	346	884	576	90	536	941	101	382	711	902	385	172	793	241	0	251	214	156	899	459	607	923	946	146	774	884	752	833	829	68	471	282	583	965	38	74	71	164	42	915	89	409	657	143	744	471	203	673	335	852	729	366	35	451	987	805	824	96	972	611	460	244	113	834	801	210	170	635	479	384	272	73	233	722	48	8	847	555	670	470	588	222	862	33	817	37	582	9	241	135	928	855	982	487	551	750	980	354	784	200	141	746	668	724	533	745	530	287	558	39	194	97	263	288	183	754	864	744	196	21	426	689	819	691	133	86	506	291	825	944	512	760	272	257	398	20	188	463	
676	213	633	589	951	387	152	692	457	458	981	260	713	895	769	824	772	569	732	805	186	735	682	383	507	246	251	0	896	724	70	308	814	323	247	579	606	987	466	293	237	417	145	181	566	481	559	985	338	731	406	187	9	4	306	46	271	423	766	204	730	757	21	863	979	459	796	823	835	580	430	452	984	550	999	5	417	977	894	248	118	421	628	866	259	243	426	825	38	711	131	728	639	988	37	563	544	129	694	252	293	379	780	413	822	83	653	55	339	393	984	522	255	257	228	966	199	789	960	498	557	203	283	299	792	945	421	383	774	270	629	137	733	90	220	720	847	760	137	732	628	339	127	113	564	216	4	207	93	811	
997	530	16	904	484	237	522	30	361	663	768	893	605	559	753	807	600	745	844	166	541	184	757	806	400	934	214	896	0	220	480	89	764	518	684	540	618	460	418	805	128	49	184	163	416	670	268	26	334	317	404	301	654	834	907	38	49	358	813	460	475	38	917	77	336	732	388	868	393	660	885	948	962	306	367	614	686	34	75	967	404	583	710	934	803	833	449	308	52	57	511	845	576	854	463	62	642	653	651	176	349	436	352	156	873	48	399	374	690	896	275	687	114	1	492	894	713	531	867	111	370	164	999	279	367	164	735	535	479	609	449	727	495	492	43	20	279	755	960	292	150	56	661	378	385	162	396	502	472	90	
986	140	285	723	312	544	436	917	789	267	285	130	232	513	206	363	374	272	272	375	690	979	8	195	39	823	156	724	220	0	641	663	921	345	475	891	266	840	397	86	961	992	30	273	766	676	229	773	603	43	537	936	410	66	73	335	984	26	735	173	865	885	442	747	940	95	644	761	384	811	1	251	207	795	609	55	26	588	376	822	885	289	284	969	581	391	6	495	455	617	861	44	602	204	223	92	432	742	410	296	993	379	754	671	185	72	139	409	603	276	530	448	406	771	159	240	399	477	846	505	886	791	862	579	557	320	592	65	23	214	484	624	62	833	681	162	408	17	845	622	682	236	324	107	61	67	555	461	296	221	
27	565	27	101	801	193	169	698	67	845	92	763	853	796	796	752	376	1	499	475	704	151	229	196	296	967	899	70	480	641	0	791	118	982	772	329	961	66	487	45	443	344	271	780	970	254	214	695	947	931	116	916	311	446	180	582	126	986	351	672	63	865	736	698	725	918	80	55	166	624	410	662	873	340	737	944	510	857	472	57	355	122	691	283	811	704	805	943	9	934	633	374	502	393	116	775	895	255	603	873	731	887	473	411	180	266	572	129	979	392	545	690	657	662	428	377	555	262	485	169	365	432	520	100	259	632	371	349	836	24	293	580	144	975	581	843	59	690	264	991	138	538	584	329	998	542	313	901	695	786	
365	328	70	234	803	190	27	532	924	321	559	513	712	177	976	648	512	907	750	597	740	696	507	949	917	164	459	308	89	663	791	0	349	138	746	552	683	723	374	423	28	870	627	873	470	715	988	169	780	167	383	188	670	922	235	671	420	133	697	762	697	992	638	404	670	851	576	447	396	619	374	140	526	136	293	994	751	85	568	676	872	711	896	721	476	281	845	560	639	311	947	170	996	826	888	170	6	196	453	811	762	436	580	18	291	836	961	124	582	929	979	168	639	619	749	488	203	702	32	668	504	495	580	159	226	547	903	838	63	645	84	887	717	22	799	750	194	778	704	310	316	64	110	942	11	458	271	537	972	319	
363	891	98	661	403	531	459	66	237	352	940	570	275	823	456	781	746	808	908	920	700	680	390	328	513	96	607	814	764	921	118	349	0	653	923	495	669	603	201	235	34	696	552	296	557	347	224	29	729	400	194	91	354	697	144	66	738	337	757	667	382	125	157	197	933	52	645	308	169	433	6	471	209	542	918	376	877	298	456	834	948	774	133	518	843	61	531	310	935	827	69	502	661	456	787	432	455	900	83	623	218	589	904	446	422	502	706	657	742	331	454	564	736	570	584	763	415	252	918	594	447	541	958	630	456	975	571	291	927	590	948	32	161	1000	998	504	530	667	611	706	566	779	475	251	189	228	650	258	588	437	
838	241	963	67	891	637	846	175	534	325	707	702	225	996	836	973	612	9	800	293	92	921	898	804	460	571	923	323	518	345	982	138	653	0	833	365	729	694	737	74	279	107	270	224	963	305	345	879	158	537	704	589	429	611	26	75	189	620	781	759	139	907	203	491	467	657	349	62	278	991	878	378	762	148	955	510	381	790	72	724	561	945	751	245	215	238	502	764	37	702	182	553	921	632	507	559	579	591	313	31	326	231	779	766	888	265	706	797	731	509	860	272	538	71	410	81	719	174	287	221	420	585	334	927	73	378	219	844	270	327	189	911	73	935	770	678	530	571	683	261	605	485	130	513	144	244	498	535	278	600	
558	750	256	655	621	322	234	711	205	655	44	519	417	866	962	214	675	194	334	592	954	446	695	956	711	430	946	247	684	475	772	746	923	833	0	325	878	771	396	899	11	169	914	994	179	770	363	681	710	991	646	874	2	680	49	359	446	261	230	700	120	789	360	909	649	500	958	185	615	642	207	391	763	754	31	880	309	969	297	574	500	288	469	507	378	682	92	749	32	530	818	81	982	767	794	85	293	425	712	666	529	401	267	98	977	108	314	854	728	33	209	963	953	139	996	86	359	1000	731	182	923	675	574	249	433	727	491	9	941	901	886	960	930	608	392	618	43	15	835	819	918	90	748	257	805	993	378	114	247	450	
528	34	426	805	454	685	701	291	327	694	96	71	312	916	431	399	876	334	98	116	908	739	279	248	700	949	146	579	540	891	329	552	495	365	325	0	175	529	463	1	853	573	27	436	338	978	360	208	455	492	811	638	109	865	419	762	225	143	501	318	506	639	392	34	488	96	259	271	735	742	292	244	28	348	531	552	632	599	685	897	723	309	149	525	587	295	696	838	372	587	391	315	946	141	419	414	757	694	132	752	900	781	114	179	270	334	696	777	772	792	654	25	251	156	670	347	633	906	225	540	422	838	643	731	709	35	348	324	642	734	512	837	566	687	2	88	465	915	188	545	871	22	530	616	623	471	480	144	928	780	
767	59	541	543	534	526	426	224	864	867	457	984	144	78	8	192	269	280	342	966	554	496	786	725	306	780	774	606	618	266	961	683	669	729	878	175	0	264	825	76	280	297	636	74	210	548	390	622	504	801	822	500	579	858	913	829	940	654	798	609	528	481	966	214	624	201	774	863	308	132	232	297	993	377	455	194	329	452	506	434	682	310	890	879	353	652	943	603	720	958	904	145	630	739	802	889	142	139	676	167	891	445	960	67	450	587	731	396	368	554	841	838	414	102	811	286	218	950	898	747	424	948	585	976	496	64	430	71	250	117	481	744	544	723	248	858	586	847	362	417	848	488	762	153	3	691	7	946	157	922	
598	421	618	341	531	596	670	328	671	180	935	102	156	787	52	327	752	380	170	241	328	519	620	981	996	493	884	987	460	840	66	723	603	694	771	529	264	0	234	780	451	616	679	773	767	656	816	673	331	334	406	905	523	782	73	239	730	61	130	97	368	181	143	420	450	36	487	722	770	566	911	783	361	242	916	617	698	707	969	398	233	512	251	835	932	270	379	498	673	581	172	987	304	392	591	238	146	849	147	655	666	180	928	19	410	250	838	227	322	313	633	975	965	50	240	125	420	436	150	714	135	207	976	975	344	483	217	232	715	754	235	657	764	427	182	617	15	816	646	428	981	99	287	924	694	100	412	544	714	126	
761	512	12	798	819	624	533	217	835	624	544	422	703	287	566	905	770	221	122	986	936	45	599	611	92	766	752	466	418	397	487	374	201	737	396	463	825	234	0	802	223	228	723	686	126	489	413	638	513	405	591	886	279	296	339	913	425	519	333	659	292	333	823	381	484	52	726	465	963	14	485	22	923	297	593	798	912	51	206	438	522	465	952	821	785	806	475	25	314	731	871	783	922	578	542	401	224	599	976	445	199	441	26	771	195	77	498	159	677	116	486	936	418	230	109	648	241	615	765	462	948	81	719	576	670	226	449	804	967	288	346	521	172	818	323	441	450	1000	636	506	707	622	709	494	154	573	550	863	188	890	
241	934	762	59	8	146	516	278	523	741	255	658	860	191	191	474	865	260	236	768	135	466	511	780	861	233	833	293	805	86	45	423	235	74	899	1	76	780	802	0	968	367	785	235	918	951	225	335	494	782	794	766	85	981	209	353	322	464	654	427	585	927	397	280	395	134	242	453	443	546	45	808	909	925	230	17	418	172	683	41	303	263	576	913	351	464	582	495	29	240	263	877	439	630	545	579	432	457	913	294	245	897	98	624	778	288	558	409	389	391	83	254	27	446	210	698	289	732	900	771	518	672	758	102	208	943	591	389	540	495	192	984	554	771	579	906	832	344	990	861	749	111	34	432	417	733	615	856	492	431	
257	849	352	213	238	864	689	396	730	694	992	6	970	501	831	285	237	893	989	909	935	248	887	840	240	117	829	237	128	961	443	28	34	279	11	853	280	451	223	968	0	715	789	996	402	411	711	187	313	689	56	503	784	126	268	956	73	593	766	695	485	81	980	332	726	624	647	59	330	200	980	534	794	682	934	967	804	517	543	279	310	788	772	706	900	324	889	481	131	884	629	519	71	101	71	953	978	44	209	904	110	701	892	441	477	170	133	303	759	861	366	446	852	555	40	131	850	577	983	379	857	371	694	593	501	882	61	644	964	894	280	432	985	109	578	683	184	883	394	171	650	554	109	559	747	291	908	59	147	310	
393	383	672	204	829	321	133	607	271	185	502	607	642	662	691	583	692	814	125	291	474	706	510	518	772	645	68	417	49	992	344	870	696	107	169	573	297	616	228	367	715	0	383	648	586	847	241	35	376	282	646	885	668	647	27	259	602	905	949	718	274	700	269	109	63	197	626	938	389	943	200	907	807	899	312	434	936	279	631	263	568	642	147	372	961	487	467	65	579	128	78	681	228	141	391	716	852	414	240	655	825	861	821	385	118	743	994	632	713	508	463	827	381	636	42	785	533	165	926	362	338	843	36	460	879	903	631	729	378	852	892	230	686	269	753	807	31	802	277	586	542	13	185	345	462	424	814	948	726	914	
996	916	381	997	726	124	848	322	97	656	720	894	312	889	801	784	532	221	268	587	364	287	746	148	297	324	471	145	184	30	271	627	552	270	914	27	636	679	723	785	789	383	0	975	30	200	138	983	622	177	554	246	874	969	719	760	863	29	568	991	84	76	294	938	855	703	987	558	496	357	422	564	741	237	301	563	477	293	588	312	953	194	301	730	320	457	176	411	506	190	566	372	192	211	688	216	449	828	190	885	96	648	604	94	420	882	839	652	16	480	329	341	452	124	529	662	227	410	479	877	792	929	174	746	938	437	19	280	127	900	325	246	488	656	973	363	993	596	376	745	485	363	754	321	103	509	494	695	428	131	
215	699	675	962	174	19	765	613	925	208	847	530	191	258	306	776	731	297	573	582	527	681	422	464	282	182	282	181	163	273	780	873	296	224	994	436	74	773	686	235	996	648	975	0	371	583	103	125	481	40	500	186	805	921	793	560	736	569	922	205	783	563	685	669	471	194	93	508	47	657	802	550	859	263	49	197	853	416	736	780	750	495	117	698	358	931	872	264	177	327	405	318	547	743	398	43	324	128	881	756	415	223	430	263	464	341	516	152	252	425	204	940	582	662	629	412	15	494	234	356	501	999	81	61	336	718	790	711	241	986	719	451	787	282	849	320	254	985	155	508	849	352	537	382	521	101	172	274	136	491	
171	864	949	283	891	817	704	917	643	638	273	219	290	853	631	845	829	592	813	30	96	452	204	60	482	815	583	566	416	766	970	470	557	963	179	338	210	767	126	918	402	586	30	371	0	432	836	47	450	158	696	478	392	427	625	467	752	545	369	186	794	604	745	349	28	592	585	20	335	913	162	518	220	250	730	336	193	2	752	717	551	980	528	327	670	399	17	125	491	430	93	357	648	456	681	740	916	817	366	92	742	490	224	861	740	968	197	256	872	697	575	591	718	884	61	257	847	704	543	740	42	741	409	372	427	379	626	364	572	120	413	258	563	646	167	319	388	492	594	863	657	483	130	926	447	876	303	436	147	560	
931	171	647	381	986	184	351	937	369	650	809	942	876	281	422	103	484	228	566	834	205	468	837	915	234	63	965	481	670	676	254	715	347	305	770	978	548	656	489	951	411	847	200	583	432	0	210	251	557	680	371	254	643	566	962	28	761	388	948	125	792	972	640	996	973	591	579	78	139	10	825	82	779	493	765	521	27	934	611	232	268	814	4	123	433	658	425	413	333	109	236	166	276	508	483	171	381	330	78	380	606	908	492	362	65	408	465	192	30	706	762	899	184	543	604	53	700	278	641	374	143	603	276	572	96	741	352	997	278	907	220	506	507	27	778	175	201	355	849	456	468	740	495	878	856	563	898	209	204	497	
433	889	31	245	289	308	862	626	721	718	912	281	716	262	671	900	107	731	14	935	301	954	380	504	624	723	38	559	268	229	214	988	224	345	363	360	390	816	413	225	711	241	138	103	836	210	0	585	944	360	22	38	328	723	913	791	338	872	587	637	984	449	662	989	104	396	368	942	41	45	116	65	198	453	938	192	482	938	69	352	259	231	582	760	441	93	943	463	624	449	467	233	365	272	324	11	142	401	149	431	701	394	594	778	765	614	332	220	549	285	265	159	862	548	867	420	176	302	967	618	234	843	242	880	457	673	975	621	384	48	396	814	513	306	686	360	891	595	705	455	885	325	269	574	706	647	61	960	125	143	
954	56	461	632	20	325	290	847	653	566	379	344	655	664	606	137	870	456	192	693	69	328	915	954	343	429	74	985	26	773	695	169	29	879	681	208	622	673	638	335	187	35	983	125	47	251	585	0	338	158	950	430	439	185	325	115	326	715	103	714	708	17	744	38	352	124	64	196	385	177	680	67	249	53	382	409	876	596	831	799	854	340	429	432	652	494	129	918	233	541	747	550	748	777	520	541	1000	38	874	226	765	329	454	445	589	403	891	329	393	514	399	151	300	540	734	315	608	189	981	866	840	466	635	788	246	494	689	623	254	118	92	876	603	897	753	94	353	554	640	375	290	168	956	309	140	253	570	158	795	86	
626	620	909	645	104	694	549	328	850	328	156	889	346	164	697	443	751	474	770	138	705	928	53	597	605	51	71	338	334	603	947	780	729	158	710	455	504	331	513	494	313	376	622	481	450	557	944	338	0	783	904	435	747	191	973	65	376	124	860	955	571	892	578	956	831	70	35	357	320	142	364	80	216	655	243	591	97	280	50	605	275	234	439	58	992	89	959	597	599	257	685	389	422	323	845	249	124	767	758	865	102	852	191	572	352	135	385	779	270	921	158	494	579	284	40	197	393	798	613	370	74	239	993	830	584	840	732	200	432	692	678	821	188	868	992	476	472	133	93	354	397	116	194	750	93	678	433	789	334	737	
657	188	224	755	718	495	720	652	405	275	932	378	251	604	275	450	805	303	562	175	351	300	204	986	758	665	164	731	317	43	931	167	400	537	991	492	801	334	405	782	689	282	177	40	158	680	360	158	783	0	644	976	219	551	376	996	855	308	375	667	219	181	603	153	217	923	752	266	514	337	425	106	150	434	182	493	346	879	813	984	247	496	542	71	184	928	819	57	851	462	687	569	148	897	342	774	719	395	766	317	77	762	61	349	392	315	691	443	138	215	761	687	219	771	642	679	858	595	769	163	846	983	891	657	925	992	790	42	340	68	106	300	104	144	911	305	573	606	368	384	309	200	95	715	923	899	288	425	400	335	
780	738	52	433	252	607	559	465	681	889	206	472	935	34	618	570	558	235	936	443	915	647	906	843	509	269	42	406	404	537	116	383	194	704	646	811	822	406	591	794	56	646	554	500	696	371	22	950	904	644	0	66	684	462	654	523	749	684	411	379	231	313	365	925	721	204	12	817	720	723	100	869	469	594	440	254	98	687	928	137	459	172	957	782	899	212	436	432	564	602	354	862	131	758	655	150	451	257	222	10	713	531	388	467	144	75	495	142	854	191	473	692	70	36	525	846	608	192	161	241	582	822	580	990	752	147	874	789	426	111	581	955	460	573	79	441	226	726	254	592	446	234	863	697	611	129	126	954	291	386	
616	718	6	928	668	178	329	628	514	583	823	460	436	806	614	573	53	286	442	933	78	85	583	965	775	595	915	187	301	936	916	188	91	589	874	638	500	905	886	766	503	885	246	186	478	254	38	430	435	976	66	0	604	654	651	994	570	443	244	375	669	394	414	653	922	739	281	473	812	384	596	332	628	594	785	202	529	513	32	787	408	656	644	130	877	919	219	500	363	62	49	387	328	830	551	972	173	682	712	278	476	198	501	413	18	839	769	901	848	507	119	386	741	202	579	415	38	597	798	462	24	846	750	16	244	504	501	429	213	497	809	390	527	101	484	688	616	172	509	724	299	359	719	734	282	71	456	818	548	559	
719	575	347	955	207	722	419	317	723	816	643	595	923	239	870	204	700	644	496	135	952	603	254	248	966	331	89	9	654	410	311	670	354	429	2	109	579	523	279	85	784	668	874	805	392	643	328	439	747	219	684	604	0	500	270	872	27	219	212	521	137	64	350	714	590	4	559	132	852	459	919	869	675	29	415	771	598	47	678	754	599	851	267	978	454	501	748	20	230	704	815	366	760	105	799	142	531	17	194	331	524	401	832	554	283	873	374	96	991	385	35	595	355	324	346	70	8	114	298	68	5	973	19	164	413	86	114	214	352	712	518	806	732	653	660	166	933	265	584	441	922	844	893	37	66	115	223	208	495	409	
900	610	769	21	574	592	468	251	806	440	888	332	844	803	906	187	721	96	707	634	218	492	675	485	369	444	409	4	834	66	446	922	697	611	680	865	858	782	296	981	126	647	969	921	427	566	723	185	191	551	462	654	500	0	983	943	603	242	598	403	520	304	597	676	244	706	181	642	404	321	371	226	416	645	918	150	16	672	540	105	621	913	953	185	731	363	138	294	197	407	753	281	514	120	58	64	327	829	877	570	781	948	901	46	524	901	600	977	279	877	536	79	138	692	482	433	378	249	372	328	893	116	268	105	370	260	807	402	649	362	728	724	877	838	993	729	441	673	742	543	194	835	944	262	595	37	800	23	110	705	
531	977	458	476	888	962	111	763	150	814	15	829	729	498	781	247	260	378	465	682	350	356	238	608	571	669	657	306	907	73	180	235	144	26	49	419	913	73	339	209	268	27	719	793	625	962	913	325	973	376	654	651	270	983	0	493	510	954	233	47	817	376	518	125	273	955	266	204	648	559	663	288	867	48	513	808	651	86	58	261	215	736	589	92	204	911	669	813	327	108	534	882	306	901	284	27	749	380	20	129	527	696	927	770	78	384	726	382	971	365	818	791	593	391	363	358	863	843	444	379	60	244	780	380	331	856	16	571	231	60	783	985	417	10	967	855	535	417	294	167	119	678	987	38	469	162	894	253	761	748	
489	813	986	638	216	478	314	945	333	67	56	654	155	779	68	238	595	430	97	692	768	886	128	720	640	803	143	46	38	335	582	671	66	75	359	762	829	239	913	353	956	259	760	560	467	28	791	115	65	996	523	994	872	943	493	0	165	512	476	945	481	343	293	929	537	243	71	988	165	299	317	764	181	695	905	580	419	220	48	289	341	778	10	737	400	250	65	546	34	501	904	187	527	617	231	656	735	572	948	618	989	790	331	230	106	714	873	464	283	717	654	471	649	754	409	338	80	14	888	931	618	368	696	411	860	706	898	582	329	286	799	569	830	763	509	65	575	71	690	821	984	490	704	575	813	984	346	511	350	487	
30	518	158	493	254	267	935	938	334	144	38	904	499	795	514	370	604	15	843	763	500	83	102	33	575	655	744	271	49	984	126	420	738	189	446	225	940	730	425	322	73	602	863	736	752	761	338	326	376	855	749	570	27	603	510	165	0	910	681	781	641	923	216	570	468	845	867	641	153	583	686	178	106	1	396	18	663	322	868	904	186	143	265	571	450	292	567	537	805	290	883	523	354	986	666	960	878	873	909	822	140	517	675	504	898	135	735	701	890	65	212	573	111	786	982	257	105	743	443	491	690	757	634	140	505	540	450	85	799	350	190	624	489	144	239	728	269	648	603	486	352	936	925	734	151	626	13	505	709	221	
340	613	288	747	37	707	523	267	664	746	493	205	559	528	533	634	712	509	735	794	829	657	56	848	242	697	471	423	358	26	986	133	337	620	261	143	654	61	519	464	593	905	29	569	545	388	872	715	124	308	684	443	219	242	954	512	910	0	770	971	444	518	876	760	831	34	487	683	912	587	37	95	406	193	939	986	1	379	63	535	689	279	8	883	83	758	886	313	453	267	876	490	333	886	868	647	109	636	89	705	89	769	250	652	372	256	334	630	999	114	259	910	276	925	620	963	803	991	978	515	803	684	249	238	131	44	103	593	544	841	800	319	482	23	478	541	67	876	376	229	751	274	648	437	226	963	81	832	559	469	
987	628	283	82	654	202	166	878	873	389	239	842	94	737	259	555	855	253	119	722	507	953	670	166	826	150	203	766	813	735	351	697	757	781	230	501	798	130	333	654	766	949	568	922	369	948	587	103	860	375	411	244	212	598	233	476	681	770	0	744	6	957	830	74	624	807	657	463	527	155	401	253	373	202	814	216	843	442	694	945	797	865	389	229	75	851	808	711	865	718	511	648	50	620	785	926	808	912	188	835	903	620	93	615	235	643	317	433	471	187	301	618	799	373	467	778	848	39	365	455	886	537	845	699	975	464	726	613	95	120	582	419	314	429	949	911	185	619	45	943	935	492	850	898	219	122	83	919	148	110	
732	815	602	653	924	951	273	304	43	740	727	771	446	232	484	561	398	661	220	2	606	646	485	697	381	465	673	204	460	173	672	762	667	759	700	318	609	97	659	427	695	718	991	205	186	125	637	714	955	667	379	375	521	403	47	945	781	971	744	0	562	184	168	856	841	288	709	664	13	104	307	453	887	496	417	36	792	860	487	531	685	876	580	518	516	449	418	313	758	821	895	119	350	467	429	403	504	511	244	134	869	758	181	360	558	353	466	866	471	878	853	435	103	904	47	697	500	632	42	570	652	427	913	164	473	334	142	26	253	80	940	56	471	935	206	105	692	358	551	150	857	309	212	970	264	473	879	660	490	502	
430	592	595	865	107	584	119	718	870	836	983	872	413	945	34	809	631	296	640	216	894	386	742	100	166	310	335	730	475	865	63	697	382	139	120	506	528	368	292	585	485	274	84	783	794	792	984	708	571	219	231	669	137	520	817	481	641	444	6	562	0	653	101	564	530	786	539	164	907	459	925	374	252	453	815	322	620	548	72	560	960	55	786	847	658	706	898	82	417	915	81	269	739	26	466	702	697	770	813	983	842	749	187	867	594	807	67	647	492	361	764	75	614	33	708	825	124	696	865	805	271	829	830	805	792	688	112	916	808	881	754	209	881	826	253	837	218	858	436	997	927	244	343	21	624	767	821	270	67	223	
782	539	669	895	976	691	118	693	184	134	356	599	983	431	564	944	473	852	134	55	403	328	467	709	599	414	852	757	38	885	865	992	125	907	789	639	481	181	333	927	81	700	76	563	604	972	449	17	892	181	313	394	64	304	376	343	923	518	957	184	653	0	872	624	188	660	52	164	196	313	609	459	287	504	937	915	770	260	915	260	13	295	49	645	694	245	15	589	302	976	69	846	80	77	271	140	631	976	627	895	951	92	643	229	407	389	603	965	645	297	621	55	482	636	307	191	24	163	413	147	41	676	828	83	610	500	70	825	840	249	403	345	289	665	487	530	911	50	801	710	336	403	170	783	906	234	43	954	77	480	
475	328	881	581	282	866	177	824	137	220	144	640	419	692	944	953	15	732	299	255	80	299	454	607	984	81	729	21	917	442	736	638	157	203	360	392	966	143	823	397	980	269	294	685	745	640	662	744	578	603	365	414	350	597	518	293	216	876	830	168	101	872	0	289	936	312	179	746	458	337	411	92	790	368	479	267	112	531	352	836	306	695	901	545	294	837	489	948	643	571	274	126	583	173	123	442	604	596	701	438	14	102	481	586	323	309	802	309	820	996	457	204	140	896	656	819	654	68	450	761	476	919	307	167	677	329	772	634	438	452	986	329	45	672	64	385	353	610	650	119	886	397	500	989	792	961	393	649	214	179	
657	597	82	486	112	163	917	294	455	817	690	602	622	522	901	209	632	351	932	555	931	301	474	610	643	554	366	863	77	747	698	404	197	491	909	34	214	420	381	280	332	109	938	669	349	996	989	38	956	153	925	653	714	676	125	929	570	760	74	856	564	624	289	0	400	234	297	93	180	973	701	720	787	903	135	752	914	739	639	279	495	439	448	452	55	794	982	141	449	712	895	650	258	25	957	180	362	647	995	622	111	159	302	987	745	482	798	144	661	564	909	11	326	820	583	869	649	398	803	564	256	245	721	572	994	141	356	78	880	864	866	41	379	542	225	161	436	187	636	357	772	132	455	725	557	722	375	204	128	266	
178	135	35	243	228	266	755	49	231	995	720	742	400	434	399	550	725	526	228	713	414	648	193	902	466	33	35	979	336	940	725	670	933	467	649	488	624	450	484	395	726	63	855	471	28	973	104	352	831	217	721	922	590	244	273	537	468	831	624	841	530	188	936	400	0	69	698	785	348	253	37	641	531	674	738	178	404	845	198	96	674	701	970	869	417	569	662	85	810	204	132	868	687	847	809	789	936	62	200	188	132	44	280	374	860	200	254	696	604	44	22	509	379	219	838	500	766	852	643	577	936	36	409	459	148	664	653	758	750	779	957	994	831	821	234	203	367	245	653	90	224	681	216	860	449	827	582	2	872	685	
185	879	451	409	284	127	219	726	705	564	492	142	687	763	204	565	441	911	154	937	58	943	767	406	417	617	451	459	732	95	918	851	52	657	500	96	201	36	52	134	624	197	703	194	592	591	396	124	70	923	204	739	4	706	955	243	845	34	807	288	786	660	312	234	69	0	429	753	580	697	427	442	889	130	479	765	485	247	785	481	795	257	221	663	494	379	116	464	608	681	796	828	179	828	249	261	264	909	459	19	319	112	450	682	582	724	39	64	189	816	661	915	497	592	568	962	183	727	525	139	452	543	90	853	371	319	511	615	126	236	485	545	464	540	438	953	251	799	238	585	877	558	488	238	529	777	684	837	883	139	
765	635	752	721	798	271	144	669	513	128	226	627	138	458	736	262	353	55	280	22	539	254	293	974	749	963	987	796	388	644	80	576	645	349	958	259	774	487	726	242	647	626	987	93	585	579	368	64	35	752	12	281	559	181	266	71	867	487	657	709	539	52	179	297	698	429	0	151	417	108	473	739	744	791	883	505	382	458	322	804	170	833	259	48	552	39	114	683	15	607	106	866	612	835	404	983	622	10	559	498	283	279	551	390	139	944	897	294	332	148	925	255	725	976	37	327	456	676	838	134	945	97	580	324	644	246	170	268	718	484	114	231	706	22	266	308	511	373	760	102	680	203	984	758	716	414	203	787	319	80	
48	606	599	524	620	343	80	65	399	349	372	304	620	718	329	61	624	434	322	381	228	141	750	666	94	531	805	823	868	761	55	447	308	62	185	271	863	722	465	453	59	938	558	508	20	78	942	196	357	266	817	473	132	642	204	988	641	683	463	664	164	164	746	93	785	753	151	0	778	56	497	644	659	549	925	179	483	808	429	728	797	941	332	513	746	531	932	56	665	850	626	984	305	10	174	707	341	869	551	219	151	295	158	744	512	925	265	938	86	493	52	904	551	380	795	584	526	413	539	7	292	384	817	739	640	554	731	615	58	172	542	951	276	478	480	861	98	765	151	715	436	986	553	370	881	997	942	882	783	82	
968	802	921	940	2	96	337	386	892	160	9	31	357	718	916	948	804	847	755	188	193	633	950	188	896	364	824	835	393	384	166	396	169	278	615	735	308	770	963	443	330	389	496	47	335	139	41	385	320	514	720	812	852	404	648	165	153	912	527	13	907	196	458	180	348	580	417	778	0	834	443	112	483	351	300	78	942	619	402	219	224	62	787	186	538	383	267	170	307	55	286	556	495	430	63	315	935	68	713	332	512	851	388	622	848	307	691	419	38	902	835	247	18	934	286	17	189	83	433	968	722	665	314	719	77	545	583	636	498	687	963	398	225	524	762	341	113	981	447	566	555	708	419	591	937	125	665	312	222	164	
621	371	576	86	4	948	455	491	964	813	131	432	778	79	312	72	107	264	323	502	311	314	445	787	780	117	96	580	660	811	624	619	433	991	642	742	132	566	14	546	200	943	357	657	913	10	45	177	142	337	723	384	459	321	559	299	583	587	155	104	459	313	337	973	253	697	108	56	834	0	800	523	871	349	817	765	795	60	569	421	687	526	641	380	517	319	828	814	837	349	65	832	212	533	162	418	61	589	28	792	742	42	848	891	12	227	697	709	793	37	631	733	892	993	179	783	762	603	748	608	45	372	89	704	810	705	272	457	398	261	295	48	395	197	793	385	632	331	443	976	759	70	879	965	740	16	289	287	882	735	
490	143	441	465	140	146	935	447	156	697	733	748	328	430	807	672	487	439	925	725	733	278	774	985	475	589	972	430	885	1	410	374	6	878	207	292	232	911	485	45	980	200	422	802	162	825	116	680	364	425	100	596	919	371	663	317	686	37	401	307	925	609	411	701	37	427	473	497	443	800	0	24	548	615	224	719	775	923	849	765	996	885	989	809	81	375	478	818	877	843	214	431	629	694	582	162	996	476	435	874	443	108	749	57	249	429	762	275	813	209	955	320	506	385	373	964	762	954	27	613	958	222	338	924	605	910	901	64	731	582	306	655	979	985	740	287	352	527	594	660	225	868	617	426	324	459	461	342	140	410	
122	567	153	206	996	565	657	625	941	135	519	761	500	308	824	802	984	177	9	658	985	858	243	415	940	687	611	452	948	251	662	140	471	378	391	244	297	783	22	808	534	907	564	550	518	82	65	67	80	106	869	332	869	226	288	764	178	95	253	453	374	459	92	720	641	442	739	644	112	523	24	0	358	600	317	272	384	4	551	493	347	441	865	697	669	240	265	600	332	657	521	339	9	204	596	178	489	540	273	826	749	344	902	409	813	708	593	426	553	405	220	613	144	348	583	621	12	357	306	585	821	313	907	299	509	281	845	197	61	83	666	902	950	258	913	319	570	369	987	274	651	752	235	981	348	114	629	619	39	854	
88	89	222	822	735	671	20	234	224	353	358	282	187	251	853	529	832	375	51	96	137	279	932	964	589	974	460	984	962	207	873	526	209	762	763	28	993	361	923	909	794	807	741	859	220	779	198	249	216	150	469	628	675	416	867	181	106	406	373	887	252	287	790	787	531	889	744	659	483	871	548	358	0	289	884	799	437	991	463	816	924	372	525	187	290	374	263	526	723	141	658	867	215	723	874	544	949	701	389	311	804	2	114	135	699	500	522	922	182	508	813	632	52	147	840	253	56	62	414	86	269	961	956	82	149	512	674	6	627	522	638	753	216	495	691	202	443	403	298	215	436	683	799	575	635	80	136	777	84	881	
421	151	774	249	223	593	740	529	79	318	888	154	676	256	840	895	530	415	172	24	576	256	498	277	805	979	244	550	306	795	340	136	542	148	754	348	377	242	297	925	682	899	237	263	250	493	453	53	655	434	594	594	29	645	48	695	1	193	202	496	453	504	368	903	674	130	791	549	351	349	615	600	289	0	554	223	774	926	517	118	812	163	584	31	700	849	375	227	654	387	396	289	527	103	325	532	823	68	29	244	599	723	948	113	511	9	579	47	239	459	491	14	116	435	678	594	734	635	25	347	392	519	207	965	47	880	25	794	6	701	805	990	153	37	589	676	513	179	546	280	784	393	576	108	637	649	955	583	650	311	
677	203	652	291	771	254	272	438	862	854	867	671	693	495	873	713	393	160	673	321	645	271	129	960	861	89	113	999	367	609	737	293	918	955	31	531	455	916	593	230	934	312	301	49	730	765	938	382	243	182	440	785	415	918	513	905	396	939	814	417	815	937	479	135	738	479	883	925	300	817	224	317	884	554	0	90	98	204	218	492	709	379	117	600	290	315	649	593	543	161	854	450	714	234	849	902	928	649	968	547	103	295	612	344	405	24	182	852	297	139	373	849	520	626	375	330	370	652	998	784	918	143	949	3	843	90	35	95	449	425	295	421	535	906	229	236	150	248	423	903	54	445	128	40	544	406	853	573	220	586	
527	840	150	516	111	685	942	869	529	547	238	552	243	999	687	524	440	251	964	312	437	657	30	538	922	933	834	5	614	55	944	994	376	510	880	552	194	617	798	17	967	434	563	197	336	521	192	409	591	493	254	202	771	150	808	580	18	986	216	36	322	915	267	752	178	765	505	179	78	765	719	272	799	223	90	0	397	467	43	899	434	497	743	928	544	198	210	362	894	61	236	93	587	415	353	369	619	145	619	874	650	216	676	757	160	699	390	261	981	889	598	420	367	954	694	405	137	746	867	754	230	643	406	449	871	593	302	21	298	564	534	682	132	762	259	840	775	388	730	716	143	762	943	515	209	784	272	377	438	203	
503	347	312	910	141	697	340	759	515	624	304	664	725	804	24	688	544	323	331	417	470	27	791	123	796	380	801	417	686	26	510	751	877	381	309	632	329	698	912	418	804	936	477	853	193	27	482	876	97	346	98	529	598	16	651	419	663	1	843	792	620	770	112	914	404	485	382	483	942	795	775	384	437	774	98	397	0	987	90	567	887	614	70	985	947	198	954	323	152	481	628	21	221	855	399	123	630	454	336	834	422	886	416	763	99	958	204	254	425	588	441	184	826	186	20	392	276	223	345	502	979	667	905	325	65	239	834	732	267	844	402	31	206	756	171	307	162	990	518	489	501	437	465	162	499	355	867	813	381	546	
111	562	56	218	512	836	912	755	497	981	15	781	311	89	337	79	331	731	128	606	625	85	981	530	460	970	210	977	34	588	857	85	298	790	969	599	452	707	51	172	517	279	293	416	2	934	938	596	280	879	687	513	47	672	86	220	322	379	442	860	548	260	531	739	845	247	458	808	619	60	923	4	991	926	204	467	987	0	649	749	431	668	514	542	695	635	128	305	610	11	1000	966	73	255	948	689	477	513	382	536	910	750	8	292	562	649	682	759	452	15	748	685	899	659	420	726	437	483	154	418	588	667	186	126	679	144	570	238	396	968	133	811	61	191	967	471	216	965	274	231	75	695	640	273	160	346	330	421	318	672	
939	356	669	41	255	243	840	187	261	377	577	511	843	951	835	708	333	445	191	591	483	379	89	245	679	641	170	894	75	376	472	568	456	72	297	685	506	969	206	683	543	631	588	736	752	611	69	831	50	813	928	32	678	540	58	48	868	63	694	487	72	915	352	639	198	785	322	429	402	569	849	551	463	517	218	43	90	649	0	136	825	904	124	522	559	377	328	215	850	512	393	379	521	593	641	894	539	668	493	187	788	602	96	911	647	461	104	451	196	751	840	418	915	342	758	303	338	910	925	873	132	800	894	928	363	2	194	693	439	742	795	469	247	471	252	31	583	666	301	958	947	386	308	1000	491	462	777	792	255	255	
447	707	696	998	571	255	285	394	596	865	783	753	106	684	423	57	52	606	731	872	523	557	360	36	238	921	635	248	967	822	57	676	834	724	574	897	434	398	438	41	279	263	312	780	717	232	352	799	605	984	137	787	754	105	261	289	904	535	945	531	560	260	836	279	96	481	804	728	219	421	765	493	816	118	492	899	567	749	136	0	809	497	565	476	941	860	360	16	395	620	292	271	493	136	448	892	569	592	34	415	978	68	753	262	844	930	455	905	757	526	197	778	762	319	500	605	72	455	489	524	773	354	857	934	581	707	254	161	745	308	824	661	933	429	559	115	201	911	423	86	802	777	541	9	554	994	2	794	422	264	
565	13	289	67	185	326	324	995	119	449	867	190	463	264	784	696	695	789	558	794	196	208	32	830	378	217	479	118	404	885	355	872	948	561	500	723	682	233	522	303	310	568	953	750	551	268	259	854	275	247	459	408	599	621	215	341	186	689	797	685	960	13	306	495	674	795	170	797	224	687	996	347	924	812	709	434	887	431	825	809	0	822	573	302	393	534	419	114	976	785	572	618	474	416	899	871	729	260	610	577	536	348	270	153	320	919	475	936	531	238	195	958	112	150	211	407	351	901	495	444	933	490	583	550	273	682	706	24	391	81	570	158	213	894	959	880	901	754	329	571	523	17	504	482	255	826	575	497	733	404	
2	183	368	703	464	771	120	405	821	114	148	242	713	830	461	606	517	814	514	485	747	992	882	458	964	649	384	421	583	289	122	711	774	945	288	309	310	512	465	263	788	642	194	495	980	814	231	340	234	496	172	656	851	913	736	778	143	279	865	876	55	295	695	439	701	257	833	941	62	526	885	441	372	163	379	497	614	668	904	497	822	0	473	363	75	537	809	812	546	672	432	761	41	965	515	574	774	828	43	120	998	262	650	109	984	323	266	625	221	457	800	195	394	899	513	886	169	885	563	428	181	535	511	512	341	185	662	139	866	327	650	610	132	148	982	181	514	779	32	851	41	907	414	36	312	883	247	167	417	519	
282	500	643	906	82	147	601	351	200	788	583	494	642	155	657	111	187	141	2	255	1	388	838	548	127	665	272	628	710	284	691	896	133	751	469	149	890	251	952	576	772	147	301	117	528	4	582	429	439	542	957	644	267	953	589	10	265	8	389	580	786	49	901	448	970	221	259	332	787	641	989	865	525	584	117	743	70	514	124	565	573	473	0	852	870	721	370	151	7	692	501	386	916	27	974	986	148	23	908	262	99	67	418	435	992	717	602	642	78	581	492	692	726	57	679	76	290	600	607	870	644	462	696	223	416	911	226	805	440	127	61	656	391	17	375	650	408	751	220	635	56	418	573	871	609	834	164	332	592	64	
621	642	935	666	43	511	965	168	656	380	585	541	67	513	787	742	449	869	410	228	588	534	612	112	429	402	73	866	934	969	283	721	518	245	507	525	879	835	821	913	706	372	730	698	327	123	760	432	58	71	782	130	978	185	92	737	571	883	229	518	847	645	545	452	869	663	48	513	186	380	809	697	187	31	600	928	985	542	522	476	302	363	852	0	390	38	817	522	346	941	369	295	482	707	181	940	152	958	801	790	499	933	131	384	465	705	922	159	774	889	1	924	30	178	360	250	736	262	589	482	53	701	950	75	247	762	202	389	748	656	289	232	509	548	186	360	298	860	76	724	225	392	614	543	823	800	930	182	301	999	
595	308	716	111	224	689	520	830	36	363	360	161	253	909	199	414	151	609	436	883	861	361	745	133	241	184	233	259	803	581	811	476	843	215	378	587	353	932	785	351	900	961	320	358	670	433	441	652	992	184	899	877	454	731	204	400	450	83	75	516	658	694	294	55	417	494	552	746	538	517	81	669	290	700	290	544	947	695	559	941	393	75	870	390	0	551	220	902	591	551	731	201	196	937	443	442	933	264	8	230	608	731	159	471	573	669	224	156	807	528	411	180	846	550	468	148	480	897	585	312	393	780	166	663	936	113	270	314	133	116	205	965	1000	527	996	527	171	1000	53	207	171	192	679	695	123	221	372	750	785	418	
887	604	528	40	18	798	501	25	133	968	947	74	780	78	533	407	341	779	843	541	34	751	594	896	473	125	722	243	833	391	704	281	61	238	682	295	652	270	806	464	324	487	457	931	399	658	93	494	89	928	212	919	501	363	911	250	292	758	851	449	706	245	837	794	569	379	39	531	383	319	375	240	374	849	315	198	198	635	377	860	534	537	721	38	551	0	161	417	821	693	101	593	63	826	846	771	64	150	729	355	924	631	592	498	215	418	257	427	534	580	540	288	135	621	741	218	3	970	35	913	746	98	144	361	896	4	811	477	927	959	138	216	661	697	635	442	192	116	773	271	23	38	922	599	314	648	544	537	533	9	
927	889	325	345	839	11	249	633	310	468	230	641	188	779	865	49	668	613	323	46	657	51	470	549	795	960	48	426	449	6	805	845	531	502	92	696	943	379	475	582	889	467	176	872	17	425	943	129	959	819	436	219	748	138	669	65	567	886	808	418	898	15	489	982	662	116	114	932	267	828	478	265	263	375	649	210	954	128	328	360	419	809	370	817	220	161	0	265	985	504	947	791	740	835	871	612	353	849	277	577	3	266	983	853	740	982	878	121	300	774	508	489	363	21	948	637	403	623	823	713	145	824	713	354	381	824	555	130	111	422	826	78	813	339	575	406	731	697	328	476	18	308	232	409	500	543	315	228	79	761	
921	121	225	20	308	891	272	46	847	782	323	301	428	912	337	678	406	210	315	868	526	483	930	416	957	540	8	825	308	495	943	560	310	764	749	838	603	498	25	495	481	65	411	264	125	413	463	918	597	57	432	500	20	294	813	546	537	313	711	313	82	589	948	141	85	464	683	56	170	814	818	600	526	227	593	362	323	305	215	16	114	812	151	522	902	417	265	0	68	140	392	897	546	801	338	352	480	286	718	631	772	793	917	329	395	261	309	610	379	64	800	383	48	49	27	328	291	645	541	284	160	882	983	308	815	219	843	754	134	733	703	691	37	457	228	459	426	52	626	384	389	299	199	842	398	587	216	57	638	567	
785	493	613	108	160	669	901	121	208	42	12	81	13	364	964	630	125	855	746	987	48	421	840	229	2	973	847	38	52	455	9	639	935	37	32	372	720	673	314	29	131	579	506	177	491	333	624	233	599	851	564	363	230	197	327	34	805	453	865	758	417	302	643	449	810	608	15	665	307	837	877	332	723	654	543	894	152	610	850	395	976	546	7	346	591	821	985	68	0	638	839	420	243	501	871	337	281	1	375	141	330	546	674	220	232	761	497	19	217	395	915	168	414	870	298	553	629	594	264	795	332	626	82	230	727	483	28	446	315	556	637	190	740	590	885	368	860	245	292	360	933	584	260	738	297	414	985	617	56	946	
867	968	776	871	581	235	191	184	458	332	743	673	85	771	300	607	990	884	732	872	374	690	502	246	737	711	555	711	57	617	934	311	827	702	530	587	958	581	731	240	884	128	190	327	430	109	449	541	257	462	602	62	704	407	108	501	290	267	718	821	915	976	571	712	204	681	607	850	55	349	843	657	141	387	161	61	481	11	512	620	785	672	692	941	551	693	504	140	638	0	488	185	90	400	286	807	877	792	683	856	233	659	510	31	58	131	555	515	670	280	467	696	808	880	634	805	420	71	142	294	251	151	654	218	418	265	962	200	974	549	666	798	602	639	274	786	421	26	308	140	182	105	494	643	25	836	717	359	142	184	
964	226	829	316	425	604	881	448	51	724	729	450	293	155	64	598	661	94	880	587	339	824	999	887	611	59	670	131	511	861	633	947	69	182	818	391	904	172	871	263	629	78	566	405	93	236	467	747	685	687	354	49	815	753	534	904	883	876	511	895	81	69	274	895	132	796	106	626	286	65	214	521	658	396	854	236	628	1000	393	292	572	432	501	369	731	101	947	392	839	488	0	554	816	800	42	620	445	707	397	238	55	34	897	971	183	576	927	751	637	165	387	768	939	731	601	621	113	202	723	118	770	177	809	84	87	93	242	937	938	7	915	483	854	809	774	517	677	657	132	79	138	898	117	648	824	775	591	641	154	457	
317	882	489	250	300	393	396	791	754	642	742	971	386	99	509	72	961	632	150	442	239	329	203	37	302	159	470	728	845	44	374	170	502	553	81	315	145	987	783	877	519	681	372	318	357	166	233	550	389	569	862	387	366	281	882	187	523	490	648	119	269	846	126	650	868	828	866	984	556	832	431	339	867	289	450	93	21	966	379	271	618	761	386	295	201	593	791	897	420	185	554	0	70	67	925	123	107	908	539	187	168	86	217	948	43	680	907	787	601	457	87	774	501	474	135	195	377	427	923	888	236	657	342	415	732	567	392	933	646	746	204	178	260	474	482	819	950	357	360	727	828	798	509	439	923	390	78	674	350	210	
159	962	465	392	266	215	94	701	691	740	409	521	541	694	806	976	273	601	865	303	825	183	211	766	646	385	588	639	576	602	502	996	661	921	982	946	630	304	922	439	71	228	192	547	648	276	365	748	422	148	131	328	760	514	306	527	354	333	50	350	739	80	583	258	687	179	612	305	495	212	629	9	215	527	714	587	221	73	521	493	474	41	916	482	196	63	740	546	243	90	816	70	0	812	535	639	622	622	204	54	471	723	678	169	95	714	898	677	669	686	724	140	283	956	590	231	548	183	516	462	669	14	381	245	27	515	532	313	958	304	919	172	333	150	784	525	66	998	683	444	703	227	423	828	377	503	376	538	571	869	
908	651	952	704	800	81	831	148	417	581	818	67	794	867	174	494	238	455	223	913	429	174	689	850	838	407	222	988	854	204	393	826	456	632	767	141	739	392	578	630	101	141	211	743	456	508	272	777	323	897	758	830	105	120	901	617	986	886	620	467	26	77	173	25	847	828	835	10	430	533	694	204	723	103	234	415	855	255	593	136	416	965	27	707	937	826	835	801	501	400	800	67	812	0	756	285	622	55	637	62	376	809	47	106	475	461	162	709	936	889	329	505	779	886	68	536	1	954	796	335	31	409	285	803	964	239	264	272	946	681	498	56	681	380	903	345	989	70	499	618	153	372	978	6	899	971	630	954	682	932	
290	782	186	287	983	218	48	702	510	989	720	568	893	745	452	801	94	832	39	316	997	203	209	599	72	36	862	37	463	223	116	888	787	507	794	419	802	591	542	545	71	391	688	398	681	483	324	520	845	342	655	551	799	58	284	231	666	868	785	429	466	271	123	957	809	249	404	174	63	162	582	596	874	325	849	353	399	948	641	448	899	515	974	181	443	846	871	338	871	286	42	925	535	756	0	306	156	254	681	789	573	750	181	800	641	576	436	523	275	989	669	741	926	626	401	539	802	622	711	747	332	705	214	914	25	330	207	74	660	828	625	327	950	114	335	708	13	64	160	10	489	348	797	625	690	596	96	90	262	610	
186	904	830	504	515	252	499	916	396	330	483	845	152	562	83	729	663	744	509	149	755	284	334	817	221	959	33	563	62	92	775	170	432	559	85	414	889	238	401	579	953	716	216	43	740	171	11	541	249	774	150	972	142	64	27	656	960	647	926	403	702	140	442	180	789	261	983	707	315	418	162	178	544	532	902	369	123	689	894	892	871	574	986	940	442	771	612	352	337	807	620	123	639	285	306	0	2	844	730	949	709	197	566	154	740	804	390	83	681	613	526	167	253	684	727	203	365	989	559	198	866	435	653	883	89	464	485	842	325	989	553	768	546	266	649	825	12	88	299	659	583	557	919	485	240	80	917	631	91	997	
434	712	571	484	207	805	155	507	803	755	139	525	528	688	408	377	60	376	949	547	140	627	734	420	375	548	817	544	642	432	895	6	455	579	293	757	142	146	224	432	978	852	449	324	916	381	142	1000	124	719	451	173	531	327	749	735	878	109	808	504	697	631	604	362	936	264	622	341	935	61	996	489	949	823	928	619	630	477	539	569	729	774	148	152	933	64	353	480	281	877	445	107	622	622	156	2	0	72	676	198	939	398	13	686	476	984	672	673	629	792	305	948	407	137	943	414	870	675	275	668	344	302	268	510	831	199	534	978	538	169	308	792	793	990	132	22	680	63	219	20	726	383	784	506	878	686	501	321	981	517	
913	491	38	197	504	817	377	219	255	716	429	999	70	500	185	639	959	41	161	674	326	964	798	421	667	679	37	129	653	742	255	196	900	591	425	694	139	849	599	457	44	414	828	128	817	330	401	38	767	395	257	682	17	829	380	572	873	636	912	511	770	976	596	647	62	909	10	869	68	589	476	540	701	68	649	145	454	513	668	592	260	828	23	958	264	150	849	286	1	792	707	908	622	55	254	844	72	0	427	872	661	574	949	568	762	294	408	498	388	485	857	631	236	829	855	528	594	745	691	328	430	600	438	342	669	210	722	327	374	466	923	427	166	724	351	527	817	98	524	724	290	210	240	381	397	258	415	310	779	150	
107	205	976	106	842	916	409	838	278	85	593	597	153	584	458	825	176	911	756	210	817	739	202	241	734	585	582	694	651	410	603	453	83	313	712	132	676	147	976	913	209	240	190	881	366	78	149	874	758	766	222	712	194	877	20	948	909	89	188	244	813	627	701	995	200	459	559	551	713	28	435	273	389	29	968	619	336	382	493	34	610	43	908	801	8	729	277	718	375	683	397	539	204	637	681	730	676	427	0	297	699	246	425	114	175	813	642	990	471	817	265	884	702	249	931	762	554	292	378	234	22	494	24	539	993	756	725	819	463	995	887	636	295	493	714	436	325	542	177	849	9	502	835	973	127	808	465	863	728	602	
483	606	838	850	647	241	631	548	557	202	407	451	808	571	452	459	759	134	869	275	754	565	266	783	233	293	9	252	176	296	873	811	623	31	666	752	167	655	445	294	904	655	885	756	92	380	431	226	865	317	10	278	331	570	129	618	822	705	835	134	983	895	438	622	188	19	498	219	332	792	874	826	311	244	547	874	834	536	187	415	577	120	262	790	230	355	577	631	141	856	238	187	54	62	789	949	198	872	297	0	310	202	897	750	400	297	27	913	391	155	219	273	820	236	651	453	964	804	712	823	797	308	645	205	39	166	200	9	854	797	347	53	480	869	918	11	602	451	331	356	752	56	642	615	604	90	286	684	311	235	
466	983	897	577	945	335	853	693	971	74	813	661	645	163	541	566	759	931	999	112	436	621	873	353	498	384	241	293	349	993	731	762	218	326	529	900	891	666	199	245	110	825	96	415	742	606	701	765	102	77	713	476	524	781	527	989	140	89	903	869	842	951	14	111	132	319	283	151	512	742	443	749	804	599	103	650	422	910	788	978	536	998	99	499	608	924	3	772	330	233	55	168	471	376	573	709	939	661	699	310	0	552	665	278	534	835	358	310	984	15	452	115	868	922	763	110	522	252	36	381	400	433	156	479	160	628	523	688	580	242	403	834	752	429	509	885	856	179	208	24	26	806	779	592	308	180	277	64	689	362	
399	700	602	917	101	433	66	870	544	94	448	723	86	683	619	923	131	782	891	41	41	489	915	855	173	825	135	379	436	379	887	436	589	231	401	781	445	180	441	897	701	861	648	223	490	908	394	329	852	762	531	198	401	948	696	790	517	769	620	758	749	92	102	159	44	112	279	295	851	42	108	344	2	723	295	216	886	750	602	68	348	262	67	933	731	631	266	793	546	659	34	86	723	809	750	197	398	574	246	202	552	0	787	282	704	77	42	885	493	905	6	776	789	934	714	949	692	759	833	674	833	797	660	196	668	796	596	348	46	299	491	383	514	82	190	872	83	455	326	457	319	802	272	827	722	530	537	786	470	255	
84	402	171	897	66	301	938	711	206	366	223	519	606	204	609	407	413	61	615	731	857	477	345	470	709	143	928	780	352	754	473	580	904	779	267	114	960	928	26	98	892	821	604	430	224	492	594	454	191	61	388	501	832	901	927	331	675	250	93	181	187	643	481	302	280	450	551	158	388	848	749	902	114	948	612	676	416	8	96	753	270	650	418	131	159	592	983	917	674	510	897	217	678	47	181	566	13	949	425	897	665	787	0	317	956	649	257	970	251	367	880	17	776	169	670	653	979	686	843	215	976	258	511	208	788	749	941	336	593	317	646	447	806	278	531	451	371	952	575	746	252	354	484	888	987	462	901	362	939	901	
794	704	899	593	123	437	434	921	610	917	582	620	113	58	962	668	521	381	114	155	702	733	661	406	801	534	855	413	156	671	411	18	446	766	98	179	67	19	771	624	441	385	94	263	861	362	778	445	572	349	467	413	554	46	770	230	504	652	615	360	867	229	586	987	374	682	390	744	622	891	57	409	135	113	344	757	763	292	911	262	153	109	435	384	471	498	853	329	220	31	971	948	169	106	800	154	686	568	114	750	278	282	317	0	372	564	978	804	102	472	646	439	851	880	619	437	650	606	420	620	732	385	745	319	216	251	903	173	399	562	886	636	816	643	687	701	999	141	981	762	298	557	438	821	821	158	169	643	54	596	
322	890	726	796	195	205	280	788	929	876	837	562	584	304	85	448	961	904	749	383	889	708	230	115	32	132	982	822	873	185	180	291	422	888	977	270	450	410	195	778	477	118	420	464	740	65	765	589	352	392	144	18	283	524	78	106	898	372	235	558	594	407	323	745	860	582	139	512	848	12	249	813	699	511	405	160	99	562	647	844	320	984	992	465	573	215	740	395	232	58	183	43	95	475	641	740	476	762	175	400	534	704	956	372	0	674	313	371	313	763	485	394	335	318	448	249	126	937	331	920	336	128	944	419	660	417	330	692	25	980	176	273	91	834	653	890	818	256	716	22	161	68	882	6	732	247	348	722	638	323	
449	647	800	862	526	276	126	59	332	399	396	248	145	430	868	530	25	167	417	379	806	230	580	595	684	898	487	83	48	72	266	836	502	265	108	334	587	250	77	288	170	743	882	341	968	408	614	403	135	315	75	839	873	901	384	714	135	256	643	353	807	389	309	482	200	724	944	925	307	227	429	708	500	9	24	699	958	649	461	930	919	323	717	705	669	418	982	261	761	131	576	680	714	461	576	804	984	294	813	297	835	77	649	564	674	0	347	235	937	270	29	392	263	976	174	253	18	730	559	233	639	463	885	102	560	263	501	631	825	858	639	397	763	850	816	106	424	788	181	930	990	761	365	974	368	831	350	467	801	549	
648	386	676	50	222	698	582	272	198	209	184	201	216	430	71	599	890	336	794	342	462	511	311	176	646	472	551	653	399	139	572	961	706	706	314	696	731	838	498	558	133	994	839	516	197	465	332	891	385	691	495	769	374	600	726	873	735	334	317	466	67	603	802	798	254	39	897	265	691	697	762	593	522	579	182	390	204	682	104	455	475	266	602	922	224	257	878	309	497	555	927	907	898	162	436	390	672	408	642	27	358	42	257	978	313	347	0	570	483	498	159	147	387	461	663	421	204	243	357	507	429	172	696	877	289	549	333	24	157	999	424	742	126	893	489	608	272	293	176	426	713	99	819	478	887	283	831	467	815	782	
570	362	548	24	959	97	253	325	925	342	902	979	826	378	543	81	739	593	665	474	531	194	461	554	837	859	750	55	374	409	129	124	657	797	854	777	396	227	159	409	303	632	652	152	256	192	220	329	779	443	142	901	96	977	382	464	701	630	433	866	647	965	309	144	696	64	294	938	419	709	275	426	922	47	852	261	254	759	451	905	936	625	642	159	156	427	121	610	19	515	751	787	677	709	523	83	673	498	990	913	310	885	970	804	371	235	570	0	814	470	112	518	993	634	223	813	982	228	821	515	723	194	334	959	940	398	283	232	288	46	442	380	595	78	427	440	88	247	671	849	965	441	205	483	52	431	461	752	782	74	
303	567	906	404	115	810	896	556	944	385	326	959	598	738	281	917	857	765	840	765	218	616	929	513	925	254	980	339	690	603	979	582	742	731	728	772	368	322	677	389	759	713	16	252	872	30	549	393	270	138	854	848	991	279	971	283	890	999	471	471	492	645	820	661	604	189	332	86	38	793	813	553	182	239	297	981	425	452	196	757	531	221	78	774	807	534	300	379	217	670	637	601	669	936	275	681	629	388	471	391	984	493	251	102	313	937	483	814	0	736	747	995	601	223	957	200	559	635	8	904	270	253	475	198	307	352	397	857	145	276	589	873	723	915	401	434	228	153	941	806	769	704	487	520	618	481	785	846	164	378	
360	870	646	504	266	823	293	983	756	930	215	24	627	811	797	452	976	181	170	728	67	802	163	688	90	307	354	393	896	276	392	929	331	509	33	792	554	313	116	391	861	508	480	425	697	706	285	514	921	215	191	507	385	877	365	717	65	114	187	878	361	297	996	564	44	816	148	493	902	37	209	405	508	459	139	889	588	15	751	526	238	457	581	889	528	580	774	64	395	280	165	457	686	889	989	613	792	485	817	155	15	905	367	472	763	270	498	470	736	0	134	750	642	564	561	61	222	684	810	203	858	501	114	91	316	900	193	730	994	980	622	150	217	203	183	449	213	861	305	173	140	543	938	426	91	390	549	943	806	129	
304	310	699	260	875	526	414	399	941	498	817	210	130	19	578	813	619	469	185	804	561	693	131	146	604	723	784	984	275	530	545	979	454	860	209	654	841	633	486	83	366	463	329	204	575	762	265	399	158	761	473	119	35	536	818	654	212	259	301	853	764	621	457	909	22	661	925	52	835	631	955	220	813	491	373	598	441	748	840	197	195	800	492	1	411	540	508	800	915	467	387	87	724	329	669	526	305	857	265	219	452	6	880	646	485	29	159	112	747	134	0	383	366	626	516	40	194	685	567	667	781	776	527	73	701	251	467	866	574	434	713	118	271	183	610	940	406	16	579	553	92	971	142	475	457	767	856	486	551	916	
798	480	719	951	702	625	255	581	1	145	406	696	910	226	83	460	221	371	748	339	567	167	301	27	69	553	200	522	687	448	690	168	564	272	963	25	838	975	936	254	446	827	341	940	591	899	159	151	494	687	692	386	595	79	791	471	573	910	618	435	75	55	204	11	509	915	255	904	247	733	320	613	632	14	849	420	184	685	418	778	958	195	692	924	180	288	489	383	168	696	768	774	140	505	741	167	948	631	884	273	115	776	17	439	394	392	147	518	995	750	383	0	468	215	762	702	672	79	603	862	175	458	865	106	759	96	553	78	275	940	103	970	811	491	782	325	394	568	532	379	889	542	18	332	443	884	26	141	897	624	
868	504	511	249	607	807	447	589	987	506	789	290	955	771	35	995	13	480	822	864	78	504	33	708	800	837	141	255	114	406	657	639	736	538	953	251	414	965	418	27	852	381	452	582	718	184	862	300	579	219	70	741	355	138	593	649	111	276	799	103	614	482	140	326	379	497	725	551	18	892	506	144	52	116	520	367	826	899	915	762	112	394	726	30	846	135	363	48	414	808	939	501	283	779	926	253	407	236	702	820	868	789	776	851	335	263	387	993	601	642	366	468	0	257	738	454	461	392	596	781	79	621	375	450	697	575	976	366	485	843	637	239	492	752	637	47	798	546	874	244	308	797	308	512	963	855	496	650	804	939	
588	422	735	812	34	980	54	384	723	38	352	902	3	368	441	760	793	381	762	410	401	535	814	418	323	958	746	257	1	771	662	619	570	71	139	156	102	50	230	446	555	636	124	662	884	543	548	540	284	771	36	202	324	692	391	754	786	925	373	904	33	636	896	820	219	592	976	380	934	993	385	348	147	435	626	954	186	659	342	319	150	899	57	178	550	621	21	49	870	880	731	474	956	886	626	684	137	829	249	236	922	934	169	880	318	976	461	634	223	564	626	215	257	0	120	861	411	635	253	495	20	982	906	588	621	59	371	12	968	685	493	363	119	271	488	71	773	10	731	663	90	380	911	322	999	395	134	214	939	83	
282	623	453	342	736	667	83	997	332	670	965	263	398	736	433	250	814	269	690	349	625	123	365	299	680	11	668	228	492	159	428	749	584	410	996	670	811	240	109	210	40	42	529	629	61	604	867	734	40	642	525	579	346	482	363	409	982	620	467	47	708	307	656	583	838	568	37	795	286	179	373	583	840	678	375	694	20	420	758	500	211	513	679	360	468	741	948	27	298	634	601	135	590	68	401	727	943	855	931	651	763	714	670	619	448	174	663	223	957	561	516	762	738	120	0	813	986	605	428	408	190	564	79	381	729	531	538	980	235	568	658	973	644	152	401	715	93	731	305	223	246	910	287	247	655	712	867	625	483	36	
312	62	326	559	667	561	769	485	978	276	822	756	408	363	837	643	702	234	602	988	404	153	706	674	959	673	724	966	894	240	377	488	763	81	86	347	286	125	648	698	131	785	662	412	257	53	420	315	197	679	846	415	70	433	358	338	257	963	778	697	825	191	819	869	500	962	327	584	17	783	964	621	253	594	330	405	392	726	303	605	407	886	76	250	148	218	637	328	553	805	621	195	231	536	539	203	414	528	762	453	110	949	653	437	249	253	421	813	200	61	40	702	454	861	813	0	656	979	178	873	503	989	926	911	464	673	592	947	195	361	828	436	955	642	610	119	893	600	878	520	89	3	762	50	526	648	227	481	50	890	
397	756	589	263	422	219	101	540	763	151	742	818	190	52	82	131	27	30	66	153	553	471	190	972	845	869	533	199	713	399	555	203	415	719	359	633	218	420	241	289	850	533	227	15	847	700	176	608	393	858	608	38	8	378	863	80	105	803	848	500	124	24	654	649	766	183	456	526	189	762	762	12	56	734	370	137	276	437	338	72	351	169	290	736	480	3	403	291	629	420	113	377	548	1	802	365	870	594	554	964	522	692	979	650	126	18	204	982	559	222	194	672	461	411	986	656	0	161	918	722	210	283	650	718	693	731	95	857	845	5	507	224	675	390	990	433	835	194	238	606	864	782	545	546	306	440	228	403	189	116	
305	550	271	749	363	92	285	107	216	843	603	269	134	221	643	979	411	677	988	281	457	682	585	598	334	102	745	789	531	477	262	702	252	174	1000	906	950	436	615	732	577	165	410	494	704	278	302	189	798	595	192	597	114	249	843	14	743	991	39	632	696	163	68	398	852	727	676	413	83	603	954	357	62	635	652	746	223	483	910	455	901	885	600	262	897	970	623	645	594	71	202	427	183	954	622	989	675	745	292	804	252	759	686	606	937	730	243	228	635	684	685	79	392	635	605	979	161	0	33	920	685	232	413	965	238	778	819	181	776	240	827	704	819	673	512	237	719	82	521	360	1000	491	453	440	184	27	988	147	541	313	
872	891	768	190	47	1	544	428	972	402	414	52	584	808	68	879	891	295	71	336	495	620	285	76	674	290	530	960	867	846	485	32	918	287	731	225	898	150	765	900	983	926	479	234	543	641	967	981	613	769	161	798	298	372	444	888	443	978	365	42	865	413	450	803	643	525	838	539	433	748	27	306	414	25	998	867	345	154	925	489	495	563	607	589	585	35	823	541	264	142	723	923	516	796	711	559	275	691	378	712	36	833	843	420	331	559	357	821	8	810	567	603	596	253	428	178	918	33	0	291	307	284	653	984	277	54	694	896	958	739	46	518	297	324	763	660	872	437	646	710	975	962	33	605	47	793	877	754	353	385	
956	25	471	255	446	393	751	740	250	1000	400	717	920	497	620	420	382	935	797	311	940	935	334	217	205	2	287	498	111	505	169	668	594	221	182	540	747	714	462	771	379	362	877	356	740	374	618	866	370	163	241	462	68	328	379	931	491	515	455	570	805	147	761	564	577	139	134	7	968	608	613	585	86	347	784	754	502	418	873	524	444	428	870	482	312	913	713	284	795	294	118	888	462	335	747	198	668	328	234	823	381	674	215	620	920	233	507	515	904	203	667	862	781	495	408	873	722	920	291	0	626	268	808	41	643	803	365	197	40	142	5	940	917	50	14	821	100	379	466	99	975	272	251	311	616	266	695	341	92	942	
451	768	464	116	553	602	545	489	795	399	623	250	311	327	893	371	574	866	49	818	957	287	19	73	791	380	558	557	370	886	365	504	447	420	923	422	424	135	948	518	857	338	792	501	42	143	234	840	74	846	582	24	5	893	60	618	690	803	886	652	271	41	476	256	936	452	945	292	722	45	958	821	269	392	918	230	979	588	132	773	933	181	644	53	393	746	145	160	332	251	770	236	669	31	332	866	344	430	22	797	400	833	976	732	336	639	429	723	270	858	781	175	79	20	190	503	210	685	307	626	0	270	937	757	44	218	148	512	358	581	729	439	804	162	821	567	479	805	415	420	118	636	284	835	326	858	917	280	204	970	
430	391	376	190	559	161	570	713	684	638	23	971	723	415	88	203	457	366	652	992	547	775	30	590	371	506	39	203	164	791	432	495	541	585	675	838	948	207	81	672	371	843	929	999	741	603	843	466	239	983	822	846	973	116	244	368	757	684	537	427	829	676	919	245	36	543	97	384	665	372	222	313	961	519	143	643	667	667	800	354	490	535	462	701	780	98	824	882	626	151	177	657	14	409	705	435	302	600	494	308	433	797	258	385	128	463	172	194	253	501	776	458	621	982	564	989	283	232	284	268	270	0	965	226	320	17	30	244	666	511	28	21	560	687	100	882	172	292	445	386	55	958	592	827	522	22	189	747	271	647	
67	874	661	299	669	443	245	444	475	613	299	520	86	82	513	97	826	551	818	272	527	939	189	943	453	248	194	283	999	862	520	580	958	334	574	643	585	976	719	758	694	36	174	81	409	276	242	635	993	891	580	750	19	268	780	696	634	249	845	913	830	828	307	721	409	90	580	817	314	89	338	907	956	207	949	406	905	186	894	857	583	511	696	950	166	144	713	983	82	654	809	342	381	285	214	653	268	438	24	645	156	660	511	745	944	885	696	334	475	114	527	865	375	906	79	926	650	413	653	808	937	965	0	967	202	227	14	192	46	543	123	503	222	919	991	961	379	675	848	229	659	36	284	109	520	305	11	82	721	282	
989	261	648	270	406	610	145	994	790	140	320	323	903	160	13	910	646	322	416	127	765	561	741	930	549	374	97	299	279	579	100	159	630	927	249	731	976	975	576	102	593	460	746	61	372	572	880	788	830	657	990	16	164	105	380	411	140	238	699	164	805	83	167	572	459	853	324	739	719	704	924	299	82	965	3	449	325	126	928	934	550	512	223	75	663	361	354	308	230	218	84	415	245	803	914	883	510	342	539	205	479	196	208	319	419	102	877	959	198	91	73	106	450	588	381	911	718	965	984	41	757	226	967	0	823	248	376	468	336	954	316	807	459	14	767	84	755	740	426	860	987	995	544	317	875	421	657	621	817	732	
536	450	920	710	705	475	607	562	649	16	813	799	919	775	221	380	164	102	717	706	255	742	269	251	802	509	263	792	367	557	259	226	456	73	433	709	496	344	670	208	501	879	938	336	427	96	457	246	584	925	752	244	413	370	331	860	505	131	975	473	792	610	677	994	148	371	644	640	77	810	605	509	149	47	843	871	65	679	363	581	273	341	416	247	936	896	381	815	727	418	87	732	27	964	25	89	831	669	993	39	160	668	788	216	660	560	289	940	307	316	701	759	697	621	729	464	693	238	277	643	44	320	202	823	0	792	180	529	461	871	53	728	284	440	325	590	688	463	224	498	120	359	840	258	742	890	279	315	267	158	
962	869	596	292	510	106	58	24	135	417	254	78	377	110	7	132	478	418	900	158	968	277	554	772	229	403	288	945	164	320	632	547	975	378	727	35	64	483	226	943	882	903	437	718	379	741	673	494	840	992	147	504	86	260	856	706	540	44	464	334	688	500	329	141	664	319	246	554	545	705	910	281	512	880	90	593	239	144	2	707	682	185	911	762	113	4	824	219	483	265	93	567	515	239	330	464	199	210	756	166	628	796	749	251	417	263	549	398	352	900	251	96	575	59	531	673	731	778	54	803	218	17	227	248	792	0	991	214	219	364	191	292	466	242	753	331	848	875	762	449	585	269	906	640	216	12	725	811	589	933	
167	639	901	589	302	728	606	58	435	81	330	266	867	748	913	662	453	950	208	995	120	545	348	835	499	614	183	421	735	592	371	903	571	219	491	348	430	217	449	591	61	631	19	790	626	352	975	689	732	790	874	501	114	807	16	898	450	103	726	142	112	70	772	356	653	511	170	731	583	272	901	845	674	25	35	302	834	570	194	254	706	662	226	202	270	811	555	843	28	962	242	392	532	264	207	485	534	722	725	200	523	596	941	903	330	501	333	283	397	193	467	553	976	371	538	592	95	819	694	365	148	30	14	376	180	991	0	521	848	748	245	936	582	144	75	552	489	247	100	746	204	624	126	912	334	139	398	770	257	832	
56	913	555	74	775	209	867	15	267	36	129	898	39	881	168	65	884	724	977	636	805	332	479	627	659	987	754	383	535	65	349	838	291	844	9	324	71	232	804	389	644	729	280	711	364	997	621	623	200	42	789	429	214	402	571	582	85	593	613	26	916	825	634	78	758	615	268	615	636	457	64	197	6	794	95	21	732	238	693	161	24	139	805	389	314	477	130	754	446	200	937	933	313	272	74	842	978	327	819	9	688	348	336	173	692	631	24	232	857	730	866	78	366	12	980	947	857	181	896	197	512	244	192	468	529	214	521	0	246	627	198	738	233	527	637	197	889	263	148	78	723	865	421	690	369	210	429	442	249	253	
779	967	714	456	947	318	403	88	352	456	494	375	265	867	496	349	245	470	7	383	524	281	564	604	408	851	864	774	479	23	836	63	927	270	941	642	250	715	967	540	964	378	127	241	572	278	384	254	432	340	426	213	352	649	231	329	799	544	95	253	808	840	438	880	750	126	718	58	498	398	731	61	627	6	449	298	267	396	439	745	391	866	440	748	133	927	111	134	315	974	938	646	958	946	660	325	538	374	463	854	580	46	593	399	25	825	157	288	145	994	574	275	485	968	235	195	845	776	958	40	358	666	46	336	461	219	848	246	0	770	445	915	737	333	78	473	245	144	167	898	791	82	695	160	886	472	648	771	20	422	
343	774	732	14	313	555	817	831	943	574	661	936	973	97	86	891	403	560	293	973	73	718	370	185	202	860	744	270	609	214	24	645	590	327	901	734	117	754	288	495	894	852	900	986	120	907	48	118	692	68	111	497	712	362	60	286	350	841	120	80	881	249	452	864	779	236	484	172	687	261	582	83	522	701	425	564	844	968	742	308	81	327	127	656	116	959	422	733	556	549	7	746	304	681	828	989	169	466	995	797	242	299	317	562	980	858	999	46	276	980	434	940	843	685	568	361	5	240	739	142	581	511	543	954	871	364	748	627	770	0	132	620	64	255	593	327	595	706	282	563	954	997	97	299	587	62	186	194	323	663	
584	331	472	787	291	528	966	418	947	182	904	327	924	701	570	78	80	777	161	468	524	582	485	870	200	248	196	629	449	484	293	84	948	189	886	512	481	235	346	192	280	892	325	719	413	220	396	92	678	106	581	809	518	728	783	799	190	800	582	940	754	403	986	866	957	485	114	542	963	295	306	666	638	805	295	534	402	133	795	824	570	650	61	289	205	138	826	703	637	666	915	204	919	498	625	553	308	923	887	347	403	491	646	886	176	639	424	442	589	622	713	103	637	493	658	828	507	827	46	5	729	28	123	316	53	191	245	198	445	132	0	897	971	519	514	838	959	258	302	343	875	630	112	87	600	39	997	774	916	388	
256	376	166	816	814	148	434	29	347	245	880	177	215	301	903	185	523	44	963	520	79	4	917	920	164	875	21	137	727	624	580	887	32	911	960	837	744	657	521	984	432	230	246	451	258	506	814	876	821	300	955	390	806	724	985	569	624	319	419	56	209	345	329	41	994	545	231	951	398	48	655	902	753	990	421	682	31	811	469	661	158	610	656	232	965	216	78	691	190	798	483	178	172	56	327	768	792	427	636	53	834	383	447	636	273	397	742	380	873	150	118	970	239	363	973	436	224	704	518	940	439	21	503	807	728	292	936	738	915	620	897	0	863	330	626	823	918	676	878	783	897	293	259	340	390	251	728	355	126	231	
950	763	357	87	569	973	157	935	588	131	327	379	496	598	387	928	766	827	57	307	396	982	107	452	465	720	426	733	495	62	144	717	161	73	930	566	544	764	172	554	985	686	488	787	563	507	513	603	188	104	460	527	732	877	417	830	489	482	314	471	881	289	45	379	831	464	706	276	225	395	979	950	216	153	535	132	206	61	247	933	213	132	391	509	1000	661	813	37	740	602	854	260	333	681	950	546	793	166	295	480	752	514	806	816	91	763	126	595	723	217	271	811	492	119	644	955	675	819	297	917	804	560	222	459	284	466	582	233	737	64	971	863	0	632	370	204	73	177	55	991	894	391	796	118	313	626	693	84	383	318	
59	728	920	290	392	364	911	585	604	581	637	655	273	864	886	897	120	541	112	255	214	66	333	520	384	778	689	90	492	833	975	22	1000	935	608	687	723	427	818	771	109	269	656	282	646	27	306	897	868	144	573	101	653	838	10	763	144	23	429	935	826	665	672	542	821	540	22	478	524	197	985	258	495	37	906	762	756	191	471	429	894	148	17	548	527	697	339	457	590	639	809	474	150	380	114	266	990	724	493	869	429	82	278	643	834	850	893	78	915	203	183	491	752	271	152	642	390	673	324	50	162	687	919	14	440	242	144	527	333	255	519	330	632	0	805	821	207	538	926	855	778	427	207	156	159	809	195	191	19	241	
277	756	721	917	317	737	902	375	66	520	647	582	618	546	198	254	622	134	592	300	556	67	895	714	827	675	819	220	43	681	581	799	998	770	392	2	248	182	323	579	578	753	973	849	167	778	686	753	992	911	79	484	660	993	967	509	239	478	949	206	253	487	64	225	234	438	266	480	762	793	740	913	691	589	229	259	171	967	252	559	959	982	375	186	996	635	575	228	885	274	774	482	784	903	335	649	132	351	714	918	509	190	531	687	653	816	489	427	401	183	610	782	637	488	401	610	990	512	763	14	821	100	991	767	325	753	75	637	78	593	514	626	370	805	0	920	213	863	405	373	318	890	554	543	579	448	88	198	731	627	
474	449	935	13	650	867	32	632	340	525	276	882	118	665	591	63	755	990	703	490	270	708	206	1	468	686	691	720	20	162	843	750	504	678	618	88	858	617	441	906	683	807	363	320	319	175	360	94	476	305	441	688	166	729	855	65	728	541	911	105	837	530	385	161	203	953	308	861	341	385	287	319	202	676	236	840	307	471	31	115	880	181	650	360	527	442	406	459	368	786	517	819	525	345	708	825	22	527	436	11	885	872	451	701	890	106	608	440	434	449	940	325	47	71	715	119	433	237	660	821	567	882	961	84	590	331	552	197	473	327	838	823	204	821	920	0	655	116	785	409	80	37	824	862	825	501	818	476	142	519	
966	201	175	792	322	115	950	628	238	829	591	255	426	19	376	420	670	542	50	426	894	414	723	205	385	118	133	847	279	408	59	194	530	530	43	465	586	15	450	832	184	31	993	254	388	201	891	353	472	573	226	616	933	441	535	575	269	67	185	692	218	911	353	436	367	251	511	98	113	632	352	570	443	513	150	775	162	216	583	201	901	514	408	298	171	192	731	426	860	421	677	950	66	989	13	12	680	817	325	602	856	83	371	999	818	424	272	88	228	213	406	394	798	773	93	893	835	719	872	100	479	172	379	755	688	848	489	889	245	595	959	918	73	207	213	655	0	620	352	452	106	687	359	967	17	683	881	479	298	364	
573	439	312	569	820	152	347	542	509	844	505	553	377	530	425	642	386	909	453	42	84	340	884	623	386	475	86	760	755	17	690	778	667	571	15	915	847	816	1000	344	883	802	596	985	492	355	595	554	133	606	726	172	265	673	417	71	648	876	619	358	858	50	610	187	245	799	373	765	981	331	527	369	403	179	248	388	990	965	666	911	754	779	751	860	1000	116	697	52	245	26	657	357	998	70	64	88	63	98	542	451	179	455	952	141	256	788	293	247	153	861	16	568	546	10	731	600	194	82	437	379	805	292	675	740	463	875	247	263	144	706	258	676	177	538	863	116	620	0	117	454	478	33	253	949	939	683	163	520	495	403	
581	182	734	188	263	832	35	608	17	666	263	453	626	855	716	409	590	956	422	636	854	759	870	835	842	987	506	137	960	845	264	704	611	683	835	188	362	646	636	990	394	277	376	155	594	849	705	640	93	368	254	509	584	742	294	690	603	376	45	551	436	801	650	636	653	238	760	151	447	443	594	987	298	546	423	730	518	274	301	423	329	32	220	76	53	773	328	626	292	308	132	360	683	499	160	299	219	524	177	331	208	326	575	981	716	181	176	671	941	305	579	532	874	731	305	878	238	521	646	466	415	445	848	426	224	762	100	148	167	282	302	878	55	926	405	785	352	117	0	779	879	838	23	451	567	230	735	465	528	633	
826	529	758	317	750	553	194	749	195	257	558	28	365	802	410	41	421	193	116	163	578	387	716	814	803	382	291	732	292	622	991	310	706	261	819	545	417	428	506	861	171	586	745	508	863	456	455	375	354	384	592	724	441	543	167	821	486	229	943	150	997	710	119	357	90	585	102	715	566	976	660	274	215	280	903	716	489	231	958	86	571	851	635	724	207	271	476	384	360	140	79	727	444	618	10	659	20	724	849	356	24	457	746	762	22	930	426	849	806	173	553	379	244	663	223	520	606	360	710	99	420	386	229	860	498	449	746	78	898	563	343	783	991	855	373	409	452	454	779	0	474	908	719	306	854	293	927	508	784	719	
19	620	705	692	910	619	769	731	273	50	675	343	147	623	217	714	584	262	301	442	532	891	45	136	733	966	825	628	150	682	138	316	566	605	918	871	848	981	707	749	650	542	485	849	657	468	885	290	397	309	446	299	922	194	119	984	352	751	935	857	927	336	886	772	224	877	680	436	555	759	225	651	436	784	54	143	501	75	947	802	523	41	56	225	171	23	18	389	933	182	138	828	703	153	489	583	726	290	9	752	26	319	252	298	161	990	713	965	769	140	92	889	308	90	246	89	864	1000	975	975	118	55	659	987	120	585	204	723	791	954	875	897	894	778	318	80	106	478	879	474	0	788	927	401	765	881	732	874	811	322	
597	535	59	734	311	337	862	542	303	695	594	142	991	344	619	790	932	275	77	217	377	565	999	102	28	684	944	339	56	236	538	64	779	485	90	22	488	99	622	111	554	13	363	352	483	740	325	168	116	200	234	359	844	835	678	490	936	274	492	309	244	403	397	132	681	558	203	986	708	70	868	752	683	393	445	762	437	695	386	777	17	907	418	392	192	38	308	299	584	105	898	798	227	372	348	557	383	210	502	56	806	802	354	557	68	761	99	441	704	543	971	542	797	380	910	3	782	491	962	272	636	958	36	995	359	269	624	865	82	997	630	293	391	427	890	37	687	33	838	908	788	0	795	297	72	380	34	676	563	140	
263	624	86	606	687	3	439	925	704	978	577	476	497	736	718	96	158	370	571	558	489	328	10	263	718	409	512	127	661	324	584	110	475	130	748	530	762	287	709	34	109	185	754	537	130	495	269	956	194	95	863	719	893	944	987	704	925	648	850	212	343	170	500	455	216	488	984	553	419	879	617	235	799	576	128	943	465	640	308	541	504	414	573	614	679	922	232	199	260	494	117	509	423	978	797	919	784	240	835	642	779	272	484	438	882	365	819	205	487	938	142	18	308	911	287	762	545	453	33	251	284	592	284	544	840	906	126	421	695	97	112	259	796	207	554	824	359	253	23	719	927	795	0	281	261	899	29	941	983	83	
525	111	659	411	604	314	664	681	764	767	213	773	194	811	27	202	689	80	244	336	537	591	883	793	372	963	760	113	378	107	329	942	251	513	257	616	153	924	494	432	559	345	321	382	926	878	574	309	750	715	697	734	37	262	38	575	734	437	898	970	21	783	989	725	860	238	758	370	591	965	426	981	575	108	40	515	162	273	1000	9	482	36	871	543	695	599	409	842	738	643	648	439	828	6	625	485	506	381	973	615	592	827	888	821	6	974	478	483	520	426	475	332	512	322	247	50	546	440	605	311	835	827	109	317	258	640	912	690	160	299	87	340	118	156	543	862	967	949	451	306	401	297	281	0	270	914	240	326	723	124	
401	382	312	86	594	922	21	95	492	76	907	348	236	87	19	36	267	987	452	356	463	406	887	135	758	952	272	564	385	61	998	11	189	144	805	623	3	694	154	417	747	462	103	521	447	856	706	140	93	923	611	282	66	595	469	813	151	226	219	264	624	906	792	557	449	529	716	881	937	740	324	348	635	637	544	209	499	160	491	554	255	312	609	823	123	314	500	398	297	25	824	923	377	899	690	240	878	397	127	604	308	722	987	821	732	368	887	52	618	91	457	443	963	999	655	526	306	184	47	616	326	522	520	875	742	216	334	369	886	587	600	390	313	159	579	825	17	939	567	854	765	72	261	270	0	872	279	138	127	881	
15	767	165	515	411	193	98	367	808	584	247	678	138	441	328	248	233	253	67	118	97	575	842	492	219	54	257	216	162	67	542	458	228	244	993	471	691	100	573	733	291	424	509	101	876	563	647	253	678	899	129	71	115	37	162	984	626	963	122	473	767	234	961	722	827	777	414	997	125	16	459	114	80	649	406	784	355	346	462	994	826	883	834	800	221	648	543	587	414	836	775	390	503	971	596	80	686	258	808	90	180	530	462	158	247	831	283	431	481	390	767	884	855	395	712	648	440	27	793	266	858	22	305	421	890	12	139	210	472	62	39	251	626	809	448	501	683	683	230	293	881	380	899	914	872	0	980	193	917	743	
246	635	228	943	77	766	398	962	412	887	199	546	419	832	266	100	758	675	679	413	931	708	694	23	975	106	398	4	396	555	313	271	650	498	378	480	7	412	550	615	908	814	494	172	303	898	61	570	433	288	126	456	223	800	894	346	13	81	83	879	821	43	393	375	582	684	203	942	665	289	461	629	136	955	853	272	867	330	777	2	575	247	164	930	372	544	315	216	985	717	591	78	376	630	96	917	501	415	465	286	277	537	901	169	348	350	831	461	785	549	856	26	496	134	867	227	228	988	877	695	917	189	11	657	279	725	398	429	648	186	997	728	693	195	88	818	881	163	735	927	732	34	29	240	279	980	0	323	471	784	
721	888	513	896	444	879	380	19	358	797	253	835	770	77	387	989	43	403	241	879	592	870	434	667	62	272	20	207	502	461	901	537	258	535	114	144	946	544	863	856	59	948	695	274	436	209	960	158	789	425	954	818	208	23	253	511	505	832	919	660	270	954	649	204	2	837	787	882	312	287	342	619	777	583	573	377	813	421	792	794	497	167	332	182	750	537	228	57	617	359	641	674	538	954	90	631	321	310	863	684	64	786	362	643	722	467	467	752	846	943	486	141	650	214	625	481	403	147	754	341	280	747	82	621	315	811	770	442	771	194	774	355	84	191	198	476	479	520	465	508	874	676	941	326	138	193	323	0	849	598	
757	142	382	668	747	775	362	693	529	414	429	199	686	236	302	267	287	419	209	682	30	645	845	301	649	290	188	93	472	296	695	972	588	278	247	928	157	714	188	492	147	726	428	136	147	204	125	795	334	400	291	548	495	110	761	350	709	559	148	490	67	77	214	128	872	883	319	783	222	882	140	39	84	650	220	438	381	318	255	422	733	417	592	301	785	533	79	638	56	142	154	350	571	682	262	91	981	779	728	311	689	470	939	54	638	801	815	782	164	806	551	897	804	939	483	50	189	541	353	92	204	271	721	817	267	589	257	249	20	323	916	126	383	19	731	142	298	495	528	784	811	563	983	723	127	917	471	849	0	184	
522	199	318	645	129	972	34	409	607	792	128	677	474	416	76	53	312	372	328	140	679	805	537	102	905	88	463	811	90	221	786	319	437	600	450	780	922	126	890	431	310	914	131	491	560	497	143	86	737	335	386	559	409	705	748	487	221	469	110	502	223	480	179	266	685	139	80	82	164	735	410	854	881	311	586	203	546	672	255	264	404	519	64	999	418	9	761	567	946	184	457	210	869	932	610	997	517	150	602	235	362	255	901	596	323	549	782	74	378	129	916	624	939	83	36	890	116	313	385	942	970	647	282	732	158	933	832	253	422	663	388	231	318	241	627	519	364	403	633	719	322	140	83	124	881	743	784	598	184	0	
