120
0	607	660	927	656	359	675	106	552	902	707	62	613	110	274	28	747	12	999	396	408	190	819	789	575	270	55	936	651	52	431	742	870	680	680	999	962	824	606	461	616	838	793	121	399	110	273	996	912	383	656	367	56	119	574	311	509	404	731	443	372	729	280	521	362	21	959	729	465	802	828	127	502	285	420	806	329	377	933	979	405	641	494	392	192	246	209	402	357	29	718	126	608	493	42	351	785	839	903	923	933	879	478	654	210	130	882	887	218	960	375	738	137	548	659	158	338	434	556	528	
607	0	366	737	202	551	7	289	454	985	845	446	162	686	638	429	83	580	163	902	557	267	617	627	182	250	605	504	838	256	748	340	677	760	834	991	214	119	489	12	178	624	596	97	232	794	356	852	635	120	835	1000	60	377	583	705	99	705	193	316	336	576	719	107	726	225	711	432	562	134	245	351	40	682	215	152	920	15	831	341	55	706	120	537	392	323	604	778	564	745	637	201	696	69	211	440	622	429	534	571	831	661	901	553	328	793	766	148	810	254	542	575	958	753	731	961	560	200	512	456	
660	366	0	411	224	793	247	542	823	992	530	678	163	727	329	220	898	119	355	720	804	432	261	566	13	10	28	584	359	36	663	116	240	34	600	471	216	404	717	578	990	29	362	597	363	834	801	705	343	532	284	362	10	215	842	629	94	955	961	173	603	754	908	461	507	708	637	433	8	568	283	749	554	564	943	315	485	518	188	39	858	276	126	325	157	305	580	518	663	601	360	590	13	727	599	769	129	268	244	448	103	731	954	614	563	571	74	696	897	797	97	821	373	990	454	306	740	711	643	529	
927	737	411	0	954	139	537	394	333	681	817	762	370	955	128	596	919	230	450	278	969	227	275	765	951	805	314	195	415	748	334	768	167	561	998	574	30	571	60	610	524	393	281	8	23	281	247	886	391	753	362	620	485	284	393	473	447	799	260	82	111	196	158	31	598	102	861	38	323	559	984	117	992	599	352	314	246	958	121	21	135	643	459	600	957	157	765	469	938	922	465	249	887	415	38	879	641	240	785	921	328	808	461	795	362	83	29	872	32	201	528	97	751	294	845	722	530	536	518	559	
656	202	224	954	0	118	136	169	240	766	757	412	25	352	693	730	997	143	758	364	684	242	516	489	346	206	499	497	674	287	520	334	803	485	611	805	250	204	591	483	911	140	310	443	340	771	838	831	356	159	584	589	985	153	227	548	17	654	772	86	473	472	258	617	202	396	311	33	971	93	721	160	431	465	897	849	161	618	867	329	165	136	200	591	593	133	824	893	708	402	748	679	141	552	260	788	591	441	532	403	316	663	148	360	511	493	311	607	983	365	396	407	601	434	20	547	332	368	875	389	
359	551	793	139	118	0	251	536	355	612	790	688	933	816	955	626	673	138	340	708	313	114	408	880	920	948	462	397	624	122	150	477	429	192	955	328	764	307	863	442	25	548	157	792	807	844	53	793	176	720	491	538	311	166	225	346	220	200	486	848	873	938	150	522	851	287	141	863	995	24	999	407	925	871	209	689	760	657	493	381	143	418	681	147	824	830	74	908	283	109	800	536	349	190	713	423	678	847	266	108	959	860	427	14	496	294	307	953	793	446	659	661	719	762	983	742	418	127	147	716	
675	7	247	537	136	251	0	149	48	147	27	845	926	494	869	501	449	331	111	633	238	763	913	378	17	505	610	258	276	248	971	784	72	165	747	14	724	413	755	593	812	663	803	809	763	461	381	721	621	102	903	881	294	632	655	715	263	557	898	931	386	500	782	954	155	385	34	188	386	455	538	896	823	181	94	272	261	894	309	939	986	206	734	455	269	737	552	922	817	374	739	867	657	965	326	580	916	37	458	332	828	329	247	306	457	692	814	156	387	386	607	25	424	728	763	923	275	95	820	617	
106	289	542	394	169	536	149	0	950	261	572	83	377	277	507	520	443	136	789	957	632	476	596	343	115	884	858	731	982	304	289	819	305	686	438	44	903	729	971	686	959	289	749	875	937	75	757	132	919	931	83	1000	558	343	127	495	757	373	802	390	294	864	741	899	786	255	351	91	546	511	581	754	931	154	69	731	674	79	109	745	248	828	538	214	471	922	522	753	830	704	741	645	978	523	410	111	590	308	78	64	75	857	131	413	443	713	622	955	331	322	657	423	895	398	339	468	947	286	756	614	
552	454	823	333	240	355	48	950	0	343	348	149	895	330	119	807	40	155	643	948	11	235	496	627	526	167	52	871	739	757	611	402	501	580	902	886	525	897	585	637	542	559	938	553	126	519	503	350	238	481	758	663	100	642	699	446	463	958	654	32	394	207	603	104	285	814	534	795	496	178	982	573	505	999	105	857	440	425	296	214	529	825	541	216	154	855	282	29	22	1	924	538	585	882	728	660	581	598	181	363	380	749	946	571	207	975	801	486	598	31	508	711	937	699	342	280	815	538	142	414	
902	985	992	681	766	612	147	261	343	0	580	503	504	267	864	85	732	28	702	724	891	404	994	515	263	937	623	54	514	542	176	962	386	449	525	942	908	973	145	532	718	707	409	161	657	548	367	761	135	234	160	543	641	112	578	252	796	111	163	132	357	346	638	249	491	940	327	115	212	401	793	317	762	146	357	998	575	461	654	798	71	437	275	359	102	965	724	375	186	827	809	291	601	434	335	101	229	688	877	569	855	882	758	781	803	501	239	759	915	999	332	187	686	860	30	573	106	893	144	244	
707	845	530	817	757	790	27	572	348	580	0	847	190	442	472	518	559	973	598	19	869	680	449	670	650	698	682	448	907	73	211	260	904	434	97	667	561	218	537	182	967	365	324	581	600	749	573	237	919	838	459	354	188	511	386	881	456	851	727	849	331	913	219	586	601	576	335	551	659	831	698	785	314	109	487	428	825	156	818	117	932	643	580	276	715	116	573	406	499	346	954	239	575	320	831	334	731	262	118	417	410	133	457	531	208	678	244	507	698	53	151	910	996	684	730	368	587	509	922	95	
62	446	678	762	412	688	845	83	149	503	847	0	661	663	883	625	38	518	654	871	685	348	534	353	366	124	309	732	672	497	52	482	417	106	843	833	425	376	853	294	309	907	440	723	37	170	835	559	416	74	857	725	998	810	78	832	679	4	703	397	410	573	934	561	248	177	654	261	514	25	764	495	911	798	623	227	243	819	610	209	541	222	559	121	960	975	422	796	333	548	414	925	342	340	163	569	285	170	369	730	310	749	688	258	331	174	457	6	271	985	879	216	541	232	441	210	74	596	111	808	
613	162	163	370	25	933	926	377	895	504	190	661	0	912	429	707	181	604	580	579	33	458	191	564	777	7	93	257	879	800	459	251	388	633	93	955	835	912	577	975	304	524	473	329	969	64	895	406	188	316	662	429	633	294	382	838	25	780	185	742	735	149	652	576	93	289	224	557	99	215	1	888	180	246	62	435	393	37	626	822	666	278	842	674	289	920	321	280	330	557	40	55	513	44	186	254	306	880	575	278	350	840	751	164	772	856	170	430	575	143	574	60	727	506	264	841	770	762	622	537	
110	686	727	955	352	816	494	277	330	267	442	663	912	0	244	410	28	285	909	212	997	901	138	564	701	654	246	548	277	348	947	186	727	953	483	599	194	247	716	233	656	171	851	611	870	282	944	163	403	624	235	749	525	158	861	414	273	324	987	396	297	704	494	284	315	285	702	843	143	768	368	673	633	239	389	91	920	675	837	856	238	207	580	583	714	689	444	719	82	873	851	806	268	591	135	646	799	882	591	525	349	798	115	188	164	334	87	890	830	203	492	977	29	43	575	706	939	413	782	749	
274	638	329	128	693	955	869	507	119	864	472	883	429	244	0	809	756	360	36	150	322	53	752	3	71	822	515	244	770	318	424	337	847	353	296	926	306	635	463	624	779	933	710	153	275	932	226	718	69	418	636	871	768	56	298	798	589	380	359	460	676	264	711	128	579	747	965	273	521	461	464	222	8	141	555	508	778	412	84	193	550	703	528	862	594	417	893	714	579	24	895	900	227	401	55	865	506	838	81	903	872	551	117	145	658	767	961	356	915	904	941	505	645	905	999	293	184	335	895	397	
28	429	220	596	730	626	501	520	807	85	518	625	707	410	809	0	826	362	797	741	463	410	218	995	475	505	429	888	406	723	7	831	368	923	321	393	469	15	932	280	370	327	864	602	249	706	882	80	753	11	336	56	914	594	175	319	975	173	927	267	196	416	932	609	114	266	785	442	713	282	104	260	686	818	309	430	221	51	108	883	961	433	616	26	129	953	582	757	901	344	24	282	570	302	606	159	585	531	642	673	247	936	723	310	193	1	349	689	862	353	815	814	153	871	341	734	687	952	310	885	
747	83	898	919	997	673	449	443	40	732	559	38	181	28	756	826	0	558	300	537	747	183	677	28	744	805	230	245	916	390	369	804	181	130	580	64	258	185	60	457	696	210	642	511	67	722	909	217	327	657	401	576	911	411	302	877	54	741	724	776	44	791	670	507	443	913	804	902	523	697	245	172	778	420	76	262	344	90	683	606	667	15	781	159	294	655	633	515	127	234	612	789	665	817	85	512	319	64	999	375	138	460	443	847	356	478	116	26	694	208	679	229	1000	160	426	828	615	643	748	53	
12	580	119	230	143	138	331	136	155	28	973	518	604	285	360	362	558	0	820	300	110	898	586	397	561	947	152	44	735	595	192	794	582	282	686	417	715	835	677	516	611	54	383	187	328	729	636	822	961	51	181	58	443	785	425	714	967	620	871	424	964	507	813	812	823	797	304	212	135	89	893	941	278	34	920	440	325	605	315	433	511	285	305	572	682	497	228	745	105	324	292	714	645	885	96	649	948	624	170	16	722	949	142	203	712	799	371	65	267	32	421	739	263	211	482	547	675	914	84	721	
999	163	355	450	758	340	111	789	643	702	598	654	580	909	36	797	300	820	0	702	65	118	530	282	338	643	699	744	211	827	84	364	477	495	816	338	966	847	915	81	650	386	261	312	37	814	559	582	980	281	131	414	68	639	665	227	75	788	607	848	758	708	313	723	802	529	313	43	600	350	721	776	467	450	78	682	651	758	359	340	7	146	791	826	238	29	319	377	134	372	352	366	377	829	774	545	885	252	721	643	979	462	617	367	555	284	991	325	693	194	340	268	371	209	468	217	461	817	563	635	
396	902	720	278	364	708	633	957	948	724	19	871	579	212	150	741	537	300	702	0	621	203	627	329	164	398	716	654	284	480	854	579	601	656	147	182	818	833	896	818	715	586	765	391	280	500	27	27	843	651	878	753	238	361	691	465	432	135	955	112	625	997	552	58	640	524	728	397	528	314	640	504	486	981	843	884	310	556	819	393	934	299	383	564	59	661	54	895	939	719	786	601	131	554	216	144	794	9	952	197	253	372	400	351	292	621	654	627	565	649	453	610	504	416	375	371	451	121	20	202	
408	557	804	969	684	313	238	632	11	891	869	685	33	997	322	463	747	110	65	621	0	430	879	842	577	90	945	198	366	669	945	282	77	929	698	839	24	567	560	685	652	53	787	328	902	767	244	789	862	613	795	614	130	794	535	698	38	693	160	409	179	91	514	590	381	788	947	646	346	725	743	296	232	79	481	637	958	925	141	666	501	347	476	956	120	973	887	35	834	126	464	554	967	99	253	926	926	967	278	68	837	400	698	792	718	9	212	60	625	393	356	990	529	820	691	653	771	825	327	245	
190	267	432	227	242	114	763	476	235	404	680	348	458	901	53	410	183	898	118	203	430	0	820	708	320	592	275	485	354	440	911	360	588	74	714	438	376	349	6	116	733	836	679	499	489	152	801	728	706	570	611	885	63	823	165	359	2	740	110	417	361	460	313	1	509	192	352	137	779	550	305	201	761	694	288	323	27	417	414	903	287	362	633	976	958	137	116	295	212	6	640	119	401	955	650	984	177	741	55	240	97	852	366	663	291	385	389	929	44	456	311	705	404	478	220	300	693	268	465	868	
819	617	261	275	516	408	913	596	496	994	449	534	191	138	752	218	677	586	530	627	879	820	0	695	421	961	191	28	300	756	7	232	994	824	243	571	119	789	501	514	990	5	525	266	814	980	398	599	853	220	344	140	168	548	958	627	809	98	985	376	744	774	597	513	318	50	553	97	158	415	549	661	308	161	71	238	978	221	775	80	984	105	740	219	660	14	814	224	715	2	837	934	711	393	577	133	570	357	100	690	881	163	702	165	164	271	743	928	541	611	762	329	855	348	640	505	745	822	282	206	
789	627	566	765	489	880	378	343	627	515	670	353	564	564	3	995	28	397	282	329	842	708	695	0	243	90	763	78	32	844	677	940	397	761	955	720	73	33	224	730	173	681	166	888	38	805	816	561	241	44	876	928	830	708	507	724	288	168	228	71	644	207	688	54	936	207	710	441	998	801	442	796	744	431	410	21	878	3	298	263	943	986	728	766	196	257	770	739	235	974	678	530	426	571	698	27	650	102	870	926	255	788	518	3	5	488	300	656	109	718	94	124	784	429	460	724	531	828	877	411	
575	182	13	951	346	920	17	115	526	263	650	366	777	701	71	475	744	561	338	164	577	320	421	243	0	491	940	10	888	131	102	931	219	724	15	921	671	853	929	979	566	643	980	341	169	954	5	462	336	613	253	784	554	930	93	774	404	25	192	873	767	151	283	907	421	134	440	336	756	439	633	649	367	371	731	483	360	510	768	488	363	765	570	397	663	130	269	467	118	525	484	57	376	53	599	514	698	647	35	267	148	606	691	953	556	156	262	432	613	280	384	326	868	905	117	673	813	274	651	798	
270	250	10	805	206	948	505	884	167	937	698	124	7	654	822	505	805	947	643	398	90	592	961	90	491	0	224	6	800	108	42	45	156	472	850	56	152	315	937	50	367	681	789	527	251	803	200	409	844	727	20	952	861	973	650	378	311	206	596	205	50	785	215	976	65	566	181	872	605	830	793	642	309	154	460	731	541	963	976	216	452	810	260	852	162	106	175	404	634	195	376	185	540	528	693	102	286	178	498	704	604	614	277	358	406	828	696	577	201	730	222	894	521	457	458	34	77	95	508	646	
55	605	28	314	499	462	610	858	52	623	682	309	93	246	515	429	230	152	699	716	945	275	191	763	940	224	0	851	636	677	499	37	528	165	318	20	525	43	879	285	377	837	887	161	224	360	897	161	135	266	43	209	987	62	492	357	179	889	344	666	467	114	722	238	659	671	161	82	424	862	518	710	889	504	21	318	692	821	10	116	890	860	670	455	944	186	242	146	48	141	147	399	687	577	223	230	240	139	111	832	521	972	533	641	293	432	191	238	418	183	565	619	459	340	888	504	544	980	323	285	
936	504	584	195	497	397	258	731	871	54	448	732	257	548	244	888	245	44	744	654	198	485	28	78	10	6	851	0	837	513	807	915	200	384	625	565	343	80	215	407	762	125	323	534	716	659	774	288	952	54	929	685	986	929	520	686	299	797	32	77	201	837	19	621	671	897	345	491	488	663	1	22	994	40	848	467	40	346	18	916	144	9	31	258	367	204	263	568	554	798	689	450	942	833	583	238	898	210	287	881	875	641	334	437	360	15	558	522	288	469	810	115	441	898	822	442	410	861	684	103	
651	838	359	415	674	624	276	982	739	514	907	672	879	277	770	406	916	735	211	284	366	354	300	32	888	800	636	837	0	19	804	405	796	843	37	245	796	746	387	914	838	456	652	790	725	70	240	690	634	4	195	446	420	658	767	743	574	907	484	528	249	703	682	548	436	440	409	619	106	911	998	947	627	632	920	280	501	467	948	279	972	644	510	863	215	373	473	794	845	99	473	947	280	750	798	511	81	645	260	961	53	458	113	897	438	249	863	893	461	959	107	75	630	416	516	941	892	601	536	230	
52	256	36	748	287	122	248	304	757	542	73	497	800	348	318	723	390	595	827	480	669	440	756	844	131	108	677	513	19	0	680	976	651	964	780	833	954	478	444	658	255	936	839	745	542	533	394	372	407	124	309	786	188	158	99	976	206	127	924	350	283	331	661	443	196	11	875	990	524	656	92	127	946	383	207	502	827	646	540	50	209	342	830	252	633	865	328	428	692	814	326	996	244	170	302	389	866	929	7	95	781	742	825	613	469	479	677	519	248	285	622	241	205	858	887	565	384	788	199	861	
431	748	663	334	520	150	971	289	611	176	211	52	459	947	424	7	369	192	84	854	945	911	7	677	102	42	499	807	804	680	0	670	569	659	283	217	539	811	916	846	966	928	850	340	223	603	426	616	880	618	422	359	825	543	427	219	321	121	693	890	542	751	273	723	65	562	251	739	93	554	810	367	473	164	561	483	148	315	327	530	577	173	433	911	364	903	999	731	323	483	972	567	72	720	185	557	382	219	541	546	673	365	606	87	979	93	363	760	517	776	829	708	971	566	378	695	787	462	100	804	
742	340	116	768	334	477	784	819	402	962	260	482	251	186	337	831	804	794	364	579	282	360	232	940	931	45	37	915	405	976	670	0	95	469	106	103	273	771	566	762	7	126	391	182	679	931	519	12	188	98	456	460	425	498	818	534	869	565	144	936	8	445	20	624	510	887	560	386	602	727	294	979	68	556	570	622	302	477	751	503	139	412	639	375	920	154	472	512	488	715	451	666	963	700	102	493	847	858	700	575	770	108	539	808	102	860	519	652	222	546	949	808	584	42	314	33	148	343	645	730	
870	677	240	167	803	429	72	305	501	386	904	417	388	727	847	368	181	582	477	601	77	588	994	397	219	156	528	200	796	651	569	95	0	684	175	851	117	379	305	834	836	259	813	727	335	282	899	380	128	285	702	204	718	680	450	209	527	380	76	944	698	738	129	411	700	952	346	32	24	705	502	920	428	841	192	370	298	666	939	344	13	432	291	195	77	172	126	379	612	559	610	825	369	813	969	289	981	428	707	442	861	717	458	816	703	794	820	491	832	705	300	713	581	536	610	890	720	681	972	219	
680	760	34	561	485	192	165	686	580	449	434	106	633	953	353	923	130	282	495	656	929	74	824	761	724	472	165	384	843	964	659	469	684	0	438	792	589	389	319	587	246	782	558	961	586	433	834	446	270	122	907	262	992	556	577	975	215	446	377	229	491	291	73	288	783	241	199	624	500	829	20	764	808	76	999	199	783	653	192	948	728	958	177	492	852	788	140	542	610	487	297	246	311	460	598	24	812	869	973	542	144	239	984	537	895	106	760	501	715	350	614	536	787	892	305	141	857	851	634	795	
680	834	600	998	611	955	747	438	902	525	97	843	93	483	296	321	580	686	816	147	698	714	243	955	15	850	318	625	37	780	283	106	175	438	0	344	228	820	35	989	831	33	250	245	47	424	907	96	244	923	194	212	488	648	636	341	837	286	314	324	172	131	40	6	400	907	617	430	277	316	917	757	899	776	814	425	400	642	719	12	604	820	742	622	54	593	707	397	560	662	409	917	566	919	894	75	229	543	910	814	458	807	852	392	224	35	355	392	998	298	153	92	144	629	213	686	852	409	299	468	
999	991	471	574	805	328	14	44	886	942	667	833	955	599	926	393	64	417	338	182	839	438	571	720	921	56	20	565	245	833	217	103	851	792	344	0	496	936	206	69	219	516	46	456	961	398	602	671	275	134	975	748	734	988	537	347	666	415	257	617	518	572	201	355	379	497	564	145	990	498	649	444	329	659	785	782	52	295	414	265	216	257	759	460	957	778	281	185	373	674	257	874	984	306	783	277	881	145	365	637	984	781	401	403	242	436	270	764	790	28	322	397	753	792	155	469	717	356	67	498	
962	214	216	30	250	764	724	903	525	908	561	425	835	194	306	469	258	715	966	818	24	376	119	73	671	152	525	343	796	954	539	273	117	589	228	496	0	373	339	478	999	92	62	834	332	751	760	439	622	952	184	454	1	516	287	534	963	295	427	325	954	271	938	452	33	206	339	326	503	604	562	963	673	300	274	248	257	901	336	161	166	269	381	521	686	465	76	17	409	520	293	215	289	672	249	113	719	680	151	355	415	913	846	86	582	591	340	945	483	692	287	83	340	606	474	642	371	80	482	870	
824	119	404	571	204	307	413	729	897	973	218	376	912	247	635	15	185	835	847	833	567	349	789	33	853	315	43	80	746	478	811	771	379	389	820	936	373	0	521	783	929	274	216	6	467	780	871	228	415	170	842	203	585	167	801	549	933	334	674	162	846	863	297	5	376	344	359	568	306	814	952	701	609	572	945	71	849	658	914	536	261	42	553	756	753	399	407	125	229	151	351	105	133	99	964	33	199	948	186	587	236	744	208	258	875	741	844	885	611	437	583	661	551	571	779	603	215	613	26	569	
606	489	717	60	591	863	755	971	585	145	537	853	577	716	463	932	60	677	915	896	560	6	501	224	929	937	879	215	387	444	916	566	305	319	35	206	339	521	0	604	387	265	223	388	495	581	394	327	261	244	776	80	965	568	735	240	598	511	142	784	141	390	420	654	614	680	992	491	587	129	960	474	523	96	510	202	468	236	856	343	420	694	991	230	420	160	546	720	590	708	292	522	505	928	763	442	747	576	851	380	198	197	514	454	598	149	565	824	770	26	555	873	48	319	1000	734	462	353	173	67	
461	12	578	610	483	442	593	686	637	532	182	294	975	233	624	280	457	516	81	818	685	116	514	730	979	50	285	407	914	658	846	762	834	587	989	69	478	783	604	0	119	586	694	863	370	332	244	755	641	484	860	108	504	789	975	201	677	727	812	318	328	590	923	507	26	832	91	991	83	130	159	305	606	298	228	200	984	514	710	169	225	347	611	17	433	9	456	803	847	758	282	404	478	417	992	574	562	640	1000	754	682	251	647	889	37	851	917	45	233	771	376	299	146	270	216	804	321	41	667	388	
616	178	990	524	911	25	812	959	542	718	967	309	304	656	779	370	696	611	650	715	652	733	990	173	566	367	377	762	838	255	966	7	836	246	831	219	999	929	387	119	0	685	402	529	386	662	538	395	138	583	79	375	663	763	20	383	85	884	485	307	797	416	102	756	426	149	52	931	285	679	846	617	52	327	212	320	456	29	761	826	70	578	413	153	478	311	822	710	587	179	601	621	674	235	891	497	406	234	189	532	395	123	463	914	162	164	435	335	693	838	974	814	372	58	835	644	542	878	585	500	
838	624	29	393	140	548	663	289	559	707	365	907	524	171	933	327	210	54	386	586	53	836	5	681	643	681	837	125	456	936	928	126	259	782	33	516	92	274	265	586	685	0	131	440	293	531	314	35	531	543	527	120	569	476	192	214	940	767	287	381	480	7	994	519	378	256	154	256	232	217	89	960	779	761	423	750	51	462	174	799	260	206	349	855	313	433	314	848	174	214	268	417	450	982	911	608	948	110	425	267	884	849	5	459	190	565	670	907	827	284	134	920	561	94	167	513	396	293	58	400	
793	596	362	281	310	157	803	749	938	409	324	440	473	851	710	864	642	383	261	765	787	679	525	166	980	789	887	323	652	839	850	391	813	558	250	46	62	216	223	694	402	131	0	372	129	910	737	377	357	348	586	972	170	233	604	536	570	227	386	913	352	815	271	732	782	890	429	295	951	246	419	794	622	608	583	750	214	296	596	989	908	97	573	819	826	361	411	91	326	347	923	357	90	539	996	342	28	793	767	568	49	891	392	876	278	196	516	373	775	473	739	175	164	765	560	632	304	99	15	149	
121	97	597	8	443	792	809	875	553	161	581	723	329	611	153	602	511	187	312	391	328	499	266	888	341	527	161	534	790	745	340	182	727	961	245	456	834	6	388	863	529	440	372	0	507	76	894	704	115	26	487	625	239	13	781	563	796	371	109	937	491	709	728	848	411	992	238	982	99	153	484	635	659	701	72	239	259	712	301	220	131	428	875	478	149	908	192	776	432	929	437	737	479	925	922	559	626	910	116	922	906	341	616	596	778	928	728	816	637	973	245	713	371	936	149	260	408	887	128	248	
399	232	363	23	340	807	763	937	126	657	600	37	969	870	275	249	67	328	37	280	902	489	814	38	169	251	224	716	725	542	223	679	335	586	47	961	332	467	495	370	386	293	129	507	0	726	76	566	428	977	202	907	507	683	251	725	436	226	369	941	60	383	276	452	728	217	396	9	301	433	176	24	723	646	246	124	330	116	827	944	859	97	21	899	162	984	775	674	123	914	325	315	419	561	745	671	823	486	405	278	883	750	578	234	84	713	936	125	150	572	399	276	806	703	750	521	383	528	514	363	
110	794	834	281	771	844	461	75	519	548	749	170	64	282	932	706	722	729	814	500	767	152	980	805	954	803	360	659	70	533	603	931	282	433	424	398	751	780	581	332	662	531	910	76	726	0	511	809	953	465	607	696	302	367	574	918	544	847	968	587	7	307	718	136	959	178	685	660	280	58	971	875	340	805	263	75	3	679	593	433	812	63	338	772	189	84	149	432	476	218	541	39	599	796	929	962	737	276	454	14	694	577	988	909	169	657	516	57	443	303	752	521	655	654	403	141	380	551	642	164	
273	356	801	247	838	53	381	757	503	367	573	835	895	944	226	882	909	636	559	27	244	801	398	816	5	200	897	774	240	394	426	519	899	834	907	602	760	871	394	244	538	314	737	894	76	511	0	683	231	971	569	993	509	949	617	47	50	753	168	600	610	184	781	659	922	861	203	610	939	836	25	282	422	906	916	588	360	847	235	603	903	634	171	31	509	707	580	17	5	959	420	464	956	47	683	891	19	98	71	248	314	317	113	917	494	496	879	261	54	483	675	725	426	216	972	823	957	59	475	894	
996	852	705	886	831	793	721	132	350	761	237	559	406	163	718	80	217	822	582	27	789	728	599	561	462	409	161	288	690	372	616	12	380	446	96	671	439	228	327	755	395	35	377	704	566	809	683	0	821	759	433	484	744	994	559	65	610	804	54	69	180	900	401	599	335	132	343	582	505	662	269	425	95	719	395	986	964	251	142	816	817	849	703	365	286	368	33	733	927	634	144	56	546	216	489	26	352	551	220	241	843	961	17	430	615	454	2	104	435	533	173	269	954	310	94	11	757	978	410	566	
912	635	343	391	356	176	621	919	238	135	919	416	188	403	69	753	327	961	980	843	862	706	853	241	336	844	135	952	634	407	880	188	128	270	244	275	622	415	261	641	138	531	357	115	428	953	231	821	0	379	557	934	162	748	58	657	244	594	567	23	196	449	883	832	126	865	278	416	265	66	240	840	862	599	693	230	133	53	790	280	125	550	315	78	611	73	144	937	654	749	310	94	840	734	860	376	479	830	822	557	60	808	244	863	323	529	166	407	877	96	166	613	555	127	734	66	827	370	125	273	
383	120	532	753	159	720	102	931	481	234	838	74	316	624	418	11	657	51	281	651	613	570	220	44	613	727	266	54	4	124	618	98	285	122	923	134	952	170	244	484	583	543	348	26	977	465	971	759	379	0	312	144	684	843	605	664	485	531	578	438	334	481	514	637	506	947	732	159	905	449	657	595	698	663	885	743	414	216	506	742	342	361	857	515	439	45	890	695	813	87	631	488	70	308	227	554	449	10	56	778	935	780	626	289	136	600	502	365	801	986	80	622	69	578	51	8	337	539	601	308	
656	835	284	362	584	491	903	83	758	160	459	857	662	235	636	336	401	181	131	878	795	611	344	876	253	20	43	929	195	309	422	456	702	907	194	975	184	842	776	860	79	527	586	487	202	607	569	433	557	312	0	60	126	965	188	367	759	999	119	962	421	849	849	287	192	440	167	162	806	445	674	121	591	252	626	505	282	540	172	217	767	376	775	603	870	30	619	104	616	598	843	555	765	853	13	609	237	723	16	152	883	801	453	141	383	391	233	10	283	557	898	464	232	592	391	281	761	392	573	938	
367	1000	362	620	589	538	881	1000	663	543	354	725	429	749	871	56	576	58	414	753	614	885	140	928	784	952	209	685	446	786	359	460	204	262	212	748	454	203	80	108	375	120	972	625	907	696	993	484	934	144	60	0	32	600	567	438	72	325	246	790	140	602	106	104	414	851	663	942	546	441	876	641	603	990	552	773	38	129	709	862	758	740	409	139	224	12	387	515	592	481	699	565	419	711	805	788	663	691	904	451	95	546	546	381	716	79	606	920	121	371	72	507	965	346	200	757	470	115	422	616	
56	60	10	485	985	311	294	558	100	641	188	998	633	525	768	914	911	443	68	238	130	63	168	830	554	861	987	986	420	188	825	425	718	992	488	734	1	585	965	504	663	569	170	239	507	302	509	744	162	684	126	32	0	556	584	701	215	659	416	434	827	110	305	183	836	112	353	259	910	844	647	173	922	785	134	313	607	470	370	122	616	188	157	584	735	643	324	683	562	581	54	105	310	219	797	613	345	44	480	521	69	357	943	309	641	862	577	592	178	345	627	525	618	856	658	506	559	215	971	254	
119	377	215	284	153	166	632	343	642	112	511	810	294	158	56	594	411	785	639	361	794	823	548	708	930	973	62	929	658	158	543	498	680	556	648	988	516	167	568	789	763	476	233	13	683	367	949	994	748	843	965	600	556	0	744	200	1000	953	252	366	622	17	539	404	813	930	856	910	800	405	24	552	989	788	468	574	982	172	749	20	874	916	705	383	150	429	440	131	832	675	61	447	357	324	57	70	977	270	506	303	399	797	252	655	2	341	118	661	724	693	1	358	28	493	716	475	909	561	411	592	
574	583	842	393	227	225	655	127	699	578	386	78	382	861	298	175	302	425	665	691	535	165	958	507	93	650	492	520	767	99	427	818	450	577	636	537	287	801	735	975	20	192	604	781	251	574	617	559	58	605	188	567	584	744	0	860	455	913	38	698	637	12	683	332	422	640	88	351	231	359	35	680	948	231	790	491	361	444	312	617	14	296	963	112	250	192	94	206	731	305	931	997	933	667	323	974	754	812	497	311	784	688	156	822	97	304	825	739	391	464	225	105	206	381	375	742	895	167	516	652	
311	705	629	473	548	346	715	495	446	252	881	832	838	414	798	319	877	714	227	465	698	359	627	724	774	378	357	686	743	976	219	534	209	975	341	347	534	549	240	201	383	214	536	563	725	918	47	65	657	664	367	438	701	200	860	0	506	732	366	654	595	294	831	502	657	269	514	358	251	359	779	38	531	527	151	886	104	220	273	228	126	532	615	440	609	961	340	254	34	618	800	724	185	941	413	21	547	188	803	157	294	805	566	830	251	790	830	626	995	185	160	922	318	772	107	430	143	813	341	342	
509	99	94	447	17	220	263	757	463	796	456	679	25	273	589	975	54	967	75	432	38	2	809	288	404	311	179	299	574	206	321	869	527	215	837	666	963	933	598	677	85	940	570	796	436	544	50	610	244	485	759	72	215	1000	455	506	0	364	780	439	617	596	273	342	603	634	671	476	260	985	769	711	279	816	141	143	80	433	678	494	162	117	286	955	56	122	739	895	674	31	497	636	395	206	961	259	56	147	753	165	35	269	539	4	665	811	786	587	720	961	259	179	126	651	185	247	782	577	299	746	
404	705	955	799	654	200	557	373	958	111	851	4	780	324	380	173	741	620	788	135	693	740	98	168	25	206	889	797	907	127	121	565	380	446	286	415	295	334	511	727	884	767	227	371	226	847	753	804	594	531	999	325	659	953	913	732	364	0	820	131	977	728	939	727	989	99	460	41	391	879	810	34	484	607	772	308	935	337	138	996	104	951	260	1	277	984	960	717	366	167	546	250	821	570	16	278	190	165	862	362	707	912	192	503	515	743	119	170	884	320	510	898	630	682	213	879	298	452	757	853	
731	193	961	260	772	486	898	802	654	163	727	703	185	987	359	927	724	871	607	955	160	110	985	228	192	596	344	32	484	924	693	144	76	377	314	257	427	674	142	812	485	287	386	109	369	968	168	54	567	578	119	246	416	252	38	366	780	820	0	891	332	357	530	92	625	284	388	402	595	584	646	52	241	214	381	552	931	499	286	695	146	667	362	868	4	209	412	913	85	766	474	371	178	796	371	550	647	981	761	12	356	144	454	170	291	725	707	900	597	368	335	290	174	563	29	626	454	367	825	713	
443	316	173	82	86	848	931	390	32	132	849	397	742	396	460	267	776	424	848	112	409	417	376	71	873	205	666	77	528	350	890	936	944	229	324	617	325	162	784	318	307	381	913	937	941	587	600	69	23	438	962	790	434	366	698	654	439	131	891	0	297	931	244	308	545	73	430	348	835	468	436	249	480	335	602	966	468	226	162	869	460	526	486	52	443	732	178	489	630	848	830	450	722	780	394	592	802	738	690	565	69	993	165	123	366	685	233	575	630	112	137	318	72	437	466	62	443	599	962	424	
372	336	603	111	473	873	386	294	394	357	331	410	735	297	676	196	44	964	758	625	179	361	744	644	767	50	467	201	249	283	542	8	698	491	172	518	954	846	141	328	797	480	352	491	60	7	610	180	196	334	421	140	827	622	637	595	617	977	332	297	0	430	85	929	573	206	496	637	583	451	240	321	745	212	924	805	721	248	457	444	525	80	822	361	948	353	605	492	559	645	707	476	103	652	172	885	225	279	617	788	23	830	67	120	592	346	213	388	908	653	653	426	40	873	451	506	473	287	501	803	
729	576	754	196	472	938	500	864	207	346	913	573	149	704	264	416	791	507	708	997	91	460	774	207	151	785	114	837	703	331	751	445	738	291	131	572	271	863	390	590	416	7	815	709	383	307	184	900	449	481	849	602	110	17	12	294	596	728	357	931	430	0	175	969	722	689	351	626	245	248	478	988	29	72	666	801	211	305	971	230	699	817	859	14	543	324	273	747	752	347	684	690	334	968	310	319	890	441	463	46	714	827	28	525	45	352	576	134	864	956	977	145	112	173	830	289	368	377	536	885	
280	719	908	158	258	150	782	741	603	638	219	934	652	494	711	932	670	813	313	552	514	313	597	688	283	215	722	19	682	661	273	20	129	73	40	201	938	297	420	923	102	994	271	728	276	718	781	401	883	514	849	106	305	539	683	831	273	939	530	244	85	175	0	757	605	686	978	816	507	453	47	884	515	351	210	417	221	340	833	257	669	359	892	257	873	99	281	762	407	85	39	104	778	603	223	690	871	125	399	163	267	91	954	192	335	704	941	468	287	733	306	681	703	937	738	823	647	752	279	81	
521	107	461	31	617	522	954	899	104	249	586	561	576	284	128	609	507	812	723	58	590	1	513	54	907	976	238	621	548	443	723	624	411	288	6	355	452	5	654	507	756	519	732	848	452	136	659	599	832	637	287	104	183	404	332	502	342	727	92	308	929	969	757	0	648	737	192	998	47	412	377	358	378	195	266	327	585	105	54	190	967	521	199	713	904	992	551	220	237	77	170	498	126	280	299	391	664	673	205	268	959	58	179	459	765	400	257	227	588	301	580	374	344	346	7	737	513	828	624	827	
362	726	507	598	202	851	155	786	285	491	601	248	93	315	579	114	443	823	802	640	381	509	318	936	421	65	659	671	436	196	65	510	700	783	400	379	33	376	614	26	426	378	782	411	728	959	922	335	126	506	192	414	836	813	422	657	603	989	625	545	573	722	605	648	0	768	20	51	490	951	723	414	363	94	861	436	864	547	870	677	503	849	322	117	288	429	185	980	591	349	36	759	395	505	113	798	878	663	621	5	207	786	50	910	788	754	46	774	243	402	798	367	195	318	555	191	974	515	957	919	
21	225	708	102	396	287	385	255	814	940	576	177	289	285	747	266	913	797	529	524	788	192	50	207	134	566	671	897	440	11	562	887	952	241	907	497	206	344	680	832	149	256	890	992	217	178	861	132	865	947	440	851	112	930	640	269	634	99	284	73	206	689	686	737	768	0	578	500	757	142	513	601	183	95	101	163	48	328	328	318	156	60	579	870	51	708	365	837	28	497	287	731	771	654	645	47	440	739	191	421	224	444	881	313	767	916	808	451	709	76	502	492	865	585	768	767	244	861	158	491	
959	711	637	861	311	141	34	351	534	327	335	654	224	702	965	785	804	304	313	728	947	352	553	710	440	181	161	345	409	875	251	560	346	199	617	564	339	359	992	91	52	154	429	238	396	685	203	343	278	732	167	663	353	856	88	514	671	460	388	430	496	351	978	192	20	578	0	368	228	954	592	720	513	5	248	689	538	870	449	690	786	100	104	56	717	503	584	629	209	649	275	162	420	971	488	538	848	821	261	89	934	190	815	396	378	421	600	155	323	711	24	261	886	202	767	402	331	737	257	375	
729	432	433	38	33	863	188	91	795	115	551	261	557	843	273	442	902	212	43	397	646	137	97	441	336	872	82	491	619	990	739	386	32	624	430	145	326	568	491	991	931	256	295	982	9	660	610	582	416	159	162	942	259	910	351	358	476	41	402	348	637	626	816	998	51	500	368	0	984	889	196	494	948	227	406	924	959	756	531	391	744	409	877	175	152	303	604	515	389	625	761	48	297	723	349	86	108	951	111	292	487	382	270	469	539	930	76	938	777	401	12	402	699	844	509	903	874	25	558	75	
465	562	8	323	971	995	386	546	496	212	659	514	99	143	521	713	523	135	600	528	346	779	158	998	756	605	424	488	106	524	93	602	24	500	277	990	503	306	587	83	285	232	951	99	301	280	939	505	265	905	806	546	910	800	231	251	260	391	595	835	583	245	507	47	490	757	228	984	0	642	717	381	11	403	470	923	83	850	705	122	34	407	255	538	624	472	286	224	661	486	397	672	411	589	847	773	814	650	700	550	835	41	140	315	351	653	221	352	761	35	679	209	107	265	374	64	189	546	928	914	
802	134	568	559	93	24	455	511	178	401	831	25	215	768	461	282	697	89	350	314	725	550	415	801	439	830	862	663	911	656	554	727	705	829	316	498	604	814	129	130	679	217	246	153	433	58	836	662	66	449	445	441	844	405	359	359	985	879	584	468	451	248	453	412	951	142	954	889	642	0	715	565	656	736	937	656	194	909	379	415	479	619	257	690	699	100	883	861	486	989	489	129	672	165	23	947	105	471	559	243	72	155	575	400	825	452	356	51	708	30	687	937	948	134	663	445	557	679	199	445	
828	245	283	984	721	999	538	581	982	793	698	764	1	368	464	104	245	893	721	640	743	305	549	442	633	793	518	1	998	92	810	294	502	20	917	649	562	952	960	159	846	89	419	484	176	971	25	269	240	657	674	876	647	24	35	779	769	810	646	436	240	478	47	377	723	513	592	196	717	715	0	282	746	722	579	838	725	604	871	785	103	51	26	589	363	718	902	522	859	44	981	870	656	297	584	729	255	140	842	993	405	204	347	129	22	684	512	215	194	756	51	558	866	451	271	937	57	474	352	401	
127	351	749	117	160	407	896	754	573	317	785	495	888	673	222	260	172	941	776	504	296	201	661	796	649	642	710	22	947	127	367	979	920	764	757	444	963	701	474	305	617	960	794	635	24	875	282	425	840	595	121	641	173	552	680	38	711	34	52	249	321	988	884	358	414	601	720	494	381	565	282	0	254	2	264	513	250	153	556	879	861	401	169	406	269	881	881	514	10	456	274	196	587	159	641	463	685	934	106	690	934	946	860	551	725	694	771	586	76	975	885	30	624	852	626	317	137	454	725	663	
502	40	554	992	431	925	823	931	505	762	314	911	180	633	8	686	778	278	467	486	232	761	308	744	367	309	889	994	627	946	473	68	428	808	899	329	673	609	523	606	52	779	622	659	723	340	422	95	862	698	591	603	922	989	948	531	279	484	241	480	745	29	515	378	363	183	513	948	11	656	746	254	0	693	349	424	293	329	803	319	118	979	373	644	545	98	782	603	868	383	742	518	932	416	28	436	478	9	63	165	598	582	764	89	606	544	835	970	138	180	226	367	337	722	566	371	86	523	479	125	
285	682	564	599	465	871	181	154	999	146	109	798	246	239	141	818	420	34	450	981	79	694	161	431	371	154	504	40	632	383	164	556	841	76	776	659	300	572	96	298	327	761	608	701	646	805	906	719	599	663	252	990	785	788	231	527	816	607	214	335	212	72	351	195	94	95	5	227	403	736	722	2	693	0	911	828	468	505	742	347	887	671	559	736	298	186	241	286	658	548	272	594	314	904	714	843	811	432	441	378	243	832	712	596	540	267	586	221	119	948	791	664	440	119	576	316	516	770	893	337	
420	215	943	352	897	209	94	69	105	357	487	623	62	389	555	309	76	920	78	843	481	288	71	410	731	460	21	848	920	207	561	570	192	999	814	785	274	945	510	228	212	423	583	72	246	263	916	395	693	885	626	552	134	468	790	151	141	772	381	602	924	666	210	266	861	101	248	406	470	937	579	264	349	911	0	600	510	397	596	883	666	662	431	951	458	718	740	292	715	17	107	550	3	923	746	104	279	512	29	120	677	338	982	837	515	20	694	294	215	685	629	29	912	206	159	117	989	495	88	831	
806	152	315	314	849	689	272	731	857	998	428	227	435	91	508	430	262	440	682	884	637	323	238	21	483	731	318	467	280	502	483	622	370	199	425	782	248	71	202	200	320	750	750	239	124	75	588	986	230	743	505	773	313	574	491	886	143	308	552	966	805	801	417	327	436	163	689	924	923	656	838	513	424	828	600	0	693	639	257	635	606	531	74	525	610	457	746	670	303	157	830	309	934	972	30	293	503	343	262	705	746	690	420	93	169	70	957	374	420	107	349	773	949	986	438	184	38	298	528	378	
329	920	485	246	161	760	261	674	440	575	825	243	393	920	778	221	344	325	651	310	958	27	978	878	360	541	692	40	501	827	148	302	298	783	400	52	257	849	468	984	456	51	214	259	330	3	360	964	133	414	282	38	607	982	361	104	80	935	931	468	721	211	221	585	864	48	538	959	83	194	725	250	293	468	510	693	0	791	313	139	909	756	222	353	924	278	317	623	21	489	578	13	903	206	705	444	361	234	605	399	412	735	600	326	273	873	523	495	613	763	822	517	76	691	594	846	596	812	285	327	
377	15	518	958	618	657	894	79	425	461	156	819	37	675	412	51	90	605	758	556	925	417	221	3	510	963	821	346	467	646	315	477	666	653	642	295	901	658	236	514	29	462	296	712	116	679	847	251	53	216	540	129	470	172	444	220	433	337	499	226	248	305	340	105	547	328	870	756	850	909	604	153	329	505	397	639	791	0	556	675	454	379	724	140	937	132	158	685	365	993	614	267	420	16	447	876	811	406	518	213	739	829	106	669	799	333	260	905	432	15	275	825	21	829	971	379	38	166	831	543	
933	831	188	121	867	493	309	109	296	654	818	610	626	837	84	108	683	315	359	819	141	414	775	298	768	976	10	18	948	540	327	751	939	192	719	414	336	914	856	710	761	174	596	301	827	593	235	142	790	506	172	709	370	749	312	273	678	138	286	162	457	971	833	54	870	328	449	531	705	379	871	556	803	742	596	257	313	556	0	810	193	221	683	768	279	754	24	891	430	549	196	554	963	64	297	671	48	644	493	677	886	76	604	104	388	373	396	16	945	140	23	414	935	920	414	162	441	706	507	148	
979	341	39	21	329	381	939	745	214	798	117	209	822	856	193	883	606	433	340	393	666	903	80	263	488	216	116	916	279	50	530	503	344	948	12	265	161	536	343	169	826	799	989	220	944	433	603	816	280	742	217	862	122	20	617	228	494	996	695	869	444	230	257	190	677	318	690	391	122	415	785	879	319	347	883	635	139	675	810	0	606	243	832	25	830	637	398	624	628	92	345	678	861	550	962	879	880	736	493	382	894	699	93	303	260	408	796	395	319	744	967	83	151	375	376	417	367	441	782	963	
405	55	858	135	165	143	986	248	529	71	932	541	666	238	550	961	667	511	7	934	501	287	984	943	363	452	890	144	972	209	577	139	13	728	604	216	166	261	420	225	70	260	908	131	859	812	903	817	125	342	767	758	616	874	14	126	162	104	146	460	525	699	669	967	503	156	786	744	34	479	103	861	118	887	666	606	909	454	193	606	0	587	957	59	593	187	753	765	410	144	646	575	385	461	662	864	726	152	692	693	994	56	467	26	323	920	873	382	729	765	556	936	648	845	134	533	319	369	829	860	
641	706	276	643	136	418	206	828	825	437	643	222	278	207	703	433	15	285	146	299	347	362	105	986	765	810	860	9	644	342	173	412	432	958	820	257	269	42	694	347	578	206	97	428	97	63	634	849	550	361	376	740	188	916	296	532	117	951	667	526	80	817	359	521	849	60	100	409	407	619	51	401	979	671	662	531	756	379	221	243	587	0	344	821	767	379	10	349	500	738	283	2	860	336	225	749	403	990	307	410	369	769	931	545	455	100	919	730	135	565	256	399	459	774	987	494	305	703	975	822	
494	120	126	459	200	681	734	538	541	275	580	559	842	580	528	616	781	305	791	383	476	633	740	728	570	260	670	31	510	830	433	639	291	177	742	759	381	553	991	611	413	349	573	875	21	338	171	703	315	857	775	409	157	705	963	615	286	260	362	486	822	859	892	199	322	579	104	877	255	257	26	169	373	559	431	74	222	724	683	832	957	344	0	222	258	461	306	776	560	854	821	544	146	666	525	880	985	493	178	73	194	207	209	713	253	540	828	179	557	993	388	246	717	40	402	923	720	566	738	617	
392	537	325	600	591	147	455	214	216	359	276	121	674	583	862	26	159	572	826	564	956	976	219	766	397	852	455	258	863	252	911	375	195	492	622	460	521	756	230	17	153	855	819	478	899	772	31	365	78	515	603	139	584	383	112	440	955	1	868	52	361	14	257	713	117	870	56	175	538	690	589	406	644	736	951	525	353	140	768	25	59	821	222	0	954	619	953	43	229	81	576	429	383	160	697	507	354	762	658	467	523	507	464	451	400	371	134	190	420	631	94	931	100	92	143	638	551	526	80	444	
192	392	157	957	593	824	269	471	154	102	715	960	289	714	594	129	294	682	238	59	120	958	660	196	663	162	944	367	215	633	364	920	77	852	54	957	686	753	420	433	478	313	826	149	162	189	509	286	611	439	870	224	735	150	250	609	56	277	4	443	948	543	873	904	288	51	717	152	624	699	363	269	545	298	458	610	924	937	279	830	593	767	258	954	0	961	656	748	121	609	876	926	548	164	22	558	773	905	300	677	741	247	17	773	743	875	210	5	734	127	584	940	872	143	320	467	521	973	847	632	
246	323	305	157	133	830	737	922	855	965	116	975	920	689	417	953	655	497	29	661	973	137	14	257	130	106	186	204	373	865	903	154	172	788	593	778	465	399	160	9	311	433	361	908	984	84	707	368	73	45	30	12	643	429	192	961	122	984	209	732	353	324	99	992	429	708	503	303	472	100	718	881	98	186	718	457	278	132	754	637	187	379	461	619	961	0	834	912	857	176	380	960	940	869	88	758	32	552	368	722	947	681	59	748	514	957	517	207	242	791	893	890	712	330	980	417	925	229	531	372	
209	604	580	765	824	74	552	522	282	724	573	422	321	444	893	582	633	228	319	54	887	116	814	770	269	175	242	263	473	328	999	472	126	140	707	281	76	407	546	456	822	314	411	192	775	149	580	33	144	890	619	387	324	440	94	340	739	960	412	178	605	273	281	551	185	365	584	604	286	883	902	881	782	241	740	746	317	158	24	398	753	10	306	953	656	834	0	519	552	651	991	428	886	642	274	552	972	885	969	760	713	905	302	943	798	623	965	386	160	128	17	688	444	916	357	124	946	481	902	85	
402	778	518	469	893	908	922	753	29	375	406	796	280	719	714	757	515	745	377	895	35	295	224	739	467	404	146	568	794	428	731	512	379	542	397	185	17	125	720	803	710	848	91	776	674	432	17	733	937	695	104	515	683	131	206	254	895	717	913	489	492	747	762	220	980	837	629	515	224	861	522	514	603	286	292	670	623	685	891	624	765	349	776	43	748	912	519	0	413	938	255	213	314	982	244	673	375	467	276	713	830	290	329	705	169	92	473	919	760	6	114	966	377	121	609	954	64	966	12	980	
357	564	663	938	708	283	817	830	22	186	499	333	330	82	579	901	127	105	134	939	834	212	715	235	118	634	48	554	845	692	323	488	612	610	560	373	409	229	590	847	587	174	326	432	123	476	5	927	654	813	616	592	562	832	731	34	674	366	85	630	559	752	407	237	591	28	209	389	661	486	859	10	868	658	715	303	21	365	430	628	410	500	560	229	121	857	552	413	0	680	976	433	913	32	497	526	22	689	754	683	414	631	301	293	208	502	893	556	402	103	809	839	235	187	852	438	584	271	881	280	
29	745	601	922	402	109	374	704	1	827	346	548	557	873	24	344	234	324	372	719	126	6	2	974	525	195	141	798	99	814	483	715	559	487	662	674	520	151	708	758	179	214	347	929	914	218	959	634	749	87	598	481	581	675	305	618	31	167	766	848	645	347	85	77	349	497	649	625	486	989	44	456	383	548	17	157	489	993	549	92	144	738	854	81	609	176	651	938	680	0	365	992	965	190	494	25	821	343	654	99	82	910	591	893	106	186	131	948	921	716	980	180	592	446	687	951	988	18	70	894	
718	637	360	465	748	800	739	741	924	809	954	414	40	851	895	24	612	292	352	786	464	640	837	678	484	376	147	689	473	326	972	451	610	297	409	257	293	351	292	282	601	268	923	437	325	541	420	144	310	631	843	699	54	61	931	800	497	546	474	830	707	684	39	170	36	287	275	761	397	489	981	274	742	272	107	830	578	614	196	345	646	283	821	576	876	380	991	255	976	365	0	130	648	901	318	730	868	45	221	665	447	128	581	948	429	556	31	881	600	660	220	464	907	450	88	723	489	786	312	874	
126	201	590	249	679	536	867	645	538	291	239	925	55	806	900	282	789	714	366	601	554	119	934	530	57	185	399	450	947	996	567	666	825	246	917	874	215	105	522	404	621	417	357	737	315	39	464	56	94	488	555	565	105	447	997	724	636	250	371	450	476	690	104	498	759	731	162	48	672	129	870	196	518	594	550	309	13	267	554	678	575	2	544	429	926	960	428	213	433	992	130	0	582	283	205	698	358	991	114	94	333	542	419	822	495	277	438	7	393	45	870	651	959	641	53	811	831	199	562	882	
608	696	13	887	141	349	657	978	585	601	575	342	513	268	227	570	665	645	377	131	967	401	711	426	376	540	687	942	280	244	72	963	369	311	566	984	289	133	505	478	674	450	90	479	419	599	956	546	840	70	765	419	310	357	933	185	395	821	178	722	103	334	778	126	395	771	420	297	411	672	656	587	932	314	3	934	903	420	963	861	385	860	146	383	548	940	886	314	913	965	648	582	0	422	963	164	780	738	521	46	111	16	306	627	737	591	544	59	858	205	901	391	379	400	377	337	447	287	267	208	
493	69	727	415	552	190	965	523	882	434	320	340	44	591	401	302	817	885	829	554	99	955	393	571	53	528	577	833	750	170	720	700	813	460	919	306	672	99	928	417	235	982	539	925	561	796	47	216	734	308	853	711	219	324	667	941	206	570	796	780	652	968	603	280	505	654	971	723	589	165	297	159	416	904	923	972	206	16	64	550	461	336	666	160	164	869	642	982	32	190	901	283	422	0	641	874	730	283	294	231	619	891	141	79	894	502	212	296	485	361	340	636	269	758	655	594	536	23	345	804	
42	211	599	38	260	713	326	410	728	335	831	163	186	135	55	606	85	96	774	216	253	650	577	698	599	693	223	583	798	302	185	102	969	598	894	783	249	964	763	992	891	911	996	922	745	929	683	489	860	227	13	805	797	57	323	413	961	16	371	394	172	310	223	299	113	645	488	349	847	23	584	641	28	714	746	30	705	447	297	962	662	225	525	697	22	88	274	244	497	494	318	205	963	641	0	761	305	382	672	161	932	794	635	434	802	727	499	427	206	850	947	171	464	382	469	905	614	206	443	515	
351	440	769	879	788	423	580	111	660	101	334	569	254	646	865	159	512	649	545	144	926	984	133	27	514	102	230	238	511	389	557	493	289	24	75	277	113	33	442	574	497	608	342	559	671	962	891	26	376	554	609	788	613	70	974	21	259	278	550	592	885	319	690	391	798	47	538	86	773	947	729	463	436	843	104	293	444	876	671	879	864	749	880	507	558	758	552	673	526	25	730	698	164	874	761	0	772	637	46	221	639	880	403	221	286	646	803	453	802	343	161	288	544	27	178	329	309	196	600	704	
785	622	129	641	591	678	916	590	581	229	731	285	306	799	506	585	319	948	885	794	926	177	570	650	698	286	240	898	81	866	382	847	981	812	229	881	719	199	747	562	406	948	28	626	823	737	19	352	479	449	237	663	345	977	754	547	56	190	647	802	225	890	871	664	878	440	848	108	814	105	255	685	478	811	279	503	361	811	48	880	726	403	985	354	773	32	972	375	22	821	868	358	780	730	305	772	0	529	319	639	678	935	103	668	971	228	307	314	734	870	120	679	973	199	210	966	773	114	215	22	
839	429	268	240	441	847	37	308	598	688	262	170	880	882	838	531	64	624	252	9	967	741	357	102	647	178	139	210	645	929	219	858	428	869	543	145	680	948	576	640	234	110	793	910	486	276	98	551	830	10	723	691	44	270	812	188	147	165	981	738	279	441	125	673	663	739	821	951	650	471	140	934	9	432	512	343	234	406	644	736	152	990	493	762	905	552	885	467	689	343	45	991	738	283	382	637	529	0	924	877	588	748	933	191	164	508	501	172	262	510	188	671	727	951	909	199	945	676	353	301	
903	534	244	785	532	266	458	78	181	877	118	369	575	591	81	642	999	170	721	952	278	55	100	870	35	498	111	287	260	7	541	700	707	973	910	365	151	186	851	1000	189	425	767	116	405	454	71	220	822	56	16	904	480	506	497	803	753	862	761	690	617	463	399	205	621	191	261	111	700	559	842	106	63	441	29	262	605	518	493	493	692	307	178	658	300	368	969	276	754	654	221	114	521	294	672	46	319	924	0	130	862	280	69	583	747	954	491	106	161	558	808	345	825	889	101	434	897	385	271	532	
923	571	448	921	403	108	332	64	363	569	417	730	278	525	903	673	375	16	643	197	68	240	690	926	267	704	832	881	961	95	546	575	442	542	814	637	355	587	380	754	532	267	568	922	278	14	248	241	557	778	152	451	521	303	311	157	165	362	12	565	788	46	163	268	5	421	89	292	550	243	993	690	165	378	120	705	399	213	677	382	693	410	73	467	677	722	760	713	683	99	665	94	46	231	161	221	639	877	130	0	82	786	420	167	147	25	628	911	782	95	76	437	866	64	95	591	96	636	278	568	
933	831	103	328	316	959	828	75	380	855	410	310	350	349	872	247	138	722	979	253	837	97	881	255	148	604	521	875	53	781	673	770	861	144	458	984	415	236	198	682	395	884	49	906	883	694	314	843	60	935	883	95	69	399	784	294	35	707	356	69	23	714	267	959	207	224	934	487	835	72	405	934	598	243	677	746	412	739	886	894	994	369	194	523	741	947	713	830	414	82	447	333	111	619	932	639	678	588	862	82	0	42	294	450	83	89	115	78	76	902	605	346	224	491	329	806	974	26	830	100	
879	661	731	808	663	860	329	857	749	882	133	749	840	798	551	936	460	949	462	372	400	852	163	788	606	614	972	641	458	742	365	108	717	239	807	781	913	744	197	251	123	849	891	341	750	577	317	961	808	780	801	546	357	797	688	805	269	912	144	993	830	827	91	58	786	444	190	382	41	155	204	946	582	832	338	690	735	829	76	699	56	769	207	507	247	681	905	290	631	910	128	542	16	891	794	880	935	748	280	786	42	0	110	110	712	898	961	354	363	422	904	799	659	378	618	809	587	626	825	820	
478	901	954	461	148	427	247	131	946	758	457	688	751	115	117	723	443	142	617	400	698	366	702	518	691	277	533	334	113	825	606	539	458	984	852	401	846	208	514	647	463	5	392	616	578	988	113	17	244	626	453	546	943	252	156	566	539	192	454	165	67	28	954	179	50	881	815	270	140	575	347	860	764	712	982	420	600	106	604	93	467	931	209	464	17	59	302	329	301	591	581	419	306	141	635	403	103	933	69	420	294	110	0	965	419	628	875	226	95	514	169	410	246	629	108	493	607	757	974	459	
654	553	614	795	360	14	306	413	571	781	531	258	164	188	145	310	847	203	367	351	792	663	165	3	953	358	641	437	897	613	87	808	816	537	392	403	86	258	454	889	914	459	876	596	234	909	917	430	863	289	141	381	309	655	822	830	4	503	170	123	120	525	192	459	910	313	396	469	315	400	129	551	89	596	837	93	326	669	104	303	26	545	713	451	773	748	943	705	293	893	948	822	627	79	434	221	668	191	583	167	450	110	965	0	423	551	134	570	993	669	238	598	720	199	358	550	265	675	362	293	
210	328	563	362	511	496	457	443	207	803	208	331	772	164	658	193	356	712	555	292	718	291	164	5	556	406	293	360	438	469	979	102	703	895	224	242	582	875	598	37	162	190	278	778	84	169	494	615	323	136	383	716	641	2	97	251	665	515	291	366	592	45	335	765	788	767	378	539	351	825	22	725	606	540	515	169	273	799	388	260	323	455	253	400	743	514	798	169	208	106	429	495	737	894	802	286	971	164	747	147	83	712	419	423	0	443	553	687	965	315	354	148	123	412	307	895	999	780	844	749	
130	793	571	83	493	294	692	713	975	501	678	174	856	334	767	1	478	799	284	621	9	385	271	488	156	828	432	15	249	479	93	860	794	106	35	436	591	741	149	851	164	565	196	928	713	657	496	454	529	600	391	79	862	341	304	790	811	743	725	685	346	352	704	400	754	916	421	930	653	452	684	694	544	267	20	70	873	333	373	408	920	100	540	371	875	957	623	92	502	186	556	277	591	502	727	646	228	508	954	25	89	898	628	551	443	0	562	637	518	533	197	1	179	327	303	719	416	497	343	702	
882	766	74	29	311	307	814	622	801	239	244	457	170	87	961	349	116	371	991	654	212	389	743	300	262	696	191	558	863	677	363	519	820	760	355	270	340	844	565	917	435	670	516	728	936	516	879	2	166	502	233	606	577	118	825	830	786	119	707	233	213	576	941	257	46	808	600	76	221	356	512	771	835	586	694	957	523	260	396	796	873	919	828	134	210	517	965	473	893	131	31	438	544	212	499	803	307	501	491	628	115	961	875	134	553	562	0	585	659	995	31	708	588	897	753	777	60	300	767	808	
887	148	696	872	607	953	156	955	486	759	507	6	430	890	356	689	26	65	325	627	60	929	928	656	432	577	238	522	893	519	760	652	491	501	392	764	945	885	824	45	335	907	373	816	125	57	261	104	407	365	10	920	592	661	739	626	587	170	900	575	388	134	468	227	774	451	155	938	352	51	215	586	970	221	294	374	495	905	16	395	382	730	179	190	5	207	386	919	556	948	881	7	59	296	427	453	314	172	106	911	78	354	226	570	687	637	585	0	804	986	196	443	714	515	777	102	329	876	974	436	
218	810	897	32	983	793	387	331	598	915	698	271	575	830	915	862	694	267	693	565	625	44	541	109	613	201	418	288	461	248	517	222	832	715	998	790	483	611	770	233	693	827	775	637	150	443	54	435	877	801	283	121	178	724	391	995	720	884	597	630	908	864	287	588	243	709	323	777	761	708	194	76	138	119	215	420	613	432	945	319	729	135	557	420	734	242	160	760	402	921	600	393	858	485	206	802	734	262	161	782	76	363	95	993	965	518	659	804	0	881	588	352	836	19	550	450	748	487	401	551	
960	254	797	201	365	446	386	322	31	999	53	985	143	203	904	353	208	32	194	649	393	456	611	718	280	730	183	469	959	285	776	546	705	350	298	28	692	437	26	771	838	284	473	973	572	303	483	533	96	986	557	371	345	693	464	185	961	320	368	112	653	956	733	301	402	76	711	401	35	30	756	975	180	948	685	107	763	15	140	744	765	565	993	631	127	791	128	6	103	716	660	45	205	361	850	343	870	510	558	95	902	422	514	669	315	533	995	986	881	0	180	577	213	254	358	370	743	263	164	467	
375	542	97	528	396	659	607	657	508	332	151	879	574	492	941	815	679	421	340	453	356	311	762	94	384	222	565	810	107	622	829	949	300	614	153	322	287	583	555	376	974	134	739	245	399	752	675	173	166	80	898	72	627	1	225	160	259	510	335	137	653	977	306	580	798	502	24	12	679	687	51	885	226	791	629	349	822	275	23	967	556	256	388	94	584	893	17	114	809	980	220	870	901	340	947	161	120	188	808	76	605	904	169	238	354	197	31	196	588	180	0	982	998	939	143	551	342	167	977	590	
738	575	821	97	407	661	25	423	711	187	910	216	60	977	505	814	229	739	268	610	990	705	329	124	326	894	619	115	75	241	708	808	713	536	92	397	83	661	873	299	814	920	175	713	276	521	725	269	613	622	464	507	525	358	105	922	179	898	290	318	426	145	681	374	367	492	261	402	209	937	558	30	367	664	29	773	517	825	414	83	936	399	246	931	940	890	688	966	839	180	464	651	391	636	171	288	679	671	345	437	346	799	410	598	148	1	708	443	352	577	982	0	847	824	12	774	618	187	930	875	
137	958	373	751	601	719	424	895	937	686	996	541	727	29	645	153	1000	263	371	504	529	404	855	784	868	521	459	441	630	205	971	584	581	787	144	753	340	551	48	146	372	561	164	371	806	655	426	954	555	69	232	965	618	28	206	318	126	630	174	72	40	112	703	344	195	865	886	699	107	948	866	624	337	440	912	949	76	21	935	151	648	459	717	100	872	712	444	377	235	592	907	959	379	269	464	544	973	727	825	866	224	659	246	720	123	179	588	714	836	213	998	847	0	124	435	455	110	626	449	638	
548	753	990	294	434	762	728	398	699	860	684	232	506	43	905	871	160	211	209	416	820	478	348	429	905	457	340	898	416	858	566	42	536	892	629	792	606	571	319	270	58	94	765	936	703	654	216	310	127	578	592	346	856	493	381	772	651	682	563	437	873	173	937	346	318	585	202	844	265	134	451	852	722	119	206	986	691	829	920	375	845	774	40	92	143	330	916	121	187	446	450	641	400	758	382	27	199	951	889	64	491	378	629	199	412	327	897	515	19	254	939	824	124	0	456	845	985	836	522	414	
659	731	454	845	20	983	763	339	342	30	730	441	264	575	999	341	426	482	468	375	691	220	640	460	117	458	888	822	516	887	378	314	610	305	213	155	474	779	1000	216	835	167	560	149	750	403	972	94	734	51	391	200	658	716	375	107	185	213	29	466	451	830	738	7	555	768	767	509	374	663	271	626	566	576	159	438	594	971	414	376	134	987	402	143	320	980	357	609	852	687	88	53	377	655	469	178	210	909	101	95	329	618	108	358	307	303	753	777	550	358	143	12	435	456	0	800	500	333	811	491	
158	961	306	722	547	742	923	468	280	573	368	210	841	706	293	734	828	547	217	371	653	300	505	724	673	34	504	442	941	565	695	33	890	141	686	469	642	603	734	804	644	513	632	260	521	141	823	11	66	8	281	757	506	475	742	430	247	879	626	62	506	289	823	737	191	767	402	903	64	445	937	317	371	316	117	184	846	379	162	417	533	494	923	638	467	417	124	954	438	951	723	811	337	594	905	329	966	199	434	591	806	809	493	550	895	719	777	102	450	370	551	774	455	845	800	0	979	870	618	810	
338	560	740	530	332	418	275	947	815	106	587	74	770	939	184	687	615	675	461	451	771	693	745	531	813	77	544	410	892	384	787	148	720	857	852	717	371	215	462	321	542	396	304	408	383	380	957	757	827	337	761	470	559	909	895	143	782	298	454	443	473	368	647	513	974	244	331	874	189	557	57	137	86	516	989	38	596	38	441	367	319	305	720	551	521	925	946	64	584	988	489	831	447	536	614	309	773	945	897	96	974	587	607	265	999	416	60	329	748	743	342	618	110	985	500	979	0	685	980	965	
434	200	711	536	368	127	95	286	538	893	509	596	762	413	335	952	643	914	817	121	825	268	822	828	274	95	980	861	601	788	462	343	681	851	409	356	80	613	353	41	878	293	99	887	528	551	59	978	370	539	392	115	215	561	167	813	577	452	367	599	287	377	752	828	515	861	737	25	546	679	474	454	523	770	495	298	812	166	706	441	369	703	566	526	973	229	481	966	271	18	786	199	287	23	206	196	114	676	385	636	26	626	757	675	780	497	300	876	487	263	167	187	626	836	333	870	685	0	501	432	
556	512	643	518	875	147	820	756	142	144	922	111	622	782	895	310	748	84	563	20	327	465	282	877	651	508	323	684	536	199	100	645	972	634	299	67	482	26	173	667	585	58	15	128	514	642	475	410	125	601	573	422	971	411	516	341	299	757	825	962	501	536	279	624	957	158	257	558	928	199	352	725	479	893	88	528	285	831	507	782	829	975	738	80	847	531	902	12	881	70	312	562	267	345	443	600	215	353	271	278	830	825	974	362	844	343	767	974	401	164	977	930	449	522	811	618	980	501	0	917	
528	456	529	559	389	716	617	614	414	244	95	808	537	749	397	885	53	721	635	202	245	868	206	411	798	646	285	103	230	861	804	730	219	795	468	498	870	569	67	388	500	400	149	248	363	164	894	566	273	308	938	616	254	592	652	342	746	853	713	424	803	885	81	827	919	491	375	75	914	445	401	663	125	337	831	378	327	543	148	963	860	822	617	444	632	372	85	980	280	894	874	882	208	804	515	704	22	301	532	568	100	820	459	293	749	702	808	436	551	467	590	875	638	414	491	810	965	432	917	0	
