100
0	761	451	141	467	642	852	279	213	848	824	978	796	85	784	159	566	347	435	16	948	331	27	335	292	348	234	725	92	689	397	381	520	663	576	307	757	621	266	295	375	60	186	631	336	489	242	396	786	912	540	963	359	483	850	646	935	244	17	324	186	415	401	983	22	340	550	180	243	748	27	897	373	753	360	922	138	275	353	652	861	568	794	581	322	812	647	59	275	441	632	205	394	64	381	423	167	681	974	226	
761	0	725	816	183	667	344	248	506	99	186	684	53	775	439	100	645	560	429	197	435	645	663	540	166	688	876	348	929	351	435	830	839	124	354	792	788	327	624	425	942	858	48	364	588	213	671	243	397	803	159	926	845	468	957	164	171	77	911	82	718	245	346	954	65	770	171	517	748	891	821	419	454	343	483	602	752	478	910	830	355	429	113	160	285	496	979	962	360	892	900	26	195	419	156	245	805	739	800	238	
451	725	0	743	977	279	159	217	682	300	863	184	682	548	948	446	544	475	235	475	530	594	142	907	869	596	813	120	16	88	152	66	361	289	612	531	800	77	828	335	219	195	946	764	1	177	174	63	627	317	358	448	664	866	631	382	424	404	483	566	779	408	683	320	643	502	935	650	639	800	635	377	210	752	132	989	979	661	644	525	982	598	914	11	363	362	150	817	189	319	715	148	518	42	334	503	577	190	374	947	
141	816	743	0	840	1000	580	302	199	139	37	362	457	599	517	312	57	96	926	52	156	156	210	867	317	452	134	794	640	494	159	408	835	459	809	351	418	733	150	303	107	643	452	4	177	328	210	368	748	9	291	4	705	54	812	956	334	34	931	512	153	470	705	826	73	531	458	565	613	559	393	426	140	210	577	737	645	689	394	30	704	122	849	378	435	601	283	596	290	418	11	551	361	177	306	942	164	287	710	605	
467	183	977	840	0	337	773	615	721	420	366	717	307	731	719	70	329	787	339	775	694	907	77	672	532	679	76	917	774	704	22	323	866	426	422	368	567	798	408	141	628	281	760	352	929	141	269	725	458	6	683	726	321	512	265	819	203	679	600	299	54	918	990	371	640	396	290	870	788	572	1000	94	513	277	391	905	900	177	386	104	839	425	300	925	402	473	455	355	905	216	166	514	878	339	961	858	536	827	57	528	
642	667	279	1000	337	0	987	764	821	311	674	710	685	601	827	977	621	511	290	485	452	309	161	848	669	400	935	900	373	260	974	136	159	218	681	917	316	599	893	612	111	731	639	262	880	912	862	740	495	505	555	144	756	917	599	524	132	868	747	90	407	713	150	75	703	137	666	316	243	443	776	421	382	8	790	668	337	877	238	266	568	670	536	44	716	966	795	221	108	692	960	57	802	80	295	757	523	95	14	190	
852	344	159	580	773	987	0	902	363	526	864	649	590	977	40	536	480	194	723	368	383	139	39	188	311	373	27	597	603	651	827	983	354	304	847	745	597	938	85	709	768	503	139	129	950	975	9	613	114	818	39	390	740	124	203	915	449	269	558	102	815	294	335	261	790	153	607	770	402	816	831	431	9	681	583	78	584	257	889	520	275	742	46	172	932	713	55	458	284	196	102	561	336	56	37	766	661	131	671	734	
279	248	217	302	615	764	902	0	295	184	942	261	775	814	597	952	11	686	207	96	634	375	640	680	640	60	99	801	359	945	171	716	199	570	69	48	807	69	198	508	852	40	377	671	233	734	180	710	776	590	476	535	272	972	549	691	32	244	54	280	626	389	485	280	460	323	15	708	11	111	715	470	672	314	80	93	120	47	395	818	679	457	886	451	140	566	101	181	371	274	786	351	447	638	988	701	430	35	444	538	
213	506	682	199	721	821	363	295	0	162	178	584	194	844	861	675	7	116	675	676	242	78	472	846	508	367	267	688	398	873	85	214	286	52	654	528	162	213	122	370	914	91	36	764	65	783	930	770	548	308	617	750	151	56	210	748	260	953	197	535	21	851	541	170	316	81	709	786	121	707	625	26	564	271	232	511	899	626	232	957	438	888	882	945	985	787	247	433	146	73	556	232	539	569	202	167	954	583	850	504	
848	99	300	139	420	311	526	184	162	0	768	526	815	628	335	45	619	217	552	69	175	740	819	994	325	957	919	632	16	419	957	7	391	205	176	618	21	3	368	245	205	260	496	846	588	537	964	166	599	570	847	63	559	607	884	631	578	778	867	814	412	747	838	749	990	404	588	311	181	855	614	396	446	996	737	868	73	399	307	561	419	626	345	584	649	31	480	450	353	1000	11	509	259	370	589	392	721	223	7	56	
824	186	863	37	366	674	864	942	178	768	0	491	187	332	540	789	954	890	815	557	544	572	31	568	737	342	402	100	626	577	41	907	47	736	455	310	991	826	443	32	276	329	979	989	376	513	820	763	741	629	168	256	979	319	16	148	391	174	538	264	65	725	332	39	711	698	178	12	225	588	276	612	853	257	467	109	12	342	253	208	796	56	431	547	231	763	131	273	604	377	275	958	629	901	964	94	545	521	158	205	
978	684	184	362	717	710	649	261	584	526	491	0	674	733	747	765	769	696	998	747	672	283	30	506	625	84	667	37	742	705	865	367	297	991	218	621	652	665	913	262	771	100	972	194	921	771	513	569	976	54	5	421	381	456	216	123	331	57	429	726	703	833	881	933	148	23	698	389	616	161	98	513	910	301	451	442	998	567	174	186	954	475	247	653	610	869	51	530	618	895	524	774	450	419	484	787	742	754	65	863	
796	53	682	457	307	685	590	775	194	815	187	674	0	751	957	80	127	547	722	917	109	616	336	505	783	87	606	205	819	814	114	182	48	486	646	89	574	375	159	849	985	960	968	767	34	203	204	58	926	632	4	247	515	473	184	386	145	287	601	918	293	899	902	593	540	71	469	748	677	478	565	329	200	280	417	669	590	635	943	105	280	719	450	579	909	248	334	107	294	66	578	451	845	216	66	749	414	573	421	380	
85	775	548	599	731	601	977	814	844	628	332	733	751	0	28	583	36	916	646	16	589	731	380	391	566	772	173	654	942	841	770	533	593	361	873	304	394	123	170	101	94	218	622	256	598	961	34	354	93	9	86	311	707	936	714	263	585	412	59	887	790	985	667	673	194	255	527	177	409	47	661	106	522	439	965	752	832	652	799	511	376	880	821	676	36	989	67	27	864	89	244	697	579	682	703	226	417	995	218	462	
784	439	948	517	719	827	40	597	861	335	540	747	957	28	0	254	591	101	231	309	565	250	758	458	941	587	454	877	979	5	385	808	921	68	675	690	738	111	732	862	700	302	665	965	501	985	301	995	378	274	156	769	851	365	568	14	339	591	264	707	159	29	381	455	21	583	647	401	471	285	936	460	296	424	446	896	798	412	599	734	128	820	81	796	962	743	312	306	847	162	539	100	383	902	136	449	601	99	831	219	
159	100	446	312	70	977	536	952	675	45	789	765	80	583	254	0	506	5	621	936	750	118	778	616	550	860	165	312	747	612	118	711	738	127	716	647	257	116	792	406	784	639	490	765	228	569	331	257	1000	287	395	48	597	663	11	654	132	304	869	537	233	681	131	650	354	573	806	85	919	198	752	866	909	336	115	813	494	103	3	746	988	691	234	366	702	499	19	426	489	192	417	489	538	220	664	404	699	682	740	868	
566	645	544	57	329	621	480	11	7	619	954	769	127	36	591	506	0	140	543	129	536	940	401	747	39	320	511	848	504	140	90	946	656	416	531	584	700	276	357	112	447	479	115	478	351	764	829	208	51	550	287	85	127	934	19	491	396	578	761	152	233	304	203	403	191	580	54	244	595	254	406	321	733	55	720	315	753	485	6	801	891	38	655	995	473	890	221	977	36	699	283	580	990	969	223	613	978	129	524	446	
347	560	475	96	787	511	194	686	116	217	890	696	547	916	101	5	140	0	889	358	723	246	401	595	11	833	995	136	982	638	148	515	870	450	756	680	280	510	614	140	903	317	719	263	724	345	531	720	398	158	940	397	772	222	708	683	426	206	581	467	300	977	550	150	316	724	513	50	82	922	291	613	909	993	252	953	525	37	328	801	754	27	229	123	330	113	182	926	335	292	831	30	352	833	633	438	538	840	704	221	
435	429	235	926	339	290	723	207	675	552	815	998	722	646	231	621	543	889	0	293	878	964	853	979	690	701	752	55	891	122	611	371	151	124	391	948	919	854	957	498	393	24	626	306	662	597	596	542	270	569	988	657	640	31	156	491	471	905	939	524	241	633	110	950	609	344	466	795	400	494	199	905	799	721	623	643	912	681	863	499	166	539	317	156	842	628	307	517	80	985	275	914	257	853	356	125	929	963	19	510	
16	197	475	52	775	485	368	96	676	69	557	747	917	16	309	936	129	358	293	0	988	68	797	942	13	138	332	922	167	94	272	734	432	400	816	160	411	93	882	55	12	717	623	292	633	742	354	223	855	475	131	349	411	121	222	456	219	379	705	480	844	84	647	809	652	518	38	45	338	336	944	499	677	765	488	567	739	995	443	965	116	657	521	344	229	93	971	688	585	364	336	196	189	563	299	675	162	150	871	265	
948	435	530	156	694	452	383	634	242	175	544	672	109	589	565	750	536	723	878	988	0	521	935	118	704	234	609	86	357	470	581	213	301	582	245	782	608	835	231	260	573	495	669	223	30	515	483	333	212	211	208	146	54	151	504	51	455	523	616	200	198	90	668	744	577	414	255	681	260	987	521	632	743	13	221	6	254	502	299	108	229	797	883	800	955	484	628	880	462	136	44	790	96	158	464	445	65	684	894	627	
331	645	594	156	907	309	139	375	78	740	572	283	616	731	250	118	940	246	964	68	521	0	268	510	913	120	990	723	69	734	917	895	436	545	997	601	561	712	593	912	162	69	832	577	499	761	141	604	377	980	731	449	955	204	913	293	96	315	803	353	149	326	146	36	822	283	949	520	976	635	135	891	396	801	434	335	710	585	964	187	86	500	473	211	814	99	714	590	798	298	61	615	445	879	845	103	353	291	907	200	
27	663	142	210	77	161	39	640	472	819	31	30	336	380	758	778	401	401	853	797	935	268	0	217	729	525	941	192	820	462	112	988	214	46	500	240	254	115	692	39	409	343	259	947	172	877	206	669	897	999	102	197	25	929	435	724	793	787	950	79	127	875	61	839	167	105	965	759	673	407	826	246	173	177	683	974	370	985	268	276	755	135	875	257	732	999	767	592	35	258	870	857	746	257	87	45	444	479	607	299	
335	540	907	867	672	848	188	680	846	994	568	506	505	391	458	616	747	595	979	942	118	510	217	0	54	31	767	475	1000	207	381	49	508	355	394	451	238	93	629	174	916	723	958	271	304	817	253	598	724	425	468	815	382	512	282	948	644	363	578	813	977	969	939	610	297	115	393	426	537	257	332	325	874	711	447	559	624	656	252	573	134	50	542	709	493	395	142	137	484	169	379	541	297	312	308	530	937	319	55	553	
292	166	869	317	532	669	311	640	508	325	737	625	783	566	941	550	39	11	690	13	704	913	729	54	0	717	92	392	588	158	962	426	377	354	744	545	328	839	572	787	407	696	560	12	964	174	915	897	755	792	859	968	489	190	185	86	608	250	69	208	579	112	405	999	301	567	128	485	373	960	288	669	709	15	55	938	795	801	528	382	207	237	314	767	134	533	625	941	415	551	509	86	420	334	663	789	491	207	169	417	
348	688	596	452	679	400	373	60	367	957	342	84	87	772	587	860	320	833	701	138	234	120	525	31	717	0	957	873	957	634	534	420	473	410	735	477	329	297	465	745	925	921	315	9	13	291	685	604	507	858	197	451	288	566	458	625	1	356	600	745	499	44	619	749	181	442	392	340	333	786	752	139	253	174	454	911	351	490	787	106	239	258	503	877	224	618	603	45	610	845	325	537	67	242	660	18	627	652	341	315	
234	876	813	134	76	935	27	99	267	919	402	667	606	173	454	165	511	995	752	332	609	990	941	767	92	957	0	716	209	645	580	169	638	640	330	334	873	905	393	425	783	202	284	648	143	447	636	755	30	822	696	899	324	401	884	571	487	432	357	350	910	376	939	322	489	233	376	123	456	111	904	562	65	590	370	895	862	628	902	973	654	121	231	774	762	706	107	782	995	479	136	36	682	225	193	670	40	864	417	501	
725	348	120	794	917	900	597	801	688	632	100	37	205	654	877	312	848	136	55	922	86	723	192	475	392	873	716	0	775	596	24	761	568	3	620	230	639	906	58	183	292	687	637	553	316	94	158	876	519	35	188	269	763	128	494	255	129	599	79	484	510	674	544	143	589	744	781	843	90	859	193	9	586	720	203	102	426	671	613	779	309	692	234	169	378	908	97	661	965	308	311	712	93	775	593	138	486	390	618	856	
92	929	16	640	774	373	603	359	398	16	626	742	819	942	979	747	504	982	891	167	357	69	820	1000	588	957	209	775	0	48	253	266	228	543	924	472	908	980	427	225	197	140	473	322	625	432	207	202	14	821	296	555	826	404	916	11	724	989	485	926	317	255	441	950	854	235	42	317	155	850	707	386	377	156	444	755	612	579	87	650	756	335	139	275	89	307	769	509	493	888	541	287	200	745	359	484	218	566	715	794	
689	351	88	494	704	260	651	945	873	419	577	705	814	841	5	612	140	638	122	94	470	734	462	207	158	634	645	596	48	0	492	357	974	128	184	797	635	862	338	157	429	153	639	213	917	959	462	579	357	671	739	577	878	5	947	692	135	821	493	808	928	822	958	267	814	890	952	407	815	762	708	716	1000	366	189	990	677	886	831	978	826	563	912	510	479	249	390	26	945	553	865	298	327	274	522	869	161	752	635	323	
397	435	152	159	22	974	827	171	85	957	41	865	114	770	385	118	90	148	611	272	581	917	112	381	962	534	580	24	253	492	0	256	64	481	794	458	50	16	33	205	824	782	17	438	46	699	745	138	371	287	586	620	375	829	434	600	349	614	828	376	203	729	319	966	935	185	838	41	141	40	848	323	334	59	585	42	699	869	705	613	282	96	731	346	696	729	985	405	736	60	94	99	371	273	932	456	32	973	47	110	
381	830	66	408	323	136	983	716	214	7	907	367	182	533	808	711	946	515	371	734	213	895	988	49	426	420	169	761	266	357	256	0	446	955	698	56	536	564	624	678	968	501	342	401	687	200	271	657	27	382	552	132	914	380	765	162	791	851	299	975	803	924	839	681	717	539	983	163	501	203	224	666	709	451	976	733	777	912	925	514	521	987	565	446	852	788	455	981	639	127	690	276	487	582	309	586	811	879	167	678	
520	839	361	835	866	159	354	199	286	391	47	297	48	593	921	738	656	870	151	432	301	436	214	508	377	473	638	568	228	974	64	446	0	398	736	224	517	187	424	991	115	305	471	933	924	41	520	289	979	614	894	694	323	733	542	371	308	813	652	537	545	992	72	82	599	346	385	607	792	538	130	907	249	510	277	447	553	20	502	821	635	447	769	761	613	63	615	44	66	300	764	283	165	699	60	856	432	794	72	415	
663	124	289	459	426	218	304	570	52	205	736	991	486	361	68	127	416	450	124	400	582	545	46	355	354	410	640	3	543	128	481	955	398	0	475	73	363	540	880	425	963	139	415	834	764	88	750	464	646	616	859	493	410	943	509	725	480	827	408	477	566	217	183	445	340	63	902	744	459	538	952	106	551	593	415	266	682	385	699	960	452	435	957	296	72	363	100	191	56	593	816	45	155	493	596	28	966	255	761	377	
576	354	612	809	422	681	847	69	654	176	455	218	646	873	675	716	531	756	391	816	245	997	500	394	744	735	330	620	924	184	794	698	736	475	0	833	381	681	864	227	609	809	204	481	306	363	328	275	146	923	151	983	735	272	987	907	526	357	764	173	77	617	295	117	71	860	737	677	686	251	572	407	971	973	250	392	578	823	679	900	821	356	380	914	325	497	264	377	712	585	170	739	959	229	253	193	879	894	699	263	
307	792	531	351	368	917	745	48	528	618	310	621	89	304	690	647	584	680	948	160	782	601	240	451	545	477	334	230	472	797	458	56	224	73	833	0	595	117	589	898	912	635	569	191	689	428	454	269	284	746	172	102	692	679	895	274	760	171	670	589	964	919	703	986	959	144	77	640	853	936	68	436	878	410	812	270	31	269	812	24	807	235	433	941	764	762	776	31	495	138	544	468	517	376	236	449	575	778	791	399	
757	788	800	418	567	316	597	807	162	21	991	652	574	394	738	257	700	280	919	411	608	561	254	238	328	329	873	639	908	635	50	536	517	363	381	595	0	573	404	184	221	999	35	961	30	292	401	474	501	646	248	403	526	301	657	362	311	883	935	18	431	104	792	165	765	440	852	706	516	161	417	602	846	153	830	944	182	296	919	184	427	969	168	498	338	895	782	830	938	646	826	721	614	47	863	129	742	248	238	22	
621	327	77	733	798	599	938	69	213	3	826	665	375	123	111	116	276	510	854	93	835	712	115	93	839	297	905	906	980	862	16	564	187	540	681	117	573	0	672	627	143	314	366	670	539	794	519	627	352	405	994	233	429	540	863	970	287	683	897	254	195	624	162	33	788	25	421	608	231	650	162	578	717	567	461	92	954	487	72	773	804	698	786	500	117	228	672	550	61	146	403	325	545	636	834	45	200	236	233	649	
266	624	828	150	408	893	85	198	122	368	443	913	159	170	732	792	357	614	957	882	231	593	692	629	572	465	393	58	427	338	33	624	424	880	864	589	404	672	0	944	375	826	685	549	97	579	413	58	870	257	518	275	342	852	659	673	664	874	724	495	770	528	690	38	312	166	437	308	475	307	177	378	620	49	990	781	970	257	72	884	432	498	247	804	178	167	207	425	129	127	178	719	596	577	700	880	610	702	392	750	
295	425	335	303	141	612	709	508	370	245	32	262	849	101	862	406	112	140	498	55	260	912	39	174	787	745	425	183	225	157	205	678	991	425	227	898	184	627	944	0	710	697	218	418	218	525	60	990	967	263	260	353	68	532	174	705	301	99	926	517	6	398	433	363	456	781	621	472	130	139	158	670	396	157	242	771	409	497	367	96	203	523	851	806	851	406	885	720	832	481	514	749	855	735	610	796	669	532	932	262	
375	942	219	107	628	111	768	852	914	205	276	771	985	94	700	784	447	903	393	12	573	162	409	916	407	925	783	292	197	429	824	968	115	963	609	912	221	143	375	710	0	114	876	351	486	550	62	707	332	304	282	911	450	508	431	932	102	956	480	490	634	147	840	650	808	878	963	891	586	116	918	329	353	207	698	883	580	979	789	516	44	191	746	828	373	42	2	575	824	736	891	471	431	181	328	230	967	681	449	62	
60	858	195	643	281	731	503	40	91	260	329	100	960	218	302	639	479	317	24	717	495	69	343	723	696	921	202	687	140	153	782	501	305	139	809	635	999	314	826	697	114	0	877	700	188	956	739	699	628	34	306	444	337	20	740	231	528	550	226	918	717	764	835	182	86	138	366	894	329	829	850	512	409	738	476	582	53	709	458	286	74	148	286	569	938	325	140	760	348	109	871	112	750	235	656	696	361	405	201	968	
186	48	946	452	760	639	139	377	36	496	979	972	968	622	665	490	115	719	626	623	669	832	259	958	560	315	284	637	473	639	17	342	471	415	204	569	35	366	685	218	876	877	0	620	545	737	260	68	366	233	945	850	164	743	304	148	937	648	929	449	446	316	753	7	138	604	783	672	941	695	547	21	247	894	640	208	849	492	220	496	228	730	766	145	346	410	495	347	178	258	892	957	383	691	827	544	331	995	187	976	
631	364	764	4	352	262	129	671	764	846	989	194	767	256	965	765	478	263	306	292	223	577	947	271	12	9	648	553	322	213	438	401	933	834	481	191	961	670	549	418	351	700	620	0	744	408	953	913	239	446	945	958	501	402	866	776	971	520	508	668	261	858	246	710	477	178	619	174	120	347	237	384	985	882	302	392	29	442	466	501	23	289	169	965	173	37	235	833	771	659	196	75	366	681	347	285	275	282	294	44	
336	588	1	177	929	880	950	233	65	588	376	921	34	598	501	228	351	724	662	633	30	499	172	304	964	13	143	316	625	917	46	687	924	764	306	689	30	539	97	218	486	188	545	744	0	553	178	416	421	229	307	894	271	93	31	350	257	606	662	88	485	289	155	617	373	708	706	110	717	102	749	999	969	613	104	588	672	331	737	436	169	21	580	291	429	982	757	971	198	828	7	575	470	954	101	636	411	390	959	321	
489	213	177	328	141	912	975	734	783	537	513	771	203	961	985	569	764	345	597	742	515	761	877	817	174	291	447	94	432	959	699	200	41	88	363	428	292	794	579	525	550	956	737	408	553	0	338	587	895	737	201	129	525	966	321	780	696	472	916	155	213	774	75	425	861	108	419	825	266	454	33	486	338	324	44	25	448	622	146	695	999	346	733	761	320	451	719	981	310	180	28	21	760	950	648	367	167	711	97	869	
242	671	174	210	269	862	9	180	930	964	820	513	204	34	301	331	829	531	596	354	483	141	206	253	915	685	636	158	207	462	745	271	520	750	328	454	401	519	413	60	62	739	260	953	178	338	0	120	876	749	422	452	119	607	189	942	668	510	440	61	177	862	812	307	556	987	158	493	554	883	845	740	452	980	503	618	604	646	529	521	482	818	747	145	872	588	522	481	532	260	360	504	759	427	649	36	281	708	824	971	
396	243	63	368	725	740	613	710	770	166	763	569	58	354	995	257	208	720	542	223	333	604	669	598	897	604	755	876	202	579	138	657	289	464	275	269	474	627	58	990	707	699	68	913	416	587	120	0	991	473	450	408	632	600	904	48	253	333	739	853	935	905	195	475	533	179	497	305	149	855	669	570	259	580	242	796	721	395	169	897	70	796	188	293	937	427	700	407	295	731	500	308	460	369	648	383	767	189	648	693	
786	397	627	748	458	495	114	776	548	599	741	976	926	93	378	1000	51	398	270	855	212	377	897	724	755	507	30	519	14	357	371	27	979	646	146	284	501	352	870	967	332	628	366	239	421	895	876	991	0	944	748	337	617	790	322	158	379	460	718	299	775	237	166	314	891	536	381	162	464	245	194	181	45	768	194	504	936	341	969	416	127	597	485	243	126	32	124	29	545	108	511	372	925	580	206	150	666	620	6	546	
912	803	317	9	6	505	818	590	308	570	629	54	632	9	274	287	550	158	569	475	211	980	999	425	792	858	822	35	821	671	287	382	614	616	923	746	646	405	257	263	304	34	233	446	229	737	749	473	944	0	179	20	385	676	425	596	133	613	781	431	415	2	357	347	377	483	233	144	74	551	326	526	605	158	858	132	621	79	657	710	311	324	560	719	280	19	384	240	257	269	221	623	736	972	336	155	129	905	889	622	
540	159	358	291	683	555	39	476	617	847	168	5	4	86	156	395	287	940	988	131	208	731	102	468	859	197	696	188	296	739	586	552	894	859	151	172	248	994	518	260	282	306	945	945	307	201	422	450	748	179	0	572	324	489	141	457	480	671	29	121	853	34	278	927	416	38	540	168	72	754	947	174	450	145	139	683	496	824	76	604	37	704	140	259	708	771	630	682	74	813	582	501	520	307	891	487	726	863	91	112	
963	926	448	4	726	144	390	535	750	63	256	421	247	311	769	48	85	397	657	349	146	449	197	815	968	451	899	269	555	577	620	132	694	493	983	102	403	233	275	353	911	444	850	958	894	129	452	408	337	20	572	0	997	711	829	349	187	98	843	88	572	12	887	898	623	100	775	390	199	180	932	664	123	617	975	94	265	421	301	14	838	937	925	24	88	326	719	941	352	437	776	560	498	365	387	963	855	926	714	766	
359	845	664	705	321	756	740	272	151	559	979	381	515	707	851	597	127	772	640	411	54	955	25	382	489	288	324	763	826	878	375	914	323	410	735	692	526	429	342	68	450	337	164	501	271	525	119	632	617	385	324	997	0	125	692	541	108	797	774	802	318	334	591	125	460	552	517	930	824	707	480	705	806	641	949	81	786	473	84	937	520	909	614	619	961	879	19	209	484	711	859	60	364	272	235	699	705	420	211	169	
483	468	866	54	512	917	124	972	56	607	319	456	473	936	365	663	934	222	31	121	151	204	929	512	190	566	401	128	404	5	829	380	733	943	272	679	301	540	852	532	508	20	743	402	93	966	607	600	790	676	489	711	125	0	281	277	21	435	728	126	232	848	230	457	871	153	144	410	484	954	633	683	680	946	659	233	799	160	736	296	575	150	94	907	50	347	939	358	533	579	420	631	544	802	436	314	630	138	108	428	
850	957	631	812	265	599	203	549	210	884	16	216	184	714	568	11	19	708	156	222	504	913	435	282	185	458	884	494	916	947	434	765	542	509	987	895	657	863	659	174	431	740	304	866	31	321	189	904	322	425	141	829	692	281	0	439	664	750	130	93	549	654	644	875	380	483	612	269	863	594	691	348	111	652	806	872	300	753	196	723	777	725	204	75	324	914	788	40	797	54	877	248	612	727	438	791	408	500	333	11	
646	164	382	956	819	524	915	691	748	631	148	123	386	263	14	654	491	683	491	456	51	293	724	948	86	625	571	255	11	692	600	162	371	725	907	274	362	970	673	705	932	231	148	776	350	780	942	48	158	596	457	349	541	277	439	0	14	173	205	375	678	822	309	93	84	296	541	266	85	32	887	349	632	156	995	200	40	603	178	570	447	525	328	299	341	459	636	930	33	656	794	684	976	928	923	526	140	312	371	484	
935	171	424	334	203	132	449	32	260	578	391	331	145	585	339	132	396	426	471	219	455	96	793	644	608	1	487	129	724	135	349	791	308	480	526	760	311	287	664	301	102	528	937	971	257	696	668	253	379	133	480	187	108	21	664	14	0	838	766	955	867	774	962	999	180	794	533	355	754	926	624	778	575	147	809	760	729	683	330	784	19	804	994	536	465	235	457	604	115	394	182	64	782	717	778	506	135	26	522	327	
244	77	404	34	679	868	269	244	953	778	174	57	287	412	591	304	578	206	905	379	523	315	787	363	250	356	432	599	989	821	614	851	813	827	357	171	883	683	874	99	956	550	648	520	606	472	510	333	460	613	671	98	797	435	750	173	838	0	2	712	297	397	610	737	845	80	778	138	179	721	939	138	589	332	479	625	851	841	477	684	616	6	750	222	822	899	336	417	260	845	944	189	975	543	285	896	639	502	715	975	
17	911	483	931	600	747	558	54	197	867	538	429	601	59	264	869	761	581	939	705	616	803	950	578	69	600	357	79	485	493	828	299	652	408	764	670	935	897	724	926	480	226	929	508	662	916	440	739	718	781	29	843	774	728	130	205	766	2	0	348	596	126	291	824	863	871	896	7	435	12	810	412	637	394	73	701	9	638	750	819	263	789	70	554	25	137	279	344	65	685	185	140	617	682	287	428	282	915	581	668	
324	82	566	512	299	90	102	280	535	814	264	726	918	887	707	537	152	467	524	480	200	353	79	813	208	745	350	484	926	808	376	975	537	477	173	589	18	254	495	517	490	918	449	668	88	155	61	853	299	431	121	88	802	126	93	375	955	712	348	0	416	277	53	227	110	612	309	952	190	554	218	277	996	177	555	91	636	747	487	423	105	800	857	91	207	760	21	599	35	385	315	202	34	187	564	796	711	266	762	38	
186	718	779	153	54	407	815	626	21	412	65	703	293	790	159	233	233	300	241	844	198	149	127	977	579	499	910	510	317	928	203	803	545	566	77	964	431	195	770	6	634	717	446	261	485	213	177	935	775	415	853	572	318	232	549	678	867	297	596	416	0	937	180	189	260	60	20	867	801	847	126	759	580	326	212	798	130	8	400	566	155	708	331	680	210	751	77	135	399	561	957	753	119	498	268	902	239	303	198	791	
415	245	408	470	918	713	294	389	851	747	725	833	899	985	29	681	304	977	633	84	90	326	875	969	112	44	376	674	255	822	729	924	992	217	617	919	104	624	528	398	147	764	316	858	289	774	862	905	237	2	34	12	334	848	654	822	774	397	126	277	937	0	364	345	865	440	671	496	736	145	111	339	530	561	920	643	231	356	682	17	562	968	629	845	557	930	284	801	154	6	927	405	862	598	621	36	443	586	257	983	
401	346	683	705	990	150	335	485	541	838	332	881	902	667	381	131	203	550	110	647	668	146	61	939	405	619	939	544	441	958	319	839	72	183	295	703	792	162	690	433	840	835	753	246	155	75	812	195	166	357	278	887	591	230	644	309	962	610	291	53	180	364	0	766	753	821	504	429	663	332	626	373	744	309	191	451	669	85	346	906	660	11	294	293	788	418	646	365	817	339	807	693	124	281	219	356	39	273	23	730	
983	954	320	826	371	75	261	280	170	749	39	933	593	673	455	650	403	150	950	809	744	36	839	610	999	749	322	143	950	267	966	681	82	445	117	986	165	33	38	363	650	182	7	710	617	425	307	475	314	347	927	898	125	457	875	93	999	737	824	227	189	345	766	0	328	73	663	247	36	936	385	369	486	983	911	348	640	783	801	798	177	818	370	99	71	982	458	567	855	696	4	371	443	573	632	722	187	671	204	75	
22	65	643	73	640	703	790	460	316	990	711	148	540	194	21	354	191	316	609	652	577	822	167	297	301	181	489	589	854	814	935	717	599	340	71	959	765	788	312	456	808	86	138	477	373	861	556	533	891	377	416	623	460	871	380	84	180	845	863	110	260	865	753	328	0	215	877	159	593	308	316	526	730	517	933	434	829	812	775	521	424	169	175	541	137	754	532	202	643	892	592	747	275	817	428	688	123	986	603	521	
340	770	502	531	396	137	153	323	81	404	698	23	71	255	583	573	580	724	344	518	414	283	105	115	567	442	233	744	235	890	185	539	346	63	860	144	440	25	166	781	878	138	604	178	708	108	987	179	536	483	38	100	552	153	483	296	794	80	871	612	60	440	821	73	215	0	758	966	387	702	101	36	263	217	970	134	16	644	436	15	468	824	594	438	367	277	971	875	594	769	149	897	730	227	85	380	747	463	614	862	
550	171	935	458	290	666	607	15	709	588	178	698	469	527	647	806	54	513	466	38	255	949	965	393	128	392	376	781	42	952	838	983	385	902	737	77	852	421	437	621	963	366	783	619	706	419	158	497	381	233	540	775	517	144	612	541	533	778	896	309	20	671	504	663	877	758	0	276	551	781	429	36	391	925	294	813	577	734	232	880	987	252	698	321	990	429	135	236	312	690	748	504	692	930	686	404	657	499	105	679	
180	517	650	565	870	316	770	708	786	311	12	389	748	177	401	85	244	50	795	45	681	520	759	426	485	340	123	843	317	407	41	163	607	744	677	640	706	608	308	472	891	894	672	174	110	825	493	305	162	144	168	390	930	410	269	266	355	138	7	952	867	496	429	247	159	966	276	0	320	362	951	372	946	445	85	750	530	656	773	816	462	5	199	593	771	823	441	173	441	896	97	223	93	897	448	598	759	171	681	533	
243	748	639	613	788	243	402	11	121	181	225	616	677	409	471	919	595	82	400	338	260	976	673	537	373	333	456	90	155	815	141	501	792	459	686	853	516	231	475	130	586	329	941	120	717	266	554	149	464	74	72	199	824	484	863	85	754	179	435	190	801	736	663	36	593	387	551	320	0	787	100	882	624	787	244	939	956	309	40	309	382	129	942	477	927	278	698	584	454	669	120	617	670	269	660	769	513	409	975	982	
748	891	800	559	572	443	816	111	707	855	588	161	478	47	285	198	254	922	494	336	987	635	407	257	960	786	111	859	850	762	40	203	538	538	251	936	161	650	307	139	116	829	695	347	102	454	883	855	245	551	754	180	707	954	594	32	926	721	12	554	847	145	332	936	308	702	781	362	787	0	621	327	826	295	71	571	848	695	638	484	695	73	609	84	431	779	379	605	334	149	53	258	835	547	709	356	929	241	494	391	
27	821	635	393	1000	776	831	715	625	614	276	98	565	661	936	752	406	291	199	944	521	135	826	332	288	752	904	193	707	708	848	224	130	952	572	68	417	162	177	158	918	850	547	237	749	33	845	669	194	326	947	932	480	633	691	887	624	939	810	218	126	111	626	385	316	101	429	951	100	621	0	606	808	504	148	805	982	385	864	138	66	12	61	700	784	457	639	263	689	13	842	50	976	644	154	94	840	212	627	385	
897	419	377	426	94	421	431	470	26	396	612	513	329	106	460	866	321	613	905	499	632	891	246	325	669	139	562	9	386	716	323	666	907	106	407	436	602	578	378	670	329	512	21	384	999	486	740	570	181	526	174	664	705	683	348	349	778	138	412	277	759	339	373	369	526	36	36	372	882	327	606	0	482	884	778	186	597	589	827	806	598	471	220	649	939	143	578	105	491	583	787	584	737	510	516	832	160	58	515	148	
373	454	210	140	513	382	9	672	564	446	853	910	200	522	296	909	733	909	799	677	743	396	173	874	709	253	65	586	377	1000	334	709	249	551	971	878	846	717	620	396	353	409	247	985	969	338	452	259	45	605	450	123	806	680	111	632	575	589	637	996	580	530	744	486	730	263	391	946	624	826	808	482	0	88	132	416	212	665	883	784	881	896	524	2	634	984	856	942	271	611	870	401	460	961	266	38	888	88	326	378	
753	343	752	210	277	8	681	314	271	996	257	301	280	439	424	336	55	993	721	765	13	801	177	711	15	174	590	720	156	366	59	451	510	593	973	410	153	567	49	157	207	738	894	882	613	324	980	580	768	158	145	617	641	946	652	156	147	332	394	177	326	561	309	983	517	217	925	445	787	295	504	884	88	0	702	357	824	719	291	986	732	892	562	457	924	378	285	495	805	378	764	540	300	709	242	482	113	732	54	755	
360	483	132	577	391	790	583	80	232	737	467	451	417	965	446	115	720	252	623	488	221	434	683	447	55	454	370	203	444	189	585	976	277	415	250	812	830	461	990	242	698	476	640	302	104	44	503	242	194	858	139	975	949	659	806	995	809	479	73	555	212	920	191	911	933	970	294	85	244	71	148	778	132	702	0	554	50	560	17	227	854	421	712	629	589	709	943	821	823	858	543	830	745	571	218	473	27	475	457	956	
922	602	989	737	905	668	78	93	511	868	109	442	669	752	896	813	315	953	643	567	6	335	974	559	938	911	895	102	755	990	42	733	447	266	392	270	944	92	781	771	883	582	208	392	588	25	618	796	504	132	683	94	81	233	872	200	760	625	701	91	798	643	451	348	434	134	813	750	939	571	805	186	416	357	554	0	259	692	895	336	138	679	225	352	229	104	506	295	431	21	697	625	165	704	702	749	274	262	174	121	
138	752	979	645	900	337	584	120	899	73	12	998	590	832	798	494	753	525	912	739	254	710	370	624	795	351	862	426	612	677	699	777	553	682	578	31	182	954	970	409	580	53	849	29	672	448	604	721	936	621	496	265	786	799	300	40	729	851	9	636	130	231	669	640	829	16	577	530	956	848	982	597	212	824	50	259	0	979	38	139	647	854	14	183	439	703	98	66	548	19	95	210	27	433	376	411	617	893	198	736	
275	478	661	689	177	877	257	47	626	399	342	567	635	652	412	103	485	37	681	995	502	585	985	656	801	490	628	671	579	886	869	912	20	385	823	269	296	487	257	497	979	709	492	442	331	622	646	395	341	79	824	421	473	160	753	603	683	841	638	747	8	356	85	783	812	644	734	656	309	695	385	589	665	719	560	692	979	0	357	471	701	952	718	211	668	84	246	698	869	663	455	825	598	423	757	441	599	388	68	839	
353	910	644	394	386	238	889	395	232	307	253	174	943	799	599	3	6	328	863	443	299	964	268	252	528	787	902	613	87	831	705	925	502	699	679	812	919	72	72	367	789	458	220	466	737	146	529	169	969	657	76	301	84	736	196	178	330	477	750	487	400	682	346	801	775	436	232	773	40	638	864	827	883	291	17	895	38	357	0	334	111	107	732	351	229	666	160	455	811	64	211	243	20	168	364	709	33	348	429	831	
652	830	525	30	104	266	520	818	957	561	208	186	105	511	734	746	801	801	499	965	108	187	276	573	382	106	973	779	650	978	613	514	821	960	900	24	184	773	884	96	516	286	496	501	436	695	521	897	416	710	604	14	937	296	723	570	784	684	819	423	566	17	906	798	521	15	880	816	309	484	138	806	784	986	227	336	139	471	334	0	377	106	278	483	673	614	249	378	589	297	894	163	583	817	416	358	863	153	216	34	
861	355	982	704	839	568	275	679	438	419	796	954	280	376	128	988	891	754	166	116	229	86	755	134	207	239	654	309	756	826	282	521	635	452	821	807	427	804	432	203	44	74	228	23	169	999	482	70	127	311	37	838	520	575	777	447	19	616	263	105	155	562	660	177	424	468	987	462	382	695	66	598	881	732	854	138	647	701	111	377	0	701	682	305	996	107	385	363	521	574	731	452	581	270	887	843	125	220	411	191	
568	429	598	122	425	670	742	457	888	626	56	475	719	880	820	691	38	27	539	657	797	500	135	50	237	258	121	692	335	563	96	987	447	435	356	235	969	698	498	523	191	148	730	289	21	346	818	796	597	324	704	937	909	150	725	525	804	6	789	800	708	968	11	818	169	824	252	5	129	73	12	471	896	892	421	679	854	952	107	106	701	0	42	108	874	80	87	539	308	220	382	91	102	877	373	668	307	657	206	357	
794	113	914	849	300	536	46	886	882	345	431	247	450	821	81	234	655	229	317	521	883	473	875	542	314	503	231	234	139	912	731	565	769	957	380	433	168	786	247	851	746	286	766	169	580	733	747	188	485	560	140	925	614	94	204	328	994	750	70	857	331	629	294	370	175	594	698	199	942	609	61	220	524	562	712	225	14	718	732	278	682	42	0	971	138	743	515	628	726	664	673	326	290	251	73	939	243	553	26	823	
581	160	11	378	925	44	172	451	945	584	547	653	579	676	796	366	995	123	156	344	800	211	257	709	767	877	774	169	275	510	346	446	761	296	914	941	498	500	804	806	828	569	145	965	291	761	145	293	243	719	259	24	619	907	75	299	536	222	554	91	680	845	293	99	541	438	321	593	477	84	700	649	2	457	629	352	183	211	351	483	305	108	971	0	893	578	451	660	96	756	398	385	559	721	768	964	619	546	17	301	
322	285	363	435	402	716	932	140	985	649	231	610	909	36	962	702	473	330	842	229	955	814	732	493	134	224	762	378	89	479	696	852	613	72	325	764	338	117	178	851	373	938	346	173	429	320	872	937	126	280	708	88	961	50	324	341	465	822	25	207	210	557	788	71	137	367	990	771	927	431	784	939	634	924	589	229	439	668	229	673	996	874	138	893	0	216	449	455	198	197	205	160	568	914	559	567	455	133	221	294	
812	496	362	601	473	966	713	566	787	31	763	869	248	989	743	499	890	113	628	93	484	99	999	395	533	618	706	908	307	249	729	788	63	363	497	762	895	228	167	406	42	325	410	37	982	451	588	427	32	19	771	326	879	347	914	459	235	899	137	760	751	930	418	982	754	277	429	823	278	779	457	143	984	378	709	104	703	84	666	614	107	80	743	578	216	0	408	662	380	278	882	212	403	611	883	510	758	83	604	991	
647	979	150	283	455	795	55	101	247	480	131	51	334	67	312	19	221	182	307	971	628	714	767	142	625	603	107	97	769	390	985	455	615	100	264	776	782	672	207	885	2	140	495	235	757	719	522	700	124	384	630	719	19	939	788	636	457	336	279	21	77	284	646	458	532	971	135	441	698	379	639	578	856	285	943	506	98	246	160	249	385	87	515	451	449	408	0	504	511	64	956	285	251	65	488	687	107	764	914	15	
59	962	817	596	355	221	458	181	433	450	273	530	107	27	306	426	977	926	517	688	880	590	592	137	941	45	782	661	509	26	405	981	44	191	377	31	830	550	425	720	575	760	347	833	971	981	481	407	29	240	682	941	209	358	40	930	604	417	344	599	135	801	365	567	202	875	236	173	584	605	263	105	942	495	821	295	66	698	455	378	363	539	628	660	455	662	504	0	295	141	501	246	41	742	241	973	540	908	184	666	
275	360	189	290	905	108	284	371	146	353	604	618	294	864	847	489	36	335	80	585	462	798	35	484	415	610	995	965	493	945	736	639	66	56	712	495	938	61	129	832	824	348	178	771	198	310	532	295	545	257	74	352	484	533	797	33	115	260	65	35	399	154	817	855	643	594	312	441	454	334	689	491	271	805	823	431	548	869	811	589	521	308	726	96	198	380	511	295	0	727	555	811	667	946	876	789	688	137	259	784	
441	892	319	418	216	692	196	274	73	1000	377	895	66	89	162	192	699	292	985	364	136	298	258	169	551	845	479	308	888	553	60	127	300	593	585	138	646	146	127	481	736	109	258	659	828	180	260	731	108	269	813	437	711	579	54	656	394	845	685	385	561	6	339	696	892	769	690	896	669	149	13	583	611	378	858	21	19	663	64	297	574	220	664	756	197	278	64	141	727	0	100	550	477	975	12	371	914	252	788	873	
632	900	715	11	166	960	102	786	556	11	275	524	578	244	539	417	283	831	275	336	44	61	870	379	509	325	136	311	541	865	94	690	764	816	170	544	826	403	178	514	891	871	892	196	7	28	360	500	511	221	582	776	859	420	877	794	182	944	185	315	957	927	807	4	592	149	748	97	120	53	842	787	870	764	543	697	95	455	211	894	731	382	673	398	205	882	956	501	555	100	0	344	740	950	267	712	159	340	478	605	
205	26	148	551	514	57	561	351	232	509	958	774	451	697	100	489	580	30	914	196	790	615	857	541	86	537	36	712	287	298	99	276	283	45	739	468	721	325	719	749	471	112	957	75	575	21	504	308	372	623	501	560	60	631	248	684	64	189	140	202	753	405	693	371	747	897	504	223	617	258	50	584	401	540	830	625	210	825	243	163	452	91	326	385	160	212	285	246	811	550	344	0	844	936	389	905	604	674	256	586	
394	195	518	361	878	802	336	447	539	259	629	450	845	579	383	538	990	352	257	189	96	445	746	297	420	67	682	93	200	327	371	487	165	155	959	517	614	545	596	855	431	750	383	366	470	760	759	460	925	736	520	498	364	544	612	976	782	975	617	34	119	862	124	443	275	730	692	93	670	835	976	737	460	300	745	165	27	598	20	583	581	102	290	559	568	403	251	41	667	477	740	844	0	245	130	132	198	259	478	489	
64	419	42	177	339	80	56	638	569	370	901	419	216	682	902	220	969	833	853	563	158	879	257	312	334	242	225	775	745	274	273	582	699	493	229	376	47	636	577	735	181	235	691	681	954	950	427	369	580	972	307	365	272	802	727	928	717	543	682	187	498	598	281	573	817	227	930	897	269	547	644	510	961	709	571	704	433	423	168	817	270	877	251	721	914	611	65	742	946	975	950	936	245	0	915	482	670	144	562	791	
381	156	334	306	961	295	37	988	202	589	964	484	66	703	136	664	223	633	356	299	464	845	87	308	663	660	193	593	359	522	932	309	60	596	253	236	863	834	700	610	328	656	827	347	101	648	649	648	206	336	891	387	235	436	438	923	778	285	287	564	268	621	219	632	428	85	686	448	660	709	154	516	266	242	218	702	376	757	364	416	887	373	73	768	559	883	488	241	876	12	267	389	130	915	0	318	404	101	920	468	
423	245	503	942	858	757	766	701	167	392	94	787	749	226	449	404	613	438	125	675	445	103	45	530	789	18	670	138	484	869	456	586	856	28	193	449	129	45	880	796	230	696	544	285	636	367	36	383	150	155	487	963	699	314	791	526	506	896	428	796	902	36	356	722	688	380	404	598	769	356	94	832	38	482	473	749	411	441	709	358	843	668	939	964	567	510	687	973	789	371	712	905	132	482	318	0	379	518	241	434	
167	805	577	164	536	523	661	430	954	721	545	742	414	417	601	699	978	538	929	162	65	353	444	937	491	627	40	486	218	161	32	811	432	966	879	575	742	200	610	669	967	361	331	275	411	167	281	767	666	129	726	855	705	630	408	140	135	639	282	711	239	443	39	187	123	747	657	759	513	929	840	160	888	113	27	274	617	599	33	863	125	307	243	619	455	758	107	540	688	914	159	604	198	670	404	379	0	428	762	8	
681	739	190	287	827	95	131	35	583	223	521	754	573	995	99	682	129	840	963	150	684	291	479	319	207	652	864	390	566	752	973	879	794	255	894	778	248	236	702	532	681	405	995	282	390	711	708	189	620	905	863	926	420	138	500	312	26	502	915	266	303	586	273	671	986	463	499	171	409	241	212	58	88	732	475	262	893	388	348	153	220	657	553	546	133	83	764	908	137	252	340	674	259	144	101	518	428	0	566	875	
974	800	374	710	57	14	671	444	850	7	158	65	421	218	831	740	524	704	19	871	894	907	607	55	169	341	417	618	715	635	47	167	72	761	699	791	238	233	392	932	449	201	187	294	959	97	824	648	6	889	91	714	211	108	333	371	522	715	581	762	198	257	23	204	603	614	105	681	975	494	627	515	326	54	457	174	198	68	429	216	411	206	26	17	221	604	914	184	259	788	478	256	478	562	920	241	762	566	0	750	
226	238	947	605	528	190	734	538	504	56	205	863	380	462	219	868	446	221	510	265	627	200	299	553	417	315	501	856	794	323	110	678	415	377	263	399	22	649	750	262	62	968	976	44	321	869	971	693	546	622	112	766	169	428	11	484	327	975	668	38	791	983	730	75	521	862	679	533	982	391	385	148	378	755	956	121	736	839	831	34	191	357	823	301	294	991	15	666	784	873	605	586	489	791	468	434	8	875	750	0	
