150
0	727	28	55	796	825	65	582	38	331	963	290	379	758	182	801	320	34	494	836	674	38	694	245	473	500	537	386	885	852	448	835	385	664	747	129	621	209	547	103	433	1000	343	502	814	319	885	859	959	801	788	764	888	702	455	251	526	716	501	337	871	691	983	15	811	151	265	785	307	724	660	36	593	301	363	434	936	581	597	787	70	434	643	6	407	798	819	776	35	656	844	884	163	394	674	485	392	84	924	952	725	482	492	469	214	106	743	118	1	808	414	721	291	205	580	499	222	5	777	270	778	880	846	380	58	947	370	660	465	40	653	965	292	659	171	977	689	663	555	68	736	400	936	892	193	994	7	747	174	298	
727	0	594	738	458	931	141	889	555	397	120	517	596	809	36	569	966	31	793	232	336	507	454	897	253	286	963	21	573	737	916	197	878	255	199	679	12	267	712	346	806	320	10	287	515	864	241	148	557	743	957	91	406	89	290	96	904	528	566	83	89	514	651	938	494	283	325	147	767	328	662	864	204	732	97	227	878	965	91	261	113	465	1000	738	536	70	957	863	658	487	554	615	396	926	211	465	31	854	447	918	211	768	520	658	452	873	940	385	35	249	227	804	761	239	762	612	600	331	8	502	490	892	703	408	774	715	717	147	503	576	4	97	296	460	326	889	566	423	301	296	732	370	713	154	477	703	51	714	397	736	
28	594	0	115	726	688	766	829	47	968	379	105	527	9	585	939	44	903	724	848	588	642	822	514	57	409	666	429	255	709	27	947	995	351	61	765	655	621	268	948	603	881	628	967	22	954	153	701	374	839	96	901	428	785	878	812	19	968	687	143	994	289	49	498	736	887	603	640	280	664	624	579	941	881	624	15	224	524	848	938	496	304	793	423	24	946	231	3	559	475	203	743	668	58	371	255	241	284	800	466	770	809	121	516	717	193	742	80	364	982	607	106	841	731	317	236	329	853	353	559	309	386	197	4	445	168	960	507	301	590	614	396	700	825	414	981	842	808	805	579	547	136	196	92	98	711	550	285	239	547	
55	738	115	0	317	527	459	619	101	519	132	849	384	46	500	710	451	166	751	254	225	7	717	342	623	816	820	107	680	826	746	764	890	633	289	379	257	620	460	792	330	536	481	343	507	632	216	243	401	632	779	723	105	825	605	875	683	215	104	790	260	434	522	571	419	162	888	246	910	358	782	680	982	423	581	737	561	64	78	253	534	769	47	933	742	405	187	112	457	88	190	697	966	317	954	43	200	942	387	354	845	693	922	452	136	132	1000	664	378	576	977	197	140	443	227	598	352	753	7	988	865	563	583	813	360	843	825	948	208	631	11	225	229	849	631	43	552	270	105	530	318	670	359	226	722	100	328	509	751	310	
796	458	726	317	0	560	368	811	423	891	505	905	651	711	55	709	467	855	922	525	322	454	477	510	30	745	594	877	355	928	420	696	309	70	770	355	556	438	507	647	805	129	917	128	351	213	523	110	115	960	54	567	39	958	778	434	492	639	653	615	607	645	20	766	525	44	30	413	939	186	893	405	965	953	202	391	53	419	208	571	822	6	308	554	969	736	595	501	88	380	517	692	906	261	728	12	326	251	712	3	411	908	638	638	47	197	895	117	838	977	126	164	726	544	148	678	280	404	807	333	906	736	609	101	235	322	179	570	638	330	857	38	891	499	319	808	10	794	772	866	826	789	990	249	545	303	119	570	180	833	
825	931	688	527	560	0	918	539	81	882	129	664	547	89	626	952	510	562	511	263	340	576	439	132	240	395	689	726	104	322	671	330	888	650	308	624	845	687	665	640	943	866	590	39	298	925	95	422	342	403	804	788	150	83	430	971	703	214	583	689	962	990	274	896	483	362	115	599	186	655	175	906	866	146	47	712	448	139	697	460	190	948	640	23	753	451	885	971	256	179	165	507	262	538	757	649	178	318	484	855	852	681	40	291	651	583	868	773	925	606	544	226	926	165	233	974	549	136	91	462	339	91	692	68	533	733	314	974	172	343	672	49	764	500	245	265	681	916	502	909	161	988	909	633	845	968	649	483	441	155	
65	141	766	459	368	918	0	32	450	279	926	731	92	343	599	529	544	555	668	478	203	575	105	469	446	230	822	636	103	323	669	223	503	61	602	960	757	71	12	853	465	294	995	930	363	996	418	985	637	765	630	15	174	144	280	88	665	920	856	342	941	852	594	614	414	340	262	548	300	581	466	625	714	414	91	713	34	764	28	354	590	363	973	705	882	366	64	639	273	496	440	164	374	388	499	139	156	803	314	343	215	316	374	580	85	96	341	585	551	190	525	540	116	260	384	518	616	872	289	353	536	822	942	31	882	75	839	13	435	921	694	888	672	427	543	950	985	380	50	825	731	19	30	607	214	258	656	502	726	263	
582	889	829	619	811	539	32	0	812	854	933	114	604	879	849	328	631	684	706	56	283	200	742	268	574	56	504	426	393	793	455	803	686	852	27	275	988	943	398	643	977	231	160	244	71	954	187	533	146	993	872	686	137	141	489	925	858	986	177	281	259	626	969	526	430	659	221	353	989	515	182	620	687	498	361	667	633	818	408	40	217	171	823	876	415	890	650	759	812	914	524	811	335	307	587	444	918	178	139	114	138	130	160	769	871	601	432	960	986	574	624	242	395	218	590	346	685	396	487	330	340	554	282	302	559	828	684	780	133	419	805	839	92	314	83	940	944	412	949	820	466	638	547	499	793	990	261	168	157	461	
38	555	47	101	423	81	450	812	0	865	6	905	937	633	627	200	262	4	799	316	389	531	391	147	837	694	715	883	962	937	60	583	739	186	906	779	576	300	533	980	124	16	587	228	863	210	545	708	224	122	965	730	721	773	524	6	82	643	879	920	747	402	387	956	380	147	65	512	687	923	987	413	809	701	376	52	989	397	170	403	410	448	478	896	742	971	108	14	442	873	24	78	423	801	320	375	681	407	78	409	268	330	728	118	413	814	950	682	738	723	732	548	292	221	810	894	476	549	136	386	620	928	173	869	575	575	802	273	235	239	250	909	654	865	5	167	447	317	854	373	622	234	353	744	655	513	168	291	107	843	
331	397	968	519	891	882	279	854	865	0	184	283	168	952	392	366	946	610	362	721	249	745	157	477	645	392	26	505	967	1000	365	942	386	428	967	535	826	996	730	447	516	941	484	736	878	921	711	129	280	476	648	736	707	399	879	136	433	456	278	20	806	257	502	765	933	247	934	104	982	174	710	980	742	612	619	186	391	107	667	277	178	491	428	901	674	504	231	863	675	583	907	935	107	310	320	937	631	853	432	275	537	616	757	295	521	142	527	712	890	919	996	955	935	425	589	281	989	427	231	961	186	982	943	955	630	217	74	578	241	388	828	50	294	24	558	595	518	429	30	571	104	595	242	27	311	261	372	43	804	138	
963	120	379	132	505	129	926	933	6	184	0	701	760	710	614	235	119	840	865	525	138	450	142	769	762	754	631	771	797	324	191	841	355	839	672	916	684	459	430	674	996	352	668	898	73	688	349	55	876	816	974	169	782	642	458	560	230	575	37	554	384	459	526	719	367	681	55	732	374	993	814	973	892	872	185	118	510	719	581	259	81	950	632	6	473	898	56	393	603	420	675	805	858	604	48	850	784	294	710	208	570	924	812	101	586	220	153	392	471	99	845	54	999	410	223	3	192	689	408	44	444	497	807	154	979	902	519	536	189	884	743	297	768	185	736	316	342	492	636	186	611	285	196	306	766	445	499	401	182	183	
290	517	105	849	905	664	731	114	905	283	701	0	202	176	487	95	531	737	300	657	754	435	39	437	784	758	719	714	346	456	834	633	994	538	75	196	604	461	693	310	508	409	241	244	342	38	340	45	310	428	629	870	177	785	733	785	835	785	968	766	386	947	139	130	259	689	871	144	788	624	965	878	434	505	425	897	876	71	788	723	135	601	565	700	732	483	8	302	959	840	850	134	584	867	980	16	455	615	422	137	916	714	709	795	757	137	280	93	676	224	487	353	136	602	965	235	578	312	80	910	587	357	190	464	349	185	947	633	511	795	16	112	836	309	622	487	558	259	443	481	454	412	732	400	504	45	708	27	557	874	
379	596	527	384	651	547	92	604	937	168	760	202	0	732	840	681	806	836	638	303	452	808	639	649	215	662	468	916	335	647	994	515	789	509	867	747	362	764	944	263	515	467	21	261	655	693	637	872	859	195	392	287	574	972	2	462	825	392	462	668	610	297	595	373	153	395	525	697	689	926	303	805	331	402	88	424	264	98	620	552	926	163	997	590	109	23	696	839	82	565	581	892	532	260	186	709	813	512	351	738	362	739	183	50	855	768	565	71	197	420	189	481	453	662	45	482	970	648	315	802	946	726	241	765	621	631	671	465	898	290	471	980	237	595	759	54	877	237	946	370	766	610	288	19	90	169	128	685	653	944	
758	809	9	46	711	89	343	879	633	952	710	176	732	0	459	905	345	282	18	749	55	914	34	883	807	721	175	753	754	293	592	705	462	114	889	241	706	725	174	822	987	655	767	365	846	182	806	835	710	362	185	453	824	487	804	570	982	518	911	831	9	809	480	187	410	887	282	821	803	692	414	146	33	109	104	676	284	275	582	343	979	886	941	6	346	363	53	965	525	721	357	976	681	992	305	820	793	139	635	692	799	152	121	384	387	318	286	448	361	6	323	15	54	261	646	446	83	737	699	342	349	89	51	627	340	98	259	221	882	407	158	120	719	617	949	918	411	88	846	35	819	568	875	802	112	223	357	567	692	439	
182	36	585	500	55	626	599	849	627	392	614	487	840	459	0	904	268	566	711	528	975	440	486	76	140	687	323	523	119	10	470	868	573	967	483	482	932	755	97	864	416	529	766	825	839	876	709	443	983	24	162	717	126	486	765	807	90	22	6	24	155	706	272	158	166	192	592	121	387	153	296	761	9	952	367	962	952	765	428	101	719	610	43	473	703	405	574	41	720	600	64	191	675	725	222	177	647	190	527	852	96	116	582	279	725	534	837	841	577	69	348	741	612	182	978	348	474	247	802	683	45	477	970	944	270	109	929	759	570	801	959	154	971	638	242	744	844	396	470	765	833	621	164	539	94	794	382	822	727	642	
801	569	939	710	709	952	529	328	200	366	235	95	681	905	904	0	673	718	840	372	612	897	822	712	872	656	782	601	281	971	372	989	741	31	478	160	586	662	290	373	444	215	965	79	695	536	430	111	818	370	251	47	741	364	890	583	476	554	730	205	444	943	875	170	646	785	571	187	298	924	963	165	398	266	322	101	846	593	768	526	46	477	789	460	830	280	714	353	37	295	464	662	657	103	272	229	702	968	900	572	974	872	388	420	407	35	163	659	323	258	371	647	36	657	261	612	142	814	54	8	722	958	95	292	152	178	572	102	292	387	839	917	5	985	13	452	498	410	481	595	101	953	624	354	877	837	845	935	966	60	
320	966	44	451	467	510	544	631	262	946	119	531	806	345	268	673	0	582	650	644	472	335	687	952	593	229	76	441	90	61	556	343	440	270	923	565	824	941	947	485	800	824	110	296	490	244	669	614	277	722	40	18	540	496	103	569	930	684	328	117	742	607	330	894	340	503	386	448	252	965	260	498	383	249	268	198	935	298	21	653	878	811	754	773	178	954	603	77	703	290	154	391	246	115	815	655	717	345	745	860	518	651	350	725	909	396	300	590	964	447	168	443	281	935	24	940	482	149	220	801	352	917	202	976	122	291	555	349	531	338	23	385	455	853	464	238	281	978	798	425	753	659	791	369	757	631	433	424	789	425	
34	31	903	166	855	562	555	684	4	610	840	737	836	282	566	718	582	0	490	96	11	119	472	527	899	902	365	254	671	243	366	318	206	797	660	668	870	386	474	527	255	807	71	839	274	884	919	840	818	886	917	568	978	663	620	805	952	619	566	906	952	37	268	292	763	538	424	136	433	995	855	359	965	521	699	516	33	892	304	909	298	540	45	153	12	764	885	978	665	876	679	866	654	910	882	114	127	731	285	89	428	399	430	794	460	338	330	625	89	608	533	759	499	156	850	508	266	624	396	157	502	472	494	718	914	272	944	769	609	98	971	159	239	637	967	879	322	859	587	341	730	129	901	925	311	172	579	80	587	890	
494	793	724	751	922	511	668	706	799	362	865	300	638	18	711	840	650	490	0	401	22	8	575	771	837	867	441	310	576	833	958	18	844	408	733	658	535	985	978	671	705	405	70	826	352	94	790	985	343	983	658	500	734	734	881	312	320	41	27	955	568	735	695	857	126	177	855	47	553	425	496	678	709	489	958	610	87	822	112	788	22	695	776	645	789	545	454	347	126	429	549	977	881	564	61	498	245	481	227	262	438	928	742	512	904	518	307	375	123	249	4	212	407	817	772	211	858	152	190	382	632	646	743	590	826	575	640	915	234	417	217	86	798	328	179	277	867	29	844	431	91	207	232	984	42	448	854	623	254	507	
836	232	848	254	525	263	478	56	316	721	525	657	303	749	528	372	644	96	401	0	585	423	77	540	328	363	820	641	313	53	917	7	177	424	648	1	798	116	661	644	513	139	496	302	862	802	727	73	518	961	464	178	431	214	654	119	938	519	758	641	94	360	837	973	907	532	876	633	729	606	679	990	938	514	250	456	325	864	52	110	172	425	849	742	889	469	651	320	724	100	337	535	296	555	99	427	959	18	852	994	931	131	800	80	495	926	208	668	349	875	868	670	673	567	641	854	949	171	75	6	750	800	732	827	599	560	598	480	30	377	741	859	892	507	929	628	472	861	563	947	262	507	581	25	627	826	783	714	204	271	
674	336	588	225	322	340	203	283	389	249	138	754	452	55	975	612	472	11	22	585	0	727	970	832	901	224	334	516	565	719	332	566	995	658	621	540	822	993	273	677	928	450	148	760	935	856	144	323	228	323	835	775	226	662	699	235	337	501	415	621	731	869	951	1000	302	889	143	27	668	713	815	830	623	110	671	835	841	844	922	34	451	718	40	452	228	729	841	901	860	658	742	324	490	17	930	677	691	58	441	409	604	297	287	635	258	958	692	79	871	257	183	710	992	832	697	789	741	799	972	759	416	431	532	168	473	850	788	155	834	502	3	574	695	280	576	245	800	819	236	684	178	601	912	289	770	168	951	473	196	769	
38	507	642	7	454	576	575	200	531	745	450	435	808	914	440	897	335	119	8	423	727	0	133	721	995	198	848	224	354	385	277	516	826	893	166	706	741	919	803	26	339	156	102	138	418	98	324	922	291	871	561	487	226	791	523	380	479	508	994	934	3	126	774	215	117	614	809	125	278	29	246	332	545	306	635	297	983	532	491	440	945	493	295	417	808	576	734	774	634	20	122	801	333	600	349	227	505	153	356	216	113	915	883	425	747	549	794	618	232	712	486	197	709	993	2	982	43	788	591	465	581	99	161	465	688	128	5	978	679	640	312	193	24	440	850	91	624	268	11	851	798	702	772	920	447	203	305	894	382	724	
694	454	822	717	477	439	105	742	391	157	142	39	639	34	486	822	687	472	575	77	970	133	0	77	924	23	452	886	326	452	285	203	571	679	913	724	106	753	957	977	24	442	792	334	117	50	589	741	625	143	900	908	537	168	328	104	70	858	189	850	688	977	208	801	630	433	380	416	601	853	378	258	138	655	552	820	369	90	253	481	8	901	196	827	823	88	175	281	345	260	134	380	151	886	985	582	459	452	162	61	392	308	870	148	864	1	157	140	854	526	832	241	213	176	146	87	800	727	562	607	100	366	681	420	147	4	799	27	42	138	482	874	325	141	858	728	242	406	854	974	723	168	483	732	368	545	215	327	276	245	
245	897	514	342	510	132	469	268	147	477	769	437	649	883	76	712	952	527	771	540	832	721	77	0	809	546	903	592	395	922	244	659	554	775	115	777	509	615	10	810	93	77	368	615	532	546	890	630	929	291	817	473	970	964	499	466	259	722	305	778	255	151	538	451	483	930	862	474	747	821	190	809	512	131	249	27	255	929	938	729	840	252	816	773	388	188	942	254	816	224	308	115	410	218	493	947	538	756	452	989	411	643	208	371	914	827	879	628	726	971	442	17	984	578	374	384	389	41	515	976	105	763	360	381	583	476	638	453	230	446	963	201	590	9	706	464	588	723	930	520	754	62	652	318	618	922	481	593	996	107	
473	253	57	623	30	240	446	574	837	645	762	784	215	807	140	872	593	899	837	328	901	995	924	809	0	891	202	542	284	659	542	972	123	867	775	560	119	460	343	243	392	923	791	309	845	56	464	90	444	343	192	254	870	42	807	642	280	111	770	334	890	550	615	881	137	374	458	88	823	992	232	275	342	699	562	182	377	130	36	895	132	659	166	963	701	946	91	398	466	813	489	714	845	129	272	791	342	485	550	397	535	53	874	230	422	938	719	567	198	704	468	432	687	40	274	74	623	527	325	512	185	167	438	401	109	244	1000	286	800	826	67	791	926	821	94	755	805	144	943	79	348	850	575	142	747	831	50	938	237	339	
500	286	409	816	745	395	230	56	694	392	754	758	662	721	687	656	229	902	867	363	224	198	23	546	891	0	277	106	731	12	667	908	339	352	249	125	961	852	64	903	364	454	603	442	677	654	650	127	563	785	831	872	498	134	535	932	606	917	602	474	946	179	494	307	350	731	977	245	744	618	30	389	74	98	699	524	533	634	528	374	508	707	290	111	668	190	200	455	722	244	542	16	750	174	440	621	886	39	337	453	686	550	493	392	279	344	332	641	717	853	1	45	774	570	129	451	528	303	327	932	505	218	455	77	837	796	297	203	388	914	833	430	98	599	181	617	363	696	807	536	814	912	460	851	113	468	179	731	966	378	
537	963	666	820	594	689	822	504	715	26	631	719	468	175	323	782	76	365	441	820	334	848	452	903	202	277	0	162	811	804	790	358	873	753	909	825	660	455	750	553	31	604	85	94	487	638	946	548	898	255	705	34	529	742	251	322	824	878	149	690	563	626	288	82	27	281	977	824	392	383	849	472	289	909	928	736	755	345	797	331	55	248	34	891	607	36	982	628	849	937	186	631	452	444	792	117	571	590	600	525	289	629	733	456	340	955	576	810	196	883	171	819	206	850	993	399	868	299	404	987	495	198	119	977	696	889	830	534	643	318	138	201	261	111	137	951	959	304	381	61	307	885	204	797	495	124	512	198	888	763	
386	21	429	107	877	726	636	426	883	505	771	714	916	753	523	601	441	254	310	641	516	224	886	592	542	106	162	0	247	405	929	189	718	920	140	521	914	292	88	492	855	92	548	144	549	294	635	292	991	665	144	606	14	402	171	446	885	127	501	125	454	547	120	286	46	691	819	596	468	240	861	373	775	174	111	733	601	940	191	334	422	606	322	766	634	120	658	41	938	299	328	704	649	660	52	178	534	491	323	763	436	42	88	307	595	927	702	584	677	699	628	854	219	68	642	245	616	95	251	140	630	98	252	53	208	114	740	97	144	488	500	901	442	17	769	717	769	334	328	792	609	729	585	124	828	738	999	620	424	825	
885	573	255	680	355	104	103	393	962	967	797	346	335	754	119	281	90	671	576	313	565	354	326	395	284	731	811	247	0	191	55	753	572	943	347	419	395	913	817	507	890	527	283	791	839	313	35	890	117	557	918	445	616	343	961	227	809	778	394	739	388	821	106	931	577	561	994	90	880	474	428	247	873	764	875	73	298	536	774	615	194	215	680	449	758	126	956	526	673	922	463	991	57	662	998	84	936	827	562	942	761	128	329	892	580	434	807	26	75	661	757	430	62	611	497	333	675	493	317	135	530	864	492	526	384	337	674	36	979	485	780	677	654	594	465	802	196	714	671	368	898	17	352	425	112	388	942	25	777	948	
852	737	709	826	928	322	323	793	937	1000	324	456	647	293	10	971	61	243	833	53	719	385	452	922	659	12	804	405	191	0	493	60	780	60	464	438	345	951	927	907	1000	766	839	448	990	161	90	865	873	339	449	37	223	107	704	287	314	440	289	670	358	868	779	679	558	757	363	737	268	408	788	649	568	695	92	624	395	524	775	642	731	302	359	183	249	612	340	999	834	919	969	626	996	37	15	127	505	459	102	182	600	859	441	46	218	87	585	555	3	556	93	683	698	154	473	640	906	315	492	147	577	770	878	935	993	647	818	211	766	232	752	748	143	257	774	251	992	783	760	274	679	769	6	213	365	936	93	991	168	177	
448	916	27	746	420	671	669	455	60	365	191	834	994	592	470	372	556	366	958	917	332	277	285	244	542	667	790	929	55	493	0	776	914	719	193	73	619	702	760	650	269	218	857	545	325	351	801	60	478	664	342	521	30	566	546	713	985	134	944	685	732	900	30	585	84	636	947	1	688	362	619	986	236	712	681	946	320	497	492	578	545	747	653	698	286	698	216	726	117	603	801	176	879	318	649	854	969	744	745	878	829	799	102	911	648	367	301	42	821	740	809	688	330	793	860	285	721	529	978	406	795	877	620	119	128	293	147	600	17	426	162	9	177	27	497	523	873	806	112	921	364	130	337	759	547	18	130	737	465	565	
835	197	947	764	696	330	223	803	583	942	841	633	515	705	868	989	343	318	18	7	566	516	203	659	972	908	358	189	753	60	776	0	673	888	801	796	536	297	855	283	579	846	508	35	495	928	622	343	198	997	575	86	760	759	701	65	68	542	274	214	423	903	629	428	548	852	753	239	478	118	956	862	642	232	786	731	295	102	731	235	306	517	90	71	685	501	104	298	633	797	425	68	420	558	773	935	260	523	97	984	629	222	7	495	439	174	795	338	443	152	288	7	263	884	979	825	817	946	221	469	841	61	439	846	129	710	137	413	105	739	115	149	198	410	800	462	179	633	312	488	307	632	293	850	221	673	240	684	641	126	
385	878	995	890	309	888	503	686	739	386	355	994	789	462	573	741	440	206	844	177	995	826	571	554	123	339	873	718	572	780	914	673	0	452	570	371	716	196	778	814	991	481	152	18	583	454	287	416	409	343	235	781	112	711	12	278	557	962	78	436	5	402	951	904	234	414	481	544	461	799	64	993	730	477	486	344	212	58	454	308	875	325	101	502	731	434	247	773	336	727	353	339	78	594	667	139	157	401	665	391	997	26	178	749	950	549	408	66	100	471	209	154	393	416	237	310	851	519	34	999	71	700	228	466	870	774	912	373	176	231	243	745	878	948	559	648	836	33	30	345	262	69	850	257	474	42	403	740	679	72	
664	255	351	633	70	650	61	852	186	428	839	538	509	114	967	31	270	797	408	424	658	893	679	775	867	352	753	920	943	60	719	888	452	0	946	421	28	977	607	530	437	504	198	420	265	862	687	917	199	469	150	51	267	17	48	212	27	596	639	178	94	1	15	577	431	563	298	526	703	639	745	187	377	406	77	656	634	8	53	324	601	94	400	573	283	38	813	340	265	324	113	804	854	383	841	172	404	298	137	595	215	908	556	660	836	706	300	410	811	827	589	558	34	925	725	390	388	78	263	576	163	893	312	744	49	186	537	54	741	644	14	164	380	297	302	350	806	691	661	338	626	697	822	82	996	363	813	168	711	875	
747	199	61	289	770	308	602	27	906	967	672	75	867	889	483	478	923	660	733	648	621	166	913	115	775	249	909	140	347	464	193	801	570	946	0	988	409	446	312	476	397	207	164	574	390	58	568	986	24	942	463	600	600	517	553	150	351	233	441	705	537	295	408	551	592	843	307	629	199	692	347	116	956	713	212	81	293	588	104	309	527	110	580	954	91	51	708	32	618	551	866	310	434	818	429	637	145	72	8	785	249	948	671	481	333	414	514	306	443	338	419	47	282	483	738	220	446	31	779	770	866	357	462	525	694	461	856	661	97	847	592	338	968	646	21	556	535	854	166	617	231	628	977	696	921	589	776	605	394	394	
129	679	765	379	355	624	960	275	779	535	916	196	747	241	482	160	565	668	658	1	540	706	724	777	560	125	825	521	419	438	73	796	371	421	988	0	384	638	80	426	700	662	412	200	187	560	672	543	357	358	707	995	963	826	523	737	248	966	690	90	74	255	331	652	213	743	607	618	506	338	268	158	268	617	789	324	284	934	191	464	46	735	923	746	131	518	352	160	288	192	723	669	606	997	729	825	787	312	628	730	498	847	693	649	302	173	433	664	845	422	462	610	387	243	247	963	292	359	31	986	30	488	643	316	69	394	51	420	449	417	642	599	238	109	411	692	386	467	895	364	629	634	84	142	556	243	184	23	509	276	
621	12	655	257	556	845	757	988	576	826	684	604	362	706	932	586	824	870	535	798	822	741	106	509	119	961	660	914	395	345	619	536	716	28	409	384	0	127	936	434	470	169	368	24	726	24	979	367	745	8	339	743	108	735	238	857	755	295	344	995	448	914	147	712	286	182	845	448	470	1	193	908	802	430	863	861	169	632	904	925	338	727	445	325	28	305	168	193	413	234	373	137	177	831	410	697	974	560	661	604	413	732	101	76	36	426	995	341	242	420	826	955	426	438	885	897	556	712	56	931	168	648	995	846	941	508	642	335	25	511	247	73	777	497	932	547	611	564	964	521	362	420	306	737	523	422	476	737	117	109	
209	267	621	620	438	687	71	943	300	996	459	461	764	725	755	662	941	386	985	116	993	919	753	615	460	852	455	292	913	951	702	297	196	977	446	638	127	0	176	216	406	417	64	746	828	873	483	664	584	402	460	15	970	656	423	839	321	660	512	823	521	223	294	535	795	135	345	423	639	671	656	710	325	291	982	525	893	645	501	405	611	778	931	422	439	432	469	225	76	171	697	737	911	142	208	829	530	904	932	361	786	599	158	63	550	433	996	471	465	32	425	494	186	286	373	422	834	2	126	426	141	961	423	581	460	816	392	548	138	233	918	329	726	581	668	65	753	641	594	472	376	36	446	619	276	215	505	903	537	101	
547	712	268	460	507	665	12	398	533	730	430	693	944	174	97	290	947	474	978	661	273	803	957	10	343	64	750	88	817	927	760	855	778	607	312	80	936	176	0	147	377	667	533	64	813	368	142	117	66	377	731	134	933	826	632	706	262	797	356	881	248	890	214	916	149	971	564	431	657	973	490	211	461	160	264	150	648	34	504	47	745	897	950	116	79	264	257	110	644	364	961	200	816	79	848	884	130	941	670	727	540	765	184	694	280	10	242	912	437	899	613	846	391	160	81	785	38	414	751	258	189	20	944	280	326	983	10	789	900	747	277	586	705	811	992	132	417	962	658	735	366	603	438	35	30	823	189	68	450	621	
103	346	948	792	647	640	853	643	980	447	674	310	263	822	864	373	485	527	671	644	677	26	977	810	243	903	553	492	507	907	650	283	814	530	476	426	434	216	147	0	898	382	552	918	435	319	763	609	796	535	937	836	72	207	206	437	978	758	368	112	344	474	450	58	434	133	900	125	746	741	715	804	580	408	373	402	271	135	408	6	93	955	707	242	80	870	629	316	997	196	148	212	309	601	769	911	386	516	459	124	399	588	369	781	859	730	972	96	863	320	907	422	277	40	889	115	268	936	692	16	162	532	687	598	433	597	771	780	797	560	74	834	668	706	12	174	127	363	421	47	561	776	742	377	517	246	610	265	245	4	
433	806	603	330	805	943	465	977	124	516	996	508	515	987	416	444	800	255	705	513	928	339	24	93	392	364	31	855	890	1000	269	579	991	437	397	700	470	406	377	898	0	645	377	608	784	896	725	539	20	968	319	500	266	632	88	482	38	380	577	801	556	240	657	125	721	223	591	773	654	984	314	490	522	870	278	264	895	136	939	556	744	472	617	814	866	471	70	409	769	969	316	553	947	629	676	188	915	496	591	492	343	570	775	660	251	817	33	313	737	981	702	819	185	228	570	84	446	374	620	656	697	179	223	846	874	540	745	790	660	304	338	683	249	608	279	51	726	765	456	964	343	760	294	73	534	10	738	446	864	341	
1000	320	881	536	129	866	294	231	16	941	352	409	467	655	529	215	824	807	405	139	450	156	442	77	923	454	604	92	527	766	218	846	481	504	207	662	169	417	667	382	645	0	161	376	400	939	868	633	601	373	624	378	110	455	296	73	308	858	580	598	563	362	868	448	208	177	421	702	367	659	24	523	599	820	775	57	998	543	89	657	87	209	656	505	656	125	969	719	81	760	548	414	922	552	93	790	221	225	138	729	964	920	461	267	60	475	356	130	922	888	160	223	684	646	611	202	539	553	293	933	591	202	640	482	740	110	154	38	732	574	852	122	222	295	657	120	117	722	457	667	684	935	391	586	208	197	303	70	310	45	
343	10	628	481	917	590	995	160	587	484	668	241	21	767	766	965	110	71	70	496	148	102	792	368	791	603	85	548	283	839	857	508	152	198	164	412	368	64	533	552	377	161	0	475	50	23	289	736	427	336	950	885	959	23	345	92	187	348	658	956	775	36	890	750	613	804	706	62	99	868	359	973	653	297	41	461	894	255	107	300	48	735	280	780	650	766	643	42	169	326	479	134	259	777	521	722	856	650	363	727	833	871	74	445	134	908	275	929	386	329	193	147	18	344	138	912	462	95	19	166	191	685	296	6	546	763	144	823	619	135	361	137	422	513	504	430	337	328	852	64	398	981	300	983	952	579	933	249	540	76	
502	287	967	343	128	39	930	244	228	736	898	244	261	365	825	79	296	839	826	302	760	138	334	615	309	442	94	144	791	448	545	35	18	420	574	200	24	746	64	918	608	376	475	0	240	655	778	568	244	894	476	274	736	11	839	947	755	315	215	91	24	994	495	820	172	786	129	106	626	630	571	936	137	103	516	701	292	983	869	591	522	316	306	822	719	671	323	620	971	22	430	59	226	319	248	193	3	750	500	832	820	33	235	456	287	449	813	120	838	44	270	986	700	65	924	848	503	75	288	468	192	522	699	36	149	710	571	565	946	117	759	143	283	487	15	722	821	537	647	183	830	783	965	762	641	669	401	950	174	311	
814	515	22	507	351	298	363	71	863	878	73	342	655	846	839	695	490	274	352	862	935	418	117	532	845	677	487	549	839	990	325	495	583	265	390	187	726	828	813	435	784	400	50	240	0	53	114	274	279	517	331	283	359	689	602	663	784	641	255	94	642	552	166	172	117	723	665	827	104	348	6	345	391	138	427	342	122	883	727	833	796	101	186	867	42	394	280	188	149	674	777	316	568	429	229	213	910	769	271	911	190	144	583	108	1	790	732	758	838	450	554	389	315	459	536	53	654	421	885	383	580	875	549	695	387	639	662	806	139	840	400	145	651	563	668	826	1	38	787	926	673	297	387	222	274	390	710	513	980	378	
319	864	954	632	213	925	996	954	210	921	688	38	693	182	876	536	244	884	94	802	856	98	50	546	56	654	638	294	313	161	351	928	454	862	58	560	24	873	368	319	896	939	23	655	53	0	483	642	719	588	801	726	641	45	297	953	766	945	844	737	213	149	749	995	632	817	903	797	964	841	794	284	154	414	499	831	157	50	449	28	404	412	927	817	227	920	743	253	21	419	859	416	653	622	626	408	870	392	89	773	398	977	960	56	634	612	623	807	439	325	776	900	517	668	550	360	624	944	919	834	570	87	630	588	939	109	644	223	194	211	280	5	553	170	308	848	204	856	194	458	202	266	159	684	904	771	687	731	970	668	
885	241	153	216	523	95	418	187	545	711	349	340	637	806	709	430	669	919	790	727	144	324	589	890	464	650	946	635	35	90	801	622	287	687	568	672	979	483	142	763	725	868	289	778	114	483	0	825	959	883	565	732	878	390	842	690	433	358	585	876	557	355	59	342	109	14	505	557	782	944	114	678	171	150	626	49	986	751	820	469	726	400	492	973	126	912	766	732	863	776	315	365	709	854	461	647	816	26	944	679	228	511	212	190	217	574	928	276	397	576	770	476	294	763	764	322	621	295	929	515	167	209	688	772	262	216	296	582	311	630	117	528	925	408	313	93	46	538	862	168	452	173	523	709	655	419	838	138	633	220	
859	148	701	243	110	422	985	533	708	129	55	45	872	835	443	111	614	840	985	73	323	922	741	630	90	127	548	292	890	865	60	343	416	917	986	543	367	664	117	609	539	633	736	568	274	642	825	0	786	862	603	313	321	744	158	961	659	51	772	259	455	929	519	187	576	870	946	600	172	990	855	390	498	881	937	15	890	13	884	951	202	141	257	784	85	858	326	499	286	807	973	312	414	937	804	592	570	774	269	57	625	165	527	658	517	479	29	704	655	468	540	872	912	33	515	821	341	384	142	356	554	609	988	695	11	768	323	951	503	143	503	477	710	277	66	67	276	839	721	142	894	414	755	22	829	993	432	826	545	756	
959	557	374	401	115	342	637	146	224	280	876	310	859	710	983	818	277	818	343	518	228	291	625	929	444	563	898	991	117	873	478	198	409	199	24	357	745	584	66	796	20	601	427	244	279	719	959	786	0	503	646	15	297	256	46	982	799	835	175	454	856	433	396	10	911	58	823	880	537	102	952	391	459	896	491	504	557	55	237	104	870	679	135	92	24	817	510	390	869	550	370	680	337	441	853	598	970	301	487	841	534	860	32	417	140	243	325	898	342	338	463	754	12	696	944	618	717	238	199	20	746	891	918	844	323	512	394	801	894	813	202	310	261	516	244	572	456	595	85	611	203	760	648	952	936	561	312	833	384	225	
801	743	839	632	960	403	765	993	122	476	816	428	195	362	24	370	722	886	983	961	323	871	143	291	343	785	255	665	557	339	664	997	343	469	942	358	8	402	377	535	968	373	336	894	517	588	883	862	503	0	729	215	358	962	164	715	629	927	761	508	748	288	306	616	766	420	957	177	31	434	291	114	612	705	671	714	786	961	833	848	577	313	451	344	562	619	499	540	847	332	739	863	523	408	181	422	874	294	507	112	953	455	510	823	817	853	686	80	168	34	217	183	161	102	991	30	909	934	437	600	114	209	80	265	907	300	869	105	720	384	270	280	239	570	736	28	611	948	811	344	852	667	65	535	775	792	939	922	880	891	
788	957	96	779	54	804	630	872	965	648	974	629	392	185	162	251	40	917	658	464	835	561	900	817	192	831	705	144	918	449	342	575	235	150	463	707	339	460	731	937	319	624	950	476	331	801	565	603	646	729	0	912	191	413	636	39	675	517	76	760	912	752	76	822	74	64	371	775	422	97	870	671	597	301	428	329	472	676	184	624	692	882	226	909	944	736	991	610	308	896	528	135	732	963	817	242	213	69	739	92	344	228	796	626	181	372	100	849	201	359	372	878	803	715	123	68	363	156	17	751	637	516	431	89	861	656	886	347	138	285	160	503	536	426	268	539	464	152	685	281	107	400	53	268	744	947	214	149	434	56	
764	91	901	723	567	788	15	686	730	736	169	870	287	453	717	47	18	568	500	178	775	487	908	473	254	872	34	606	445	37	521	86	781	51	600	995	743	15	134	836	500	378	885	274	283	726	732	313	15	215	912	0	522	463	693	545	779	912	234	911	165	993	81	440	411	176	382	269	127	244	607	889	166	704	446	687	60	868	722	467	883	264	474	596	682	946	997	776	12	938	963	425	365	700	65	958	716	934	675	37	350	75	794	223	440	783	648	421	751	716	810	698	195	644	446	16	737	672	860	768	248	160	802	132	30	28	138	656	980	418	847	392	207	641	696	795	385	302	20	577	319	125	263	152	660	642	20	869	759	848	
888	406	428	105	39	150	174	137	721	707	782	177	574	824	126	741	540	978	734	431	226	226	537	970	870	498	529	14	616	223	30	760	112	267	600	963	108	970	933	72	266	110	959	736	359	641	878	321	297	358	191	522	0	619	170	896	922	604	819	304	40	69	581	857	693	969	8	572	982	778	100	866	933	272	443	325	375	898	574	776	730	972	714	652	651	866	396	740	688	172	43	627	1	722	637	917	868	290	637	147	178	296	867	427	700	525	388	928	249	91	403	485	732	951	960	688	762	752	952	84	809	944	214	807	680	912	497	710	18	929	573	238	44	528	750	829	746	538	323	815	37	169	935	717	360	317	326	203	899	150	
702	89	785	825	958	83	144	141	773	399	642	785	972	487	486	364	496	663	734	214	662	791	168	964	42	134	742	402	343	107	566	759	711	17	517	826	735	656	826	207	632	455	23	11	689	45	390	744	256	962	413	463	619	0	110	681	991	1000	979	253	882	320	688	542	494	415	426	212	366	245	31	46	568	480	936	580	225	556	235	847	445	301	540	597	678	259	996	961	520	829	834	667	850	42	202	860	303	915	347	804	430	5	758	272	550	390	995	574	110	630	222	930	404	8	178	638	61	536	972	878	341	327	820	890	327	37	728	863	806	542	801	280	797	161	65	913	196	485	349	53	652	860	48	776	310	717	593	927	670	924	
455	290	878	605	778	430	280	489	524	879	458	733	2	804	765	890	103	620	881	654	699	523	328	499	807	535	251	171	961	704	546	701	12	48	553	523	238	423	632	206	88	296	345	839	602	297	842	158	46	164	636	693	170	110	0	790	526	518	493	56	290	328	985	576	201	19	976	795	807	458	552	90	59	594	852	85	569	619	673	26	640	48	117	216	894	170	696	432	755	466	40	670	604	838	127	293	737	774	608	417	849	215	579	129	780	255	524	140	42	746	818	858	762	701	999	255	805	193	844	740	628	723	15	639	166	577	423	580	783	559	703	532	470	298	897	868	134	741	869	761	688	739	306	19	526	164	868	999	754	875	
251	96	812	875	434	971	88	925	6	136	560	785	462	570	807	583	569	805	312	119	235	380	104	466	642	932	322	446	227	287	713	65	278	212	150	737	857	839	706	437	482	73	92	947	663	953	690	961	982	715	39	545	896	681	790	0	687	786	656	943	643	946	378	537	928	71	635	213	932	82	566	981	419	997	320	266	966	740	91	340	399	66	836	684	563	47	671	320	33	568	33	903	323	423	703	677	651	93	37	929	376	789	97	502	616	59	594	935	1000	645	899	262	922	561	812	934	638	7	851	671	716	248	470	731	328	447	508	927	927	367	413	787	986	453	160	606	217	831	820	435	330	893	360	185	186	687	486	402	210	336	
526	904	19	683	492	703	665	858	82	433	230	835	825	982	90	476	930	952	320	938	337	479	70	259	280	606	824	885	809	314	985	68	557	27	351	248	755	321	262	978	38	308	187	755	784	766	433	659	799	629	675	779	922	991	526	687	0	653	41	357	913	359	674	802	937	923	789	349	75	476	219	123	649	377	4	438	480	150	576	421	443	322	828	527	92	643	464	113	33	503	743	71	116	540	870	64	357	979	664	997	331	312	313	554	801	277	450	590	406	648	284	448	264	930	881	611	585	513	383	819	642	960	894	64	31	837	573	610	252	468	992	278	407	530	204	457	109	381	358	705	633	130	377	692	474	694	998	283	437	545	
716	528	968	215	639	214	920	986	643	456	575	785	392	518	22	554	684	619	41	519	501	508	858	722	111	917	878	127	778	440	134	542	962	596	233	966	295	660	797	758	380	858	348	315	641	945	358	51	835	927	517	912	604	1000	518	786	653	0	241	671	787	112	585	728	837	522	856	42	476	854	716	856	269	419	222	109	318	647	721	609	650	860	253	840	899	192	876	258	313	636	772	958	101	183	639	784	795	852	215	133	664	361	750	653	584	249	741	736	19	797	731	148	336	782	432	222	211	366	179	198	571	896	65	304	831	693	847	208	707	993	730	534	757	349	740	378	869	974	330	202	44	917	316	426	572	592	860	339	160	226	
501	566	687	104	653	583	856	177	879	278	37	968	462	911	6	730	328	566	27	758	415	994	189	305	770	602	149	501	394	289	944	274	78	639	441	690	344	512	356	368	577	580	658	215	255	844	585	772	175	761	76	234	819	979	493	656	41	241	0	307	327	501	655	96	276	466	298	810	999	460	634	368	299	13	242	607	2	181	528	604	242	842	929	675	340	92	667	759	337	740	611	395	894	551	687	192	314	109	182	560	718	174	143	451	892	231	296	239	282	433	833	69	537	868	352	977	41	98	133	779	464	326	192	852	403	399	522	35	804	640	666	401	876	898	337	185	954	291	368	260	237	465	952	115	103	194	1	127	242	950	
337	83	143	790	615	689	342	281	920	20	554	766	668	831	24	205	117	906	955	641	621	934	850	778	334	474	690	125	739	670	685	214	436	178	705	90	995	823	881	112	801	598	956	91	94	737	876	259	454	508	760	911	304	253	56	943	357	671	307	0	264	918	447	535	11	54	917	351	599	191	231	715	596	604	314	71	246	363	693	850	144	565	441	347	468	256	435	364	294	299	143	238	618	65	583	830	403	649	453	174	574	349	726	607	725	483	359	597	656	665	796	875	145	788	422	545	647	585	829	539	782	637	735	180	901	691	112	683	304	717	122	797	854	781	358	827	102	12	668	309	30	890	56	646	492	759	573	450	736	321	
871	89	994	260	607	962	941	259	747	806	384	386	610	9	155	444	742	952	568	94	731	3	688	255	890	946	563	454	388	358	732	423	5	94	537	74	448	521	248	344	556	563	775	24	642	213	557	455	856	748	912	165	40	882	290	643	913	787	327	264	0	830	422	545	23	499	688	336	390	913	415	18	146	525	75	761	183	74	503	605	512	617	198	511	960	440	756	599	119	470	151	431	335	550	262	495	375	242	600	58	640	274	120	377	791	54	328	598	66	456	772	484	431	141	720	765	377	21	572	20	939	784	895	876	82	44	850	680	279	29	686	189	42	356	744	581	709	588	268	885	832	264	849	282	560	896	956	367	70	814	
691	514	289	434	645	990	852	626	402	257	459	947	297	809	706	943	607	37	735	360	869	126	977	151	550	179	626	547	821	868	900	903	402	1	295	255	914	223	890	474	240	362	36	994	552	149	355	929	433	288	752	993	69	320	328	946	359	112	501	918	830	0	542	369	333	676	626	199	372	9	58	444	893	644	177	296	780	727	471	430	532	335	536	591	999	363	262	142	125	868	984	645	15	708	427	328	611	329	984	744	203	780	302	500	41	733	930	699	694	362	332	788	324	224	235	666	440	329	780	578	620	294	511	607	379	767	994	712	127	720	234	768	855	102	311	86	125	899	264	862	208	646	671	120	884	975	630	743	915	305	
983	651	49	522	20	274	594	969	387	502	526	139	595	480	272	875	330	268	695	837	951	774	208	538	615	494	288	120	106	779	30	629	951	15	408	331	147	294	214	450	657	868	890	495	166	749	59	519	396	306	76	81	581	688	985	378	674	585	655	447	422	542	0	89	629	742	673	166	477	380	158	627	633	663	313	639	45	266	359	820	347	439	532	427	769	633	835	840	184	54	867	911	670	535	916	816	471	995	827	815	463	656	761	487	35	43	131	87	800	491	342	717	724	857	585	827	316	634	591	808	646	872	901	432	280	534	889	198	344	314	764	713	221	432	26	508	230	829	455	163	170	937	715	827	255	217	729	337	919	531	
15	938	498	571	766	896	614	526	956	765	719	130	373	187	158	170	894	292	857	973	1000	215	801	451	881	307	82	286	931	679	585	428	904	577	551	652	712	535	916	58	125	448	750	820	172	995	342	187	10	616	822	440	857	542	576	537	802	728	96	535	545	369	89	0	757	550	696	883	868	777	851	30	593	557	320	909	357	44	87	52	878	245	362	547	356	146	809	901	88	893	46	560	429	220	906	692	507	354	896	903	585	152	113	728	340	452	71	722	198	689	149	748	584	487	871	999	626	477	823	799	938	363	567	197	940	205	822	677	962	589	868	948	660	231	776	452	9	292	333	434	902	919	944	567	582	876	565	951	155	522	
811	494	736	419	525	483	414	430	380	933	367	259	153	410	166	646	340	763	126	907	302	117	630	483	137	350	27	46	577	558	84	548	234	431	592	213	286	795	149	434	721	208	613	172	117	632	109	576	911	766	74	411	693	494	201	928	937	837	276	11	23	333	629	757	0	994	863	620	302	124	482	775	410	193	861	417	398	838	769	188	614	234	913	496	259	210	229	645	7	454	751	720	363	84	444	317	115	860	516	195	85	84	429	470	421	228	509	737	5	629	927	826	291	397	945	962	387	870	27	325	847	649	354	719	908	436	949	976	479	404	232	66	328	647	327	352	750	656	237	265	410	360	647	717	256	555	730	583	716	314	
151	283	887	162	44	362	340	659	147	247	681	689	395	887	192	785	503	538	177	532	889	614	433	930	374	731	281	691	561	757	636	852	414	563	843	743	182	135	971	133	223	177	804	786	723	817	14	870	58	420	64	176	969	415	19	71	923	522	466	54	499	676	742	550	994	0	252	164	265	711	553	707	320	390	516	861	535	289	905	575	32	380	736	469	299	579	317	682	926	521	422	565	124	283	805	102	365	140	295	642	549	738	644	219	950	848	855	115	362	165	16	938	435	685	648	735	438	623	69	611	945	431	791	332	440	69	594	976	998	781	53	728	377	576	578	200	927	316	487	748	504	431	165	12	628	257	863	475	463	859	
265	325	603	888	30	115	262	221	65	934	55	871	525	282	592	571	386	424	855	876	143	809	380	862	458	977	977	819	994	363	947	753	481	298	307	607	845	345	564	900	591	421	706	129	665	903	505	946	823	957	371	382	8	426	976	635	789	856	298	917	688	626	673	696	863	252	0	4	781	401	474	185	464	211	385	409	228	359	502	926	949	663	291	357	697	225	592	132	253	898	863	71	597	472	160	380	884	828	806	452	632	240	170	379	273	605	151	145	131	201	165	282	859	942	626	403	703	598	846	246	616	710	525	576	596	913	58	936	639	455	970	627	171	557	799	814	488	719	271	819	757	354	932	761	263	447	309	493	849	109	
785	147	640	246	413	599	548	353	512	104	732	144	697	821	121	187	448	136	47	633	27	125	416	474	88	245	824	596	90	737	1	239	544	526	629	618	448	423	431	125	773	702	62	106	827	797	557	600	880	177	775	269	572	212	795	213	349	42	810	351	336	199	166	883	620	164	4	0	540	557	149	967	393	406	322	670	912	307	679	655	70	98	119	384	545	202	933	343	329	568	657	733	98	202	763	105	283	755	640	903	44	528	420	690	427	106	495	543	48	701	498	437	970	88	67	674	657	759	687	663	661	414	720	23	23	486	215	4	942	436	756	363	485	360	251	297	804	644	241	877	627	366	312	736	590	407	16	850	213	669	
307	767	280	910	939	186	300	989	687	982	374	788	689	803	387	298	252	433	553	729	668	278	601	747	823	744	392	468	880	268	688	478	461	703	199	506	470	639	657	746	654	367	99	626	104	964	782	172	537	31	422	127	982	366	807	932	75	476	999	599	390	372	477	868	302	265	781	540	0	87	327	747	965	777	458	130	461	499	697	125	442	516	257	127	989	29	131	146	803	795	327	873	749	435	184	762	213	605	417	358	387	28	678	356	487	765	349	981	479	285	126	657	723	648	594	65	87	856	232	758	257	99	94	611	340	896	573	998	324	115	189	373	570	127	916	166	58	331	553	663	92	504	165	576	656	754	229	693	598	933	
724	328	664	358	186	655	581	515	923	174	993	624	926	692	153	924	965	995	425	606	713	29	853	821	992	618	383	240	474	408	362	118	799	639	692	338	1	671	973	741	984	659	868	630	348	841	944	990	102	434	97	244	778	245	458	82	476	854	460	191	913	9	380	777	124	711	401	557	87	0	569	233	332	434	920	263	593	753	624	330	906	769	296	832	146	327	777	306	184	460	237	168	659	106	150	835	201	839	794	770	201	643	269	305	405	791	631	319	701	622	752	470	479	360	642	145	547	61	318	193	183	311	345	248	742	835	576	674	974	90	1	657	777	466	692	464	276	498	595	97	591	607	534	115	453	160	209	854	173	552	
660	662	624	782	893	175	466	182	987	710	814	965	303	414	296	963	260	855	496	679	815	246	378	190	232	30	849	861	428	788	619	956	64	745	347	268	193	656	490	715	314	24	359	571	6	794	114	855	952	291	870	607	100	31	552	566	219	716	634	231	415	58	158	851	482	553	474	149	327	569	0	594	618	31	453	669	559	635	693	99	477	174	561	339	776	246	140	287	108	329	61	490	55	697	835	472	639	586	544	527	33	927	282	589	356	290	326	778	286	907	701	607	381	123	948	375	152	496	887	269	159	67	158	542	408	721	762	304	636	528	297	435	121	683	288	680	937	174	777	551	979	93	142	845	200	259	124	453	105	919	
36	864	579	680	405	906	625	620	413	980	973	878	805	146	761	165	498	359	678	990	830	332	258	809	275	389	472	373	247	649	986	862	993	187	116	158	908	710	211	804	490	523	973	936	345	284	678	390	391	114	671	889	866	46	90	981	123	856	368	715	18	444	627	30	775	707	185	967	747	233	594	0	259	246	215	884	805	286	508	800	29	854	680	277	610	86	390	583	564	937	800	253	831	413	791	235	621	324	736	143	601	766	91	411	297	755	326	522	731	803	538	342	140	712	29	186	548	639	176	740	198	899	136	677	615	634	938	875	237	644	235	223	762	281	631	67	833	27	523	78	536	484	748	27	782	864	689	494	351	870	
593	204	941	982	965	866	714	687	809	742	892	434	331	33	9	398	383	965	709	938	623	545	138	512	342	74	289	775	873	568	236	642	730	377	956	268	802	325	461	580	522	599	653	137	391	154	171	498	459	612	597	166	933	568	59	419	649	269	299	596	146	893	633	593	410	320	464	393	965	332	618	259	0	182	305	533	723	283	255	434	728	701	527	572	406	163	762	936	511	75	256	186	454	54	304	691	33	753	735	508	453	582	331	130	332	946	864	402	267	632	914	999	287	494	205	74	369	967	450	554	46	377	850	4	356	615	535	612	930	465	81	821	88	147	639	941	119	67	271	197	850	183	168	127	749	799	661	608	685	6	
301	732	881	423	953	146	414	498	701	612	872	505	402	109	952	266	249	521	489	514	110	306	655	131	699	98	909	174	764	695	712	232	477	406	713	617	430	291	160	408	870	820	297	103	138	414	150	881	896	705	301	704	272	480	594	997	377	419	13	604	525	644	663	557	193	390	211	406	777	434	31	246	182	0	789	225	24	319	921	657	750	582	229	589	272	932	722	786	768	199	19	177	410	746	887	333	953	992	415	578	564	159	153	902	506	394	708	196	893	751	348	70	579	619	496	315	626	731	514	722	493	612	655	942	922	245	272	482	447	27	176	983	724	717	903	403	609	922	183	356	875	888	677	430	484	766	497	129	177	340	
363	97	624	581	202	47	91	361	376	619	185	425	88	104	367	322	268	699	958	250	671	635	552	249	562	699	928	111	875	92	681	786	486	77	212	789	863	982	264	373	278	775	41	516	427	499	626	937	491	671	428	446	443	936	852	320	4	222	242	314	75	177	313	320	861	516	385	322	458	920	453	215	305	789	0	817	742	352	169	155	675	153	965	258	573	436	705	91	150	299	987	177	120	697	366	381	537	276	10	258	711	959	583	584	5	652	1000	727	214	432	102	175	529	214	602	949	862	184	192	152	993	675	776	669	780	707	718	520	138	711	228	876	145	38	79	157	863	555	87	611	297	213	859	794	991	457	685	880	324	884	
434	227	15	737	391	712	713	667	52	186	118	897	424	676	962	101	198	516	610	456	835	297	820	27	182	524	736	733	73	624	946	731	344	656	81	324	861	525	150	402	264	57	461	701	342	831	49	15	504	714	329	687	325	580	85	266	438	109	607	71	761	296	639	909	417	861	409	670	130	263	669	884	533	225	817	0	569	471	365	779	724	348	440	198	650	238	271	341	792	123	221	609	940	807	960	238	42	807	640	871	408	677	262	851	108	92	496	655	668	47	765	84	607	453	180	194	586	992	690	637	709	790	755	487	375	407	496	62	439	385	218	511	93	376	878	371	833	665	402	313	770	465	791	373	729	658	31	879	631	662	
936	878	224	561	53	448	34	633	989	391	510	876	264	284	952	846	935	33	87	325	841	983	369	255	377	533	755	601	298	395	320	295	212	634	293	284	169	893	648	271	895	998	894	292	122	157	986	890	557	786	472	60	375	225	569	966	480	318	2	246	183	780	45	357	398	535	228	912	461	593	559	805	723	24	742	569	0	16	79	123	175	282	720	737	22	310	2	848	154	728	164	11	259	550	305	882	879	393	67	369	197	755	510	762	905	889	134	335	944	52	531	10	308	899	748	128	529	115	506	507	961	657	790	472	654	935	254	185	518	541	356	411	835	74	367	442	411	371	998	3	421	468	866	410	958	421	708	870	235	798	
581	965	524	64	419	139	764	818	397	107	719	71	98	275	765	593	298	892	822	864	844	532	90	929	130	634	345	940	536	524	497	102	58	8	588	934	632	645	34	135	136	543	255	983	883	50	751	13	55	961	676	868	898	556	619	740	150	647	181	363	74	727	266	44	838	289	359	307	499	753	635	286	283	319	352	471	16	0	639	954	88	286	278	237	168	488	129	428	333	711	244	55	323	340	897	641	824	117	208	387	799	344	499	964	165	529	127	962	491	888	775	324	85	918	443	51	66	146	154	669	118	791	28	676	492	16	363	991	64	326	658	688	900	937	927	142	169	86	533	387	72	320	301	817	9	578	798	336	500	716	
597	91	848	78	208	697	28	408	170	667	581	788	620	582	428	768	21	304	112	52	922	491	253	938	36	528	797	191	774	775	492	731	454	53	104	191	904	501	504	408	939	89	107	869	727	449	820	884	237	833	184	722	574	235	673	91	576	721	528	693	503	471	359	87	769	905	502	679	697	624	693	508	255	921	169	365	79	639	0	330	331	631	692	395	100	527	974	573	29	322	919	710	320	901	375	188	17	249	517	542	347	339	903	678	1000	652	618	13	734	670	415	968	366	601	351	497	134	965	496	648	585	224	144	884	917	866	425	636	494	886	38	539	721	772	621	684	739	6	413	458	867	968	562	460	94	27	495	110	266	763	
787	261	938	253	571	460	354	40	403	277	259	723	552	343	101	526	653	909	788	110	34	440	481	729	895	374	331	334	615	642	578	235	308	324	309	464	925	405	47	6	556	657	300	591	833	28	469	951	104	848	624	467	776	847	26	340	421	609	604	850	605	430	820	52	188	575	926	655	125	330	99	800	434	657	155	779	123	954	330	0	268	483	92	200	504	626	558	210	264	167	539	65	352	531	373	739	97	870	33	871	828	660	41	369	190	974	667	415	573	243	736	164	82	591	815	347	223	546	538	703	243	987	722	40	723	991	151	960	596	637	410	246	286	844	543	971	203	759	69	467	360	63	464	367	443	954	617	569	390	483	
70	113	496	534	822	190	590	217	410	178	81	135	926	979	719	46	878	298	22	172	451	945	8	840	132	508	55	422	194	731	545	306	875	601	527	46	338	611	745	93	744	87	48	522	796	404	726	202	870	577	692	883	730	445	640	399	443	650	242	144	512	532	347	878	614	32	949	70	442	906	477	29	728	750	675	724	175	88	331	268	0	139	767	51	618	209	499	905	782	47	274	21	160	302	868	700	161	877	220	376	70	884	928	889	667	818	619	190	942	425	505	45	902	320	179	87	356	466	940	439	232	341	642	989	159	670	513	774	691	226	453	430	780	528	974	448	614	918	825	108	930	1	229	555	730	25	67	624	343	92	
434	465	304	769	6	948	363	171	448	491	950	601	163	886	610	477	811	540	695	425	718	493	901	252	659	707	248	606	215	302	747	517	325	94	110	735	727	778	897	955	472	209	735	316	101	412	400	141	679	313	882	264	972	301	48	66	322	860	842	565	617	335	439	245	234	380	663	98	516	769	174	854	701	582	153	348	282	286	631	483	139	0	57	128	597	225	376	915	434	840	389	235	675	760	125	188	535	713	589	884	320	564	473	853	607	240	387	241	823	878	678	574	733	750	51	330	526	339	444	928	98	437	744	835	816	862	46	419	529	288	957	534	433	540	707	488	972	797	828	286	197	255	150	24	525	938	858	661	130	612	
643	1000	793	47	308	640	973	823	478	428	632	565	997	941	43	789	754	45	776	849	40	295	196	816	166	290	34	322	680	359	653	90	101	400	580	923	445	931	950	707	617	656	280	306	186	927	492	257	135	451	226	474	714	540	117	836	828	253	929	441	198	536	532	362	913	736	291	119	257	296	561	680	527	229	965	440	720	278	692	92	767	57	0	862	563	270	989	793	351	978	364	142	762	266	163	533	757	298	311	254	718	569	234	368	59	797	212	201	166	496	983	918	226	450	578	837	461	918	785	489	583	721	546	463	498	560	619	206	474	650	323	732	422	791	638	863	24	798	21	976	370	965	45	407	457	684	62	395	670	787	
6	738	423	933	554	23	705	876	896	901	6	700	590	6	473	460	773	153	645	742	452	417	827	773	963	111	891	766	449	183	698	71	502	573	954	746	325	422	116	242	814	505	780	822	867	817	973	784	92	344	909	596	652	597	216	684	527	840	675	347	511	591	427	547	496	469	357	384	127	832	339	277	572	589	258	198	737	237	395	200	51	128	862	0	15	57	354	998	441	175	82	773	697	441	92	153	241	875	353	500	1	136	132	233	170	667	409	868	652	4	41	498	337	214	413	468	401	686	977	224	991	566	75	345	107	131	812	168	410	772	903	947	843	748	591	597	131	122	702	613	628	359	155	948	585	559	555	329	797	75	
407	536	24	742	969	753	882	415	742	674	473	732	109	346	703	830	178	12	789	889	228	808	823	388	701	668	607	634	758	249	286	685	731	283	91	131	28	439	79	80	866	656	650	719	42	227	126	85	24	562	944	682	651	678	894	563	92	899	340	468	960	999	769	356	259	299	697	545	989	146	776	610	406	272	573	650	22	168	100	504	618	597	563	15	0	859	743	893	46	749	722	91	447	858	750	924	863	639	617	284	764	938	82	289	308	303	225	165	622	302	784	512	581	831	515	357	887	129	60	523	605	479	970	256	524	941	347	329	12	769	384	45	749	661	808	10	547	676	503	519	682	475	456	269	18	922	17	832	57	171	
798	70	946	405	736	451	366	890	971	504	898	483	23	363	405	280	954	764	545	469	729	576	88	188	946	190	36	120	126	612	698	501	434	38	51	518	305	432	264	870	471	125	766	671	394	920	912	858	817	619	736	946	866	259	170	47	643	192	92	256	440	363	633	146	210	579	225	202	29	327	246	86	163	932	436	238	310	488	527	626	209	225	270	57	859	0	374	10	893	282	393	41	769	333	872	848	130	142	591	908	474	111	520	648	45	158	560	547	698	689	803	687	28	843	371	342	490	464	813	392	676	349	141	184	791	100	396	688	786	246	198	26	746	57	729	233	827	797	818	935	800	521	130	584	357	323	658	766	130	208	
819	957	231	187	595	885	64	650	108	231	56	8	696	53	574	714	603	885	454	651	841	734	175	942	91	200	982	658	956	340	216	104	247	813	708	352	168	469	257	629	70	969	643	323	280	743	766	326	510	499	991	997	396	996	696	671	464	876	667	435	756	262	835	809	229	317	592	933	131	777	140	390	762	722	705	271	2	129	974	558	499	376	989	354	743	374	0	434	695	539	281	912	324	238	23	151	43	436	512	406	616	108	899	35	15	109	208	247	204	82	267	900	991	331	194	268	658	585	861	220	157	489	782	713	629	726	449	370	16	584	709	798	724	537	219	39	224	154	720	127	939	681	782	273	388	470	463	676	97	38	
776	863	3	112	501	971	639	759	14	863	393	302	839	965	41	353	77	978	347	320	901	774	281	254	398	455	628	41	526	999	726	298	773	340	32	160	193	225	110	316	409	719	42	620	188	253	732	499	390	540	610	776	740	961	432	320	113	258	759	364	599	142	840	901	645	682	132	343	146	306	287	583	936	786	91	341	848	428	573	210	905	915	793	998	893	10	434	0	972	83	468	888	731	329	635	606	975	371	231	694	781	966	231	353	932	732	6	652	764	280	626	933	179	570	239	112	779	591	763	339	280	632	531	678	416	391	942	967	996	245	456	741	847	47	386	772	204	570	24	105	717	612	747	214	361	805	688	711	661	343	
35	658	559	457	88	256	273	812	442	675	603	959	82	525	720	37	703	665	126	724	860	634	345	816	466	722	849	938	673	834	117	633	336	265	618	288	413	76	644	997	769	81	169	971	149	21	863	286	869	847	308	12	688	520	755	33	33	313	337	294	119	125	184	88	7	926	253	329	803	184	108	564	511	768	150	792	154	333	29	264	782	434	351	441	46	893	695	972	0	936	142	382	866	234	228	766	539	518	938	390	165	979	431	131	256	500	50	460	633	622	674	58	35	221	99	489	925	95	613	574	35	961	536	65	481	377	722	349	261	627	77	366	77	1000	978	34	121	716	946	683	2	591	639	444	307	959	670	514	799	804	
656	487	475	88	380	179	496	914	873	583	420	840	565	721	600	295	290	876	429	100	658	20	260	224	813	244	937	299	922	919	603	797	727	324	551	192	234	171	364	196	969	760	326	22	674	419	776	807	550	332	896	938	172	829	466	568	503	636	740	299	470	868	54	893	454	521	898	568	795	460	329	937	75	199	299	123	728	711	322	167	47	840	978	175	749	282	539	83	936	0	744	621	83	548	417	207	406	511	1000	372	54	134	984	619	548	239	791	596	947	12	421	114	612	477	95	403	734	11	741	877	461	607	456	11	216	474	881	176	655	638	718	220	29	269	461	869	842	793	630	496	349	963	707	248	400	735	564	406	163	488	
844	554	203	190	517	165	440	524	24	907	675	850	581	357	64	464	154	679	549	337	742	122	134	308	489	542	186	328	463	969	801	425	353	113	866	723	373	697	961	148	316	548	479	430	777	859	315	973	370	739	528	963	43	834	40	33	743	772	611	143	151	984	867	46	751	422	863	657	327	237	61	800	256	19	987	221	164	244	919	539	274	389	364	82	722	393	281	468	142	744	0	401	577	638	745	383	896	705	580	759	134	247	973	723	916	538	561	346	94	920	812	838	823	255	977	772	374	925	806	148	29	523	870	706	871	754	672	884	67	367	72	156	726	355	413	912	357	550	371	913	595	365	361	649	72	905	294	88	571	211	
884	615	743	697	692	507	164	811	78	935	805	134	892	976	191	662	391	866	977	535	324	801	380	115	714	16	631	704	991	626	176	68	339	804	310	669	137	737	200	212	553	414	134	59	316	416	365	312	680	863	135	425	627	667	670	903	71	958	395	238	431	645	911	560	720	565	71	733	873	168	490	253	186	177	177	609	11	55	710	65	21	235	142	773	91	41	912	888	382	621	401	0	112	840	26	749	701	448	39	394	829	62	188	96	991	144	162	317	372	837	383	272	193	472	399	530	185	181	612	84	986	94	640	442	758	984	18	857	357	922	384	69	105	518	868	334	978	299	906	164	179	634	937	760	53	72	88	853	314	907	
163	396	668	966	906	262	374	335	423	107	858	584	532	681	675	657	246	654	881	296	490	333	151	410	845	750	452	649	57	996	879	420	78	854	434	606	177	911	816	309	947	922	259	226	568	653	709	414	337	523	732	365	1	850	604	323	116	101	894	618	335	15	670	429	363	124	597	98	749	659	55	831	454	410	120	940	259	323	320	352	160	675	762	697	447	769	324	731	866	83	577	112	0	986	887	493	736	941	731	64	44	808	711	46	161	3	987	834	596	819	65	200	165	214	624	378	863	140	615	109	728	734	776	158	883	379	955	551	692	625	653	798	603	66	648	576	701	247	517	802	600	928	583	728	94	829	818	498	899	519	
394	926	58	317	261	538	388	307	801	310	604	867	260	992	725	103	115	910	564	555	17	600	886	218	129	174	444	660	662	37	318	558	594	383	818	997	831	142	79	601	629	552	777	319	429	622	854	937	441	408	963	700	722	42	838	423	540	183	551	65	550	708	535	220	84	283	472	202	435	106	697	413	54	746	697	807	550	340	901	531	302	760	266	441	858	333	238	329	234	548	638	840	986	0	516	51	498	738	131	411	588	615	239	728	915	333	176	249	135	408	619	355	814	725	722	311	417	492	266	700	101	55	329	745	7	938	151	470	100	684	444	451	88	925	235	728	557	496	197	79	926	787	121	320	508	836	826	579	289	143	
674	211	371	954	728	757	499	587	320	320	48	980	186	305	222	272	815	882	61	99	930	349	985	493	272	440	792	52	998	15	649	773	667	841	429	729	410	208	848	769	676	93	521	248	229	626	461	804	853	181	817	65	637	202	127	703	870	639	687	583	262	427	916	906	444	805	160	763	184	150	835	791	304	887	366	960	305	897	375	373	868	125	163	92	750	872	23	635	228	417	745	26	887	516	0	497	315	243	453	669	81	803	511	521	486	831	787	405	333	797	414	751	784	273	803	75	474	921	99	424	77	526	541	518	37	574	992	741	605	544	607	743	912	23	148	473	818	419	448	397	97	556	129	676	262	993	965	330	64	184	
485	465	255	43	12	649	139	444	375	937	850	16	709	820	177	229	655	114	498	427	677	227	582	947	791	621	117	178	84	127	854	935	139	172	637	825	697	829	884	911	188	790	722	193	213	408	647	592	598	422	242	958	917	860	293	677	64	784	192	830	495	328	816	692	317	102	380	105	762	835	472	235	691	333	381	238	882	641	188	739	700	188	533	153	924	848	151	606	766	207	383	749	493	51	497	0	111	882	227	886	752	109	101	289	23	773	505	532	124	918	560	59	473	631	556	864	394	501	535	21	991	673	828	843	255	643	931	362	768	159	43	570	940	911	99	266	557	913	945	470	405	490	863	118	751	395	851	669	610	188	
392	31	241	200	326	178	156	918	681	631	784	455	813	793	647	702	717	127	245	959	691	505	459	538	342	886	571	534	936	505	969	260	157	404	145	787	974	530	130	386	915	221	856	3	910	870	816	570	970	874	213	716	868	303	737	651	357	795	314	403	375	611	471	507	115	365	884	283	213	201	639	621	33	953	537	42	879	824	17	97	161	535	757	241	863	130	43	975	539	406	896	701	736	498	315	111	0	582	968	559	950	744	456	433	157	138	761	885	693	323	299	370	92	879	992	162	25	756	128	569	916	111	298	350	782	919	772	336	626	696	60	570	796	108	735	50	944	428	35	455	6	469	65	793	821	969	309	741	822	67	
84	854	284	942	251	318	803	178	407	853	294	615	512	139	190	968	345	731	481	18	58	153	452	756	485	39	590	491	827	459	744	523	401	298	72	312	560	904	941	516	496	225	650	750	769	392	26	774	301	294	69	934	290	915	774	93	979	852	109	649	242	329	995	354	860	140	828	755	605	839	586	324	753	992	276	807	393	117	249	870	877	713	298	875	639	142	436	371	518	511	705	448	941	738	243	882	582	0	776	833	115	271	45	349	815	344	683	603	679	476	83	632	274	382	554	147	469	299	193	573	162	479	59	754	657	113	639	607	255	372	119	132	399	831	232	932	831	543	579	235	604	43	171	992	296	328	520	323	891	158	
924	447	800	387	712	484	314	139	78	432	710	422	351	635	527	900	745	285	227	852	441	356	162	452	550	337	600	323	562	102	745	97	665	137	8	628	661	932	670	459	591	138	363	500	271	89	944	269	487	507	739	675	637	347	608	37	664	215	182	453	600	984	827	896	516	295	806	640	417	794	544	736	735	415	10	640	67	208	517	33	220	589	311	353	617	591	512	231	938	1000	580	39	731	131	453	227	968	776	0	899	280	535	187	747	820	321	271	599	479	125	1000	669	427	777	423	11	461	476	994	444	777	888	963	813	611	319	305	976	971	602	165	864	256	279	488	95	584	764	851	621	486	775	575	905	6	951	199	725	166	481	
952	918	466	354	3	855	343	114	409	275	208	137	738	692	852	572	860	89	262	994	409	216	61	989	397	453	525	763	942	182	878	984	391	595	785	730	604	361	727	124	492	729	727	832	911	773	679	57	841	112	92	37	147	804	417	929	997	133	560	174	58	744	815	903	195	642	452	903	358	770	527	143	508	578	258	871	369	387	542	871	376	884	254	500	284	908	406	694	390	372	759	394	64	411	669	886	559	833	899	0	546	461	101	412	485	920	16	38	504	307	434	82	160	762	52	161	646	272	125	330	709	256	860	861	858	45	108	20	455	303	687	811	344	320	566	982	609	454	912	301	951	329	153	580	967	543	396	190	989	486	
725	211	770	845	411	852	215	138	268	537	570	916	362	799	96	974	518	428	438	931	604	113	392	411	535	686	289	436	761	600	829	629	997	215	249	498	413	786	540	399	343	964	833	820	190	398	228	625	534	953	344	350	178	430	849	376	331	664	718	574	640	203	463	585	85	549	632	44	387	201	33	601	453	564	711	408	197	799	347	828	70	320	718	1	764	474	616	781	165	54	134	829	44	588	81	752	950	115	280	546	0	388	291	222	410	776	583	903	39	302	541	775	26	841	820	898	443	93	104	784	29	946	196	37	129	287	199	626	584	658	453	677	144	965	384	908	409	50	222	135	112	411	468	655	828	779	99	321	759	321	
482	768	809	693	908	681	316	130	330	616	924	714	739	152	116	872	651	399	928	131	297	915	308	643	53	550	629	42	128	859	799	222	26	908	948	847	732	599	765	588	570	920	871	33	144	977	511	165	860	455	228	75	296	5	215	789	312	361	174	349	274	780	656	152	84	738	240	528	28	643	927	766	582	159	959	677	755	344	339	660	884	564	569	136	938	111	108	966	979	134	247	62	808	615	803	109	744	271	535	461	388	0	442	136	615	103	892	450	533	557	508	858	845	843	350	238	928	847	968	809	398	140	297	811	224	748	752	807	229	134	552	254	932	451	890	315	834	542	100	478	635	707	537	365	174	602	593	496	484	443	
492	520	121	922	638	40	374	160	728	757	812	709	183	121	582	388	350	430	742	800	287	883	870	208	874	493	733	88	329	441	102	7	178	556	671	693	101	158	184	369	775	461	74	235	583	960	212	527	32	510	796	794	867	758	579	97	313	750	143	726	120	302	761	113	429	644	170	420	678	269	282	91	331	153	583	262	510	499	903	41	928	473	234	132	82	520	899	231	431	984	973	188	711	239	511	101	456	45	187	101	291	442	0	403	107	409	907	712	250	767	952	201	159	639	106	700	704	361	707	202	111	126	64	845	242	964	968	176	68	306	525	903	643	733	256	674	740	826	90	380	603	476	920	320	624	49	606	534	46	720	
469	658	516	452	638	291	580	769	118	295	101	795	50	384	279	420	725	794	512	80	635	425	148	371	230	392	456	307	892	46	911	495	749	660	481	649	76	63	694	781	660	267	445	456	108	56	190	658	417	823	626	223	427	272	129	502	554	653	451	607	377	500	487	728	470	219	379	690	356	305	589	411	130	902	584	851	762	964	678	369	889	853	368	233	289	648	35	353	131	619	723	96	46	728	521	289	433	349	747	412	222	136	403	0	336	594	838	821	645	693	460	88	133	545	567	27	308	615	935	563	279	460	626	921	831	755	160	985	803	76	24	642	651	430	954	879	843	744	487	365	364	527	453	543	481	923	447	543	56	842	
214	452	717	136	47	651	85	871	413	521	586	757	855	387	725	407	909	460	904	495	258	747	864	914	422	279	340	595	580	218	648	439	950	836	333	302	36	550	280	859	251	60	134	287	1	634	217	517	140	817	181	440	700	550	780	616	801	584	892	725	791	41	35	340	421	950	273	427	487	405	356	297	332	506	5	108	905	165	1000	190	667	607	59	170	308	45	15	932	256	548	916	991	161	915	486	23	157	815	820	485	410	615	107	336	0	460	598	527	369	599	317	218	912	736	732	546	597	169	883	432	236	931	215	755	190	497	560	478	536	301	137	621	286	274	415	281	238	675	733	577	937	474	759	444	928	515	126	349	172	617	
106	873	193	132	197	583	96	601	814	142	220	137	768	318	534	35	396	338	518	926	958	549	1	827	938	344	955	927	434	87	367	174	549	706	414	173	426	433	10	730	817	475	908	449	790	612	574	479	243	853	372	783	525	390	255	59	277	249	231	483	54	733	43	452	228	848	605	106	765	791	290	755	946	394	652	92	889	529	652	974	818	240	797	667	303	158	109	732	500	239	538	144	3	333	831	773	138	344	321	920	776	103	409	594	460	0	892	14	649	849	376	160	467	62	92	882	458	525	645	112	770	530	323	134	774	98	833	493	165	283	111	572	661	512	311	971	784	74	676	405	444	876	978	868	504	53	770	649	340	403	
743	940	742	1000	895	868	341	432	950	527	153	280	565	286	837	163	300	330	307	208	692	794	157	879	719	332	576	702	807	585	301	795	408	300	514	433	995	996	242	972	33	356	275	813	732	623	928	29	325	686	100	648	388	995	524	594	450	741	296	359	328	930	131	71	509	855	151	495	349	631	326	326	864	708	1000	496	134	127	618	667	619	387	212	409	225	560	208	6	50	791	561	162	987	176	787	505	761	683	271	16	583	892	907	838	598	892	0	812	611	439	678	66	176	727	82	266	594	677	506	357	148	350	577	934	893	113	226	61	716	174	316	604	477	156	326	753	186	774	585	190	726	822	165	566	838	691	580	136	529	559	
118	385	80	664	117	773	585	960	682	712	392	93	71	448	841	659	590	625	375	668	79	618	140	628	567	641	810	584	26	555	42	338	66	410	306	664	341	471	912	96	313	130	929	120	758	807	276	704	898	80	849	421	928	574	140	935	590	736	239	597	598	699	87	722	737	115	145	543	981	319	778	522	402	196	727	655	335	962	13	415	190	241	201	868	165	547	247	652	460	596	346	317	834	249	405	532	885	603	599	38	903	450	712	821	527	14	812	0	71	832	513	708	621	381	154	232	747	293	235	934	1	880	147	975	649	555	382	665	781	995	160	607	585	325	497	801	839	51	433	829	426	530	261	830	693	770	51	444	756	437	
1	35	364	378	838	925	551	986	738	890	471	676	197	361	577	323	964	89	123	349	871	232	854	726	198	717	196	677	75	3	821	443	100	811	443	845	242	465	437	863	737	922	386	838	838	439	397	655	342	168	201	751	249	110	42	1000	406	19	282	656	66	694	800	198	5	362	131	48	479	701	286	731	267	893	214	668	944	491	734	573	942	823	166	652	622	698	204	764	633	947	94	372	596	135	333	124	693	679	479	504	39	533	250	645	369	649	611	71	0	123	132	899	396	527	442	310	342	693	228	73	18	337	872	585	736	400	737	778	587	699	662	163	489	320	52	903	494	440	677	821	213	948	256	42	481	521	195	277	635	518	
808	249	982	576	977	606	190	574	723	919	99	224	420	6	69	258	447	608	249	875	257	712	526	971	704	853	883	699	661	556	740	152	471	827	338	422	420	32	899	320	981	888	329	44	450	325	576	468	338	34	359	716	91	630	746	645	648	797	433	665	456	362	491	689	629	165	201	701	285	622	907	803	632	751	432	47	52	888	670	243	425	878	496	4	302	689	82	280	622	12	920	837	819	408	797	918	323	476	125	307	302	557	767	693	599	849	439	832	123	0	223	371	717	707	931	189	847	436	491	543	823	814	698	858	942	258	790	660	377	896	324	494	693	453	803	294	735	360	340	734	538	897	722	117	354	43	255	173	521	133	
414	227	607	977	126	544	525	624	732	996	845	487	189	323	348	371	168	533	4	868	183	486	832	442	468	1	171	628	757	93	809	288	209	589	419	462	826	425	613	907	702	160	193	270	554	776	770	540	463	217	372	810	403	222	818	899	284	731	833	796	772	332	342	149	927	16	165	498	126	752	701	538	914	348	102	765	531	775	415	736	505	678	983	41	784	803	267	626	674	421	812	383	65	619	414	560	299	83	1000	434	541	508	952	460	317	376	678	513	132	223	0	368	717	344	451	202	71	705	354	5	508	818	555	703	7	69	255	116	119	189	997	373	81	579	47	574	422	626	76	245	529	744	962	984	644	470	841	437	42	946	
721	804	106	197	164	226	540	242	548	955	54	353	481	15	741	647	443	759	212	670	710	197	241	17	432	45	819	854	430	683	688	7	154	558	47	610	955	494	846	422	819	223	147	986	389	900	476	872	754	183	878	698	485	930	858	262	448	148	69	875	484	788	717	748	826	938	282	437	657	470	607	342	999	70	175	84	10	324	968	164	45	574	918	498	512	687	900	933	58	114	838	272	200	355	751	59	370	632	669	82	775	858	201	88	218	160	66	708	899	371	368	0	456	504	824	883	810	529	576	884	841	84	46	453	943	485	935	102	520	475	694	269	860	996	697	386	267	497	803	25	778	60	228	720	125	335	46	906	77	511	
291	761	841	140	726	926	116	395	292	935	999	136	453	54	612	36	281	499	407	673	992	709	213	984	687	774	206	219	62	698	330	263	393	34	282	387	426	186	391	277	185	684	18	700	315	517	294	912	12	161	803	195	732	404	762	922	264	336	537	145	431	324	724	584	291	435	859	970	723	479	381	140	287	579	529	607	308	85	366	82	902	733	226	337	581	28	991	179	35	612	823	193	165	814	784	473	92	274	427	160	26	845	159	133	912	467	176	621	396	717	717	456	0	633	571	412	137	201	797	199	564	590	106	812	663	637	987	939	996	797	208	265	845	972	265	539	885	67	436	25	163	447	496	563	987	290	914	40	253	314	
205	239	731	443	544	165	260	218	221	425	410	602	662	261	182	657	935	156	817	567	832	993	176	578	40	570	850	68	611	154	793	884	416	925	483	243	438	286	160	40	228	646	344	65	459	668	763	33	696	102	715	644	951	8	701	561	930	782	868	788	141	224	857	487	397	685	942	88	648	360	123	712	494	619	214	453	899	918	601	591	320	750	450	214	831	843	331	570	221	477	255	472	214	725	273	631	879	382	777	762	841	843	639	545	736	62	727	381	527	707	344	504	633	0	302	92	658	96	944	57	924	859	219	418	965	237	18	116	579	294	21	894	194	681	391	763	891	668	461	501	220	411	817	900	488	407	712	903	744	411	
580	762	317	227	148	233	384	590	810	589	223	965	45	646	978	261	24	850	772	641	697	2	146	374	274	129	993	642	497	473	860	979	237	725	738	247	885	373	81	889	570	611	138	924	536	550	764	515	944	991	123	446	960	178	999	812	881	432	352	422	720	235	585	871	945	648	626	67	594	642	948	29	205	496	602	180	748	443	351	815	179	51	578	413	515	371	194	239	99	95	977	399	624	722	803	556	992	554	423	52	820	350	106	567	732	92	82	154	442	931	451	824	571	302	0	88	34	585	264	679	121	248	569	48	852	492	977	327	707	427	172	230	52	271	412	113	842	706	773	72	880	208	410	346	7	493	785	594	693	286	
499	612	236	598	678	974	518	346	894	281	3	235	482	446	348	612	940	508	211	854	789	982	87	384	74	451	399	245	333	640	285	825	310	390	220	963	897	422	785	115	84	202	912	848	53	360	322	821	618	30	68	16	688	638	255	934	611	222	977	545	765	666	827	999	962	735	403	674	65	145	375	186	74	315	949	194	128	51	497	347	87	330	837	468	357	342	268	112	489	403	772	530	378	311	75	864	162	147	11	161	898	238	700	27	546	882	266	232	310	189	202	883	412	92	88	0	124	813	199	652	562	881	912	990	598	181	329	486	326	492	779	368	214	267	635	798	670	822	742	791	242	726	270	505	840	942	91	748	239	270	
222	600	329	352	280	549	616	685	476	989	192	578	970	83	474	142	482	266	858	949	741	43	800	389	623	528	868	616	675	906	721	817	851	388	446	292	556	834	38	268	446	539	462	503	654	624	621	341	717	909	363	737	762	61	805	638	585	211	41	647	377	440	316	626	387	438	703	657	87	547	152	548	369	626	862	586	529	66	134	223	356	526	461	401	887	490	658	779	925	734	374	185	863	417	474	394	25	469	461	646	443	928	704	308	597	458	594	747	342	847	71	810	137	658	34	124	0	293	913	502	223	376	491	259	391	137	133	445	296	241	21	212	709	416	847	79	796	883	228	494	338	41	773	954	963	459	466	313	969	834	
5	331	853	753	404	136	872	396	549	427	689	312	648	737	247	814	149	624	152	171	799	788	727	41	527	303	299	95	493	315	529	946	519	78	31	359	712	2	414	936	374	553	95	75	421	944	295	384	238	934	156	672	752	536	193	7	513	366	98	585	21	329	634	477	870	623	598	759	856	61	496	639	967	731	184	992	115	146	965	546	466	339	918	686	129	464	585	591	95	11	925	181	140	492	921	501	756	299	476	272	93	847	361	615	169	525	677	293	693	436	705	529	201	96	585	813	293	0	696	55	896	733	491	969	199	763	896	979	881	69	150	373	493	976	597	657	914	114	752	56	479	770	519	718	306	669	17	579	104	279	
777	8	353	7	807	91	289	487	136	231	408	80	315	699	802	54	220	396	190	75	972	591	562	515	325	327	404	251	317	492	978	221	34	263	779	31	56	126	751	692	620	293	19	288	885	919	929	142	199	437	17	860	952	972	844	851	383	179	133	829	572	780	591	823	27	69	846	687	232	318	887	176	450	514	192	690	506	154	496	538	940	444	785	977	60	813	861	763	613	741	806	612	615	266	99	535	128	193	994	125	104	968	707	935	883	645	506	235	228	491	354	576	797	944	264	199	913	696	0	592	403	77	111	261	264	116	398	925	127	144	376	452	729	644	435	721	578	376	649	442	647	877	625	362	939	812	771	983	403	297	
270	502	559	988	333	462	353	330	386	961	44	910	802	342	683	8	801	157	382	6	759	465	607	976	512	932	987	140	135	147	406	469	999	576	770	986	931	426	258	16	656	933	166	468	383	834	515	356	20	600	751	768	84	878	740	671	819	198	779	539	20	578	808	799	325	611	246	663	758	193	269	740	554	722	152	637	507	669	648	703	439	928	489	224	523	392	220	339	574	877	148	84	109	700	424	21	569	573	444	330	784	809	202	563	432	112	357	934	73	543	5	884	199	57	679	652	502	55	592	0	339	353	180	830	277	689	49	389	490	70	305	565	378	469	448	458	867	818	932	574	576	690	587	532	565	379	339	134	914	798	
778	490	309	865	906	339	536	340	620	186	444	587	946	349	45	722	352	502	632	750	416	581	100	105	185	505	495	630	530	577	795	841	71	163	866	30	168	141	189	162	697	591	191	192	580	570	167	554	746	114	637	248	809	341	628	716	642	571	464	782	939	620	646	938	847	945	616	661	257	183	159	198	46	493	993	709	961	118	585	243	232	98	583	991	605	676	157	280	35	461	29	986	728	101	77	991	916	162	777	709	29	398	111	279	236	770	148	1	18	823	508	841	564	924	121	562	223	896	403	339	0	219	981	519	196	464	802	175	135	826	3	744	338	841	744	698	988	993	662	669	952	558	483	928	664	28	179	343	44	925	
880	892	386	563	736	91	822	554	928	982	497	357	726	89	477	958	917	472	646	800	431	99	366	763	167	218	198	98	864	770	877	61	700	893	357	488	648	961	20	532	179	202	685	522	875	87	209	609	891	209	516	160	944	327	723	248	960	896	326	637	784	294	872	363	649	431	710	414	99	311	67	899	377	612	675	790	657	791	224	987	341	437	721	566	479	349	489	632	961	607	523	94	734	55	526	673	111	479	888	256	946	140	126	460	931	530	350	880	337	814	818	84	590	859	248	881	376	733	77	353	219	0	51	661	438	753	20	579	496	321	531	391	808	629	678	424	970	583	401	832	638	895	561	500	812	975	433	73	77	954	
846	703	197	583	609	692	942	282	173	943	807	190	241	51	970	95	202	494	743	732	532	161	681	360	438	455	119	252	492	878	620	439	228	312	462	643	995	423	944	687	223	640	296	699	549	630	688	988	918	80	431	802	214	820	15	470	894	65	192	735	895	511	901	567	354	791	525	720	94	345	158	136	850	655	776	755	790	28	144	722	642	744	546	75	970	141	782	531	536	456	870	640	776	329	541	828	298	59	963	860	196	297	64	626	215	323	577	147	872	698	555	46	106	219	569	912	491	491	111	180	981	51	0	292	199	292	81	994	514	189	407	782	302	557	262	207	379	763	392	174	281	61	291	143	990	133	583	892	806	85	
380	408	4	813	101	68	31	302	869	955	154	464	765	627	944	292	976	718	590	827	168	465	420	381	401	77	977	53	526	935	119	846	466	744	525	316	846	581	280	598	846	482	6	36	695	588	772	695	844	265	89	132	807	890	639	731	64	304	852	180	876	607	432	197	719	332	576	23	611	248	542	677	4	942	669	487	472	676	884	40	989	835	463	345	256	184	713	678	65	11	706	442	158	745	518	843	350	754	813	861	37	811	845	921	755	134	934	975	585	858	703	453	812	418	48	990	259	969	261	830	519	661	292	0	689	638	90	256	181	77	396	220	247	210	313	117	571	675	32	612	247	303	539	760	581	914	860	707	477	163	
58	774	445	360	235	533	882	559	575	630	979	349	621	340	270	152	122	914	826	599	473	688	147	583	109	837	696	208	384	993	128	129	870	49	694	69	941	460	326	433	874	740	546	149	387	939	262	11	323	907	861	30	680	327	166	328	31	831	403	901	82	379	280	940	908	440	596	23	340	742	408	615	356	922	780	375	654	492	917	723	159	816	498	107	524	791	629	416	481	216	871	758	883	7	37	255	782	657	611	858	129	224	242	831	190	774	893	649	736	942	7	943	663	965	852	598	391	199	264	277	196	438	199	689	0	714	192	786	893	755	315	115	435	395	770	125	783	758	850	471	372	75	134	311	306	603	588	451	251	608	
947	715	168	843	322	733	75	828	575	217	902	185	631	98	109	178	291	272	575	560	850	128	4	476	244	796	889	114	337	647	293	710	774	186	461	394	508	816	983	597	540	110	763	710	639	109	216	768	512	300	656	28	912	37	577	447	837	693	399	691	44	767	534	205	436	69	913	486	896	835	721	634	615	245	707	407	935	16	866	991	670	862	560	131	941	100	726	391	377	474	754	984	379	938	574	643	919	113	319	45	287	748	964	755	497	98	113	555	400	258	69	485	637	237	492	181	137	763	116	689	464	753	292	638	714	0	711	795	132	728	628	333	773	956	79	296	309	844	510	725	280	118	266	34	322	366	137	90	200	992	
370	717	960	825	179	314	839	684	802	74	519	947	671	259	929	572	555	944	640	598	788	5	799	638	1000	297	830	740	674	818	147	137	912	537	856	51	642	392	10	771	745	154	144	571	662	644	296	323	394	869	886	138	497	728	423	508	573	847	522	112	850	994	889	822	949	594	58	215	573	576	762	938	535	272	718	496	254	363	425	151	513	46	619	812	347	396	449	942	722	881	672	18	955	151	992	931	772	639	305	108	199	752	968	160	560	833	226	382	737	790	255	935	987	18	977	329	133	896	398	49	802	20	81	90	192	711	0	158	218	21	100	341	36	530	802	769	929	258	478	777	35	941	613	443	273	851	825	143	831	980	
660	147	507	948	570	974	13	780	273	578	536	633	465	221	759	102	349	769	915	480	155	978	27	453	286	203	534	97	36	211	600	413	373	54	661	420	335	548	789	780	790	38	823	565	806	223	582	951	801	105	347	656	710	863	580	927	610	208	35	683	680	712	198	677	976	976	936	4	998	674	304	875	612	482	520	62	185	991	636	960	774	419	206	168	329	688	370	967	349	176	884	857	551	470	741	362	336	607	976	20	626	807	176	985	478	493	61	665	778	660	116	102	939	116	327	486	445	979	925	389	175	579	994	256	786	795	158	0	720	704	989	413	556	726	118	606	591	191	252	666	942	887	609	278	136	166	249	997	958	729	
465	503	301	208	638	172	435	133	235	241	189	511	898	882	570	292	531	609	234	30	834	679	42	230	800	388	643	144	979	766	17	105	176	741	97	449	25	138	900	797	660	732	619	946	139	194	311	503	894	720	138	980	18	806	783	927	252	707	804	304	279	127	344	962	479	998	639	942	324	974	636	237	930	447	138	439	518	64	494	596	691	529	474	410	12	786	16	996	261	655	67	357	692	100	605	768	626	255	971	455	584	229	68	803	536	165	716	781	587	377	119	520	996	579	707	326	296	881	127	490	135	496	514	181	893	132	218	720	0	975	219	684	635	478	273	705	309	569	464	380	588	132	746	687	195	788	549	113	544	668	
40	576	590	631	330	343	921	419	239	388	884	795	290	407	801	387	338	98	417	377	502	640	138	446	826	914	318	488	485	232	426	739	231	644	847	417	511	233	747	560	304	574	135	117	840	211	630	143	813	384	285	418	929	542	559	367	468	993	640	717	29	720	314	589	404	781	455	436	115	90	528	644	465	27	711	385	541	326	886	637	226	288	650	772	769	246	584	245	627	638	367	922	625	684	544	159	696	372	602	303	658	134	306	76	301	283	174	995	699	896	189	475	797	294	427	492	241	69	144	70	826	321	189	77	755	728	21	704	975	0	593	31	939	459	213	874	676	82	789	575	292	458	510	578	624	965	757	52	33	451	
653	4	614	11	857	672	694	805	250	828	743	16	471	158	959	839	23	971	217	741	3	312	482	963	67	833	138	500	780	752	162	115	243	14	592	642	247	918	277	74	338	852	361	759	400	280	117	503	202	270	160	847	573	801	703	413	992	730	666	122	686	234	764	868	232	53	970	756	189	1	297	235	81	176	228	218	356	658	38	410	453	957	323	903	384	198	709	456	77	718	72	384	653	444	607	43	60	119	165	687	453	552	525	24	137	111	316	160	662	324	997	694	208	21	172	779	21	150	376	305	3	531	407	396	315	628	100	989	219	593	0	781	376	735	513	743	448	279	781	415	901	306	92	892	295	368	392	712	617	925	
965	97	396	225	38	49	888	839	909	50	297	112	980	120	154	917	385	159	86	859	574	193	874	201	791	430	201	901	677	748	9	149	745	164	338	599	73	329	586	834	683	122	137	143	145	5	528	477	310	280	503	392	238	280	532	787	278	534	401	797	189	768	713	948	66	728	627	363	373	657	435	223	821	983	876	511	411	688	539	246	430	534	732	947	45	26	798	741	366	220	156	69	798	451	743	570	570	132	864	811	677	254	903	642	621	572	604	607	163	494	373	269	265	894	230	368	212	373	452	565	744	391	782	220	115	333	341	413	684	31	781	0	588	809	457	899	538	376	343	920	160	528	156	338	509	97	628	736	170	333	
292	296	700	229	891	764	672	92	654	294	768	836	237	719	971	5	455	239	798	892	695	24	325	590	926	98	261	442	654	143	177	198	878	380	968	238	777	726	705	668	249	222	422	283	651	553	925	710	261	239	536	207	44	797	470	986	407	757	876	854	42	855	221	660	328	377	171	485	570	777	121	762	88	724	145	93	835	900	721	286	780	433	422	843	749	746	724	847	77	29	726	105	603	88	912	940	796	399	256	344	144	932	643	651	286	661	477	585	489	693	81	860	845	194	52	214	709	493	729	378	338	808	302	247	435	773	36	556	635	939	376	588	0	479	410	527	402	476	180	747	386	687	279	897	735	373	776	527	971	61	
659	460	825	849	499	500	427	314	865	24	185	309	595	617	638	985	853	637	328	507	280	440	141	9	821	599	111	17	594	257	27	410	948	297	646	109	497	581	811	706	608	295	513	487	563	170	408	277	516	570	426	641	528	161	298	453	530	349	898	781	356	102	432	231	647	576	557	360	127	466	683	281	147	717	38	376	74	937	772	844	528	540	791	748	661	57	537	47	1000	269	355	518	66	925	23	911	108	831	279	320	965	451	733	430	274	512	156	325	320	453	579	996	972	681	271	267	416	976	644	469	841	629	557	210	395	956	530	726	478	459	735	809	479	0	981	488	727	970	349	549	778	398	336	455	932	1	799	817	180	211	
171	326	414	631	319	245	543	83	5	558	736	622	759	949	242	13	464	967	179	929	576	850	858	706	94	181	137	769	465	774	497	800	559	302	21	411	932	668	992	12	279	657	504	15	668	308	313	66	244	736	268	696	750	65	897	160	204	740	337	358	744	311	26	776	327	578	799	251	916	692	288	631	639	903	79	878	367	927	621	543	974	707	638	591	808	729	219	386	978	461	413	868	648	235	148	99	735	232	488	566	384	890	256	954	415	311	326	497	52	803	47	697	265	391	412	635	847	597	435	448	744	678	262	313	770	79	802	118	273	213	513	457	410	981	0	949	139	135	998	574	385	402	183	862	142	130	558	174	259	921	
977	889	981	43	808	265	950	940	167	595	316	487	54	918	744	452	238	879	277	628	245	91	728	464	755	617	951	717	802	251	523	462	648	350	556	692	547	65	132	174	51	120	430	722	826	848	93	67	572	28	539	795	829	913	868	606	457	378	185	827	581	86	508	452	352	200	814	297	166	464	680	67	941	403	157	371	442	142	684	971	448	488	863	597	10	233	39	772	34	869	912	334	576	728	473	266	50	932	95	982	908	315	674	879	281	971	753	801	903	294	574	386	539	763	113	798	79	657	721	458	698	424	207	117	125	296	769	606	705	874	743	899	527	488	949	0	331	826	261	828	20	511	454	203	885	907	450	464	463	141	
689	566	842	552	10	681	985	944	447	518	342	558	877	411	844	498	281	322	867	472	800	624	242	588	805	363	959	769	196	992	873	179	836	806	535	386	611	753	417	127	726	117	337	821	1	204	46	276	456	611	464	385	746	196	134	217	109	869	954	102	709	125	230	9	750	927	488	804	58	276	937	833	119	609	863	833	411	169	739	203	614	972	24	131	547	827	224	204	121	842	357	978	701	557	818	557	944	831	584	609	409	834	740	843	238	784	186	839	494	735	422	267	885	891	842	670	796	914	578	867	988	970	379	571	783	309	929	591	309	676	448	538	402	727	139	331	0	692	684	636	183	410	54	498	816	431	237	318	847	815	
663	423	808	270	794	916	380	412	317	429	492	259	237	88	396	410	978	859	29	861	819	268	406	723	144	696	304	334	714	783	806	633	33	691	854	467	564	641	962	363	765	722	328	537	38	856	538	839	595	948	152	302	538	485	741	831	381	974	291	12	588	899	829	292	656	316	719	644	331	498	174	27	67	922	555	665	371	86	6	759	918	797	798	122	676	797	154	570	716	793	550	299	247	496	419	913	428	543	764	454	50	542	826	744	675	74	774	51	440	360	626	497	67	668	706	822	883	114	376	818	993	583	763	675	758	844	258	191	569	82	279	376	476	970	135	826	692	0	864	226	141	440	580	234	187	560	598	300	84	561	
555	301	805	105	772	502	50	949	854	30	636	443	946	846	470	481	798	587	844	563	236	11	854	930	943	807	381	328	671	760	112	312	30	661	166	895	964	594	658	421	456	457	852	647	787	194	862	721	85	811	685	20	323	349	869	820	358	330	368	668	268	264	455	333	237	487	271	241	553	595	777	523	271	183	87	402	998	533	413	69	825	828	21	702	503	818	720	24	946	630	371	906	517	197	448	945	35	579	851	912	222	100	90	487	733	676	585	433	677	340	76	803	436	461	773	742	228	752	649	932	662	401	392	32	850	510	478	252	464	789	781	343	180	349	998	261	684	864	0	466	743	20	404	684	925	521	637	748	3	328	
68	296	579	530	866	909	825	820	373	571	186	481	370	35	765	595	425	341	431	947	684	851	974	520	79	536	61	792	368	274	921	488	345	338	617	364	521	472	735	47	964	667	64	183	926	458	168	142	611	344	281	577	815	53	761	435	705	202	260	309	885	862	163	434	265	748	819	877	663	97	551	78	197	356	611	313	3	387	458	467	108	286	976	613	519	935	127	105	683	496	913	164	802	79	397	470	455	235	621	301	135	478	380	365	577	405	190	829	821	734	245	25	25	501	72	791	494	56	442	574	669	832	174	612	471	725	777	666	380	575	415	920	747	549	574	828	636	226	466	0	651	487	952	939	67	691	580	50	517	259	
736	732	547	318	826	161	731	466	622	104	611	454	766	819	833	101	753	730	91	262	178	798	723	754	348	814	307	609	898	679	364	307	262	626	231	629	362	376	366	561	343	684	398	830	673	202	452	894	203	852	107	319	37	652	688	330	633	44	237	30	832	208	170	902	410	504	757	627	92	591	979	536	850	875	297	770	421	72	867	360	930	197	370	628	682	800	939	717	2	349	595	179	600	926	97	405	6	604	486	951	112	635	603	364	937	444	726	426	213	538	529	778	163	220	880	242	338	479	647	576	952	638	281	247	372	280	35	942	588	292	901	160	386	778	385	20	183	141	743	651	0	612	480	863	604	299	279	768	775	419	
400	370	136	670	789	988	19	638	234	595	285	412	610	568	621	953	659	129	207	507	601	702	168	62	850	912	885	729	17	769	130	632	69	697	628	634	420	36	603	776	760	935	981	783	297	266	173	414	760	667	400	125	169	860	739	893	130	917	465	890	264	646	937	919	360	431	354	366	504	607	93	484	183	888	213	465	468	320	968	63	1	255	965	359	475	521	681	612	591	963	365	634	928	787	556	490	469	43	775	329	411	707	476	527	474	876	822	530	948	897	744	60	447	411	208	726	41	770	877	690	558	895	61	303	75	118	941	887	132	458	306	528	687	398	402	511	410	440	20	487	612	0	62	856	273	892	410	911	7	636	
936	713	196	359	990	909	30	547	353	242	196	732	288	875	164	624	791	901	232	581	912	772	483	652	575	460	204	585	352	6	337	293	850	822	977	84	306	446	438	742	294	391	300	965	387	159	523	755	648	65	53	263	935	48	306	360	377	316	952	56	849	671	715	944	647	165	932	312	165	534	142	748	168	677	859	791	866	301	562	464	229	150	45	155	456	130	782	747	639	707	361	937	583	121	129	863	65	171	575	153	468	537	920	453	759	978	165	261	256	722	962	228	496	817	410	270	773	519	625	587	483	561	291	539	134	266	613	609	746	510	92	156	279	336	183	454	54	580	404	952	480	62	0	547	859	13	48	529	853	881	
892	154	92	226	249	633	607	499	744	27	306	400	19	802	539	354	369	925	984	25	289	920	732	318	142	851	797	124	425	213	759	850	257	82	696	142	737	619	35	377	73	586	983	762	222	684	709	22	952	535	268	152	717	776	19	185	692	426	115	646	282	120	827	567	717	12	761	736	576	115	845	27	127	430	794	373	410	817	460	367	555	24	407	948	269	584	273	214	444	248	649	760	728	320	676	118	793	992	905	580	655	365	320	543	444	868	566	830	42	117	984	720	563	900	346	505	954	718	362	532	928	500	143	760	311	34	443	278	687	578	892	338	897	455	862	203	498	234	684	939	863	856	547	0	209	590	78	68	555	285	
193	477	98	722	545	845	214	793	655	311	766	504	90	112	94	877	757	311	42	627	770	447	368	618	747	113	495	828	112	365	547	221	474	996	921	556	523	276	30	517	534	208	952	641	274	904	655	829	936	775	744	660	360	310	526	186	474	572	103	492	560	884	255	582	256	628	263	590	656	453	200	782	749	484	991	729	958	9	94	443	730	525	457	585	18	357	388	361	307	400	72	53	94	508	262	751	821	296	6	967	828	174	624	481	928	504	838	693	481	354	644	125	987	488	7	840	963	306	939	565	664	812	990	581	306	322	273	136	195	624	295	509	735	932	142	885	816	187	925	67	604	273	859	209	0	598	753	50	300	78	
994	703	711	100	303	968	258	990	513	261	445	45	169	223	794	837	631	172	448	826	168	203	545	922	831	468	124	738	388	936	18	673	42	363	589	243	422	215	823	246	10	197	579	669	390	771	419	993	561	792	947	642	317	717	164	687	694	592	194	759	896	975	217	876	555	257	447	407	754	160	259	864	799	766	457	658	421	578	27	954	25	938	684	559	922	323	470	805	959	735	905	72	829	836	993	395	969	328	951	543	779	602	49	923	515	53	691	770	521	43	470	335	290	407	493	942	459	669	812	379	28	975	133	914	603	366	851	166	788	965	368	97	373	1	130	907	431	560	521	691	299	892	13	590	598	0	849	542	942	719	
7	51	550	328	119	649	656	261	168	372	499	708	128	357	382	845	433	579	854	783	951	305	215	481	50	179	512	999	942	93	130	240	403	813	776	184	476	505	189	610	738	303	933	401	710	687	838	432	312	939	214	20	326	593	868	486	998	860	1	573	956	630	729	565	730	863	309	16	229	209	124	689	661	497	685	31	708	798	495	617	67	858	62	555	17	658	463	688	670	564	294	88	818	826	965	851	309	520	199	396	99	593	606	447	126	770	580	51	195	255	841	46	914	712	785	91	466	17	771	339	179	433	583	860	588	137	825	249	549	757	392	628	776	799	558	450	237	598	637	580	279	410	48	78	753	849	0	981	696	444	
747	714	285	509	570	483	502	168	291	43	401	27	685	567	822	935	424	80	623	714	473	894	327	593	938	731	198	620	25	991	737	684	740	168	605	23	737	903	68	265	446	70	249	950	513	731	138	826	833	922	149	869	203	927	999	402	283	339	127	450	367	743	337	951	583	475	493	850	693	854	453	494	608	129	880	879	870	336	110	569	624	661	395	329	832	766	676	711	514	406	88	853	498	579	330	669	741	323	725	190	321	496	534	543	349	649	136	444	277	173	437	906	40	903	594	748	313	579	983	134	343	73	892	707	451	90	143	997	113	52	712	736	527	817	174	464	318	300	748	50	768	911	529	68	50	542	981	0	458	758	
174	397	239	751	180	441	726	157	107	804	182	557	653	692	727	966	789	587	254	204	196	382	276	996	237	966	888	424	777	168	465	641	679	711	394	509	117	537	450	245	864	310	540	174	980	970	633	545	384	880	434	759	899	670	754	210	437	160	242	736	70	915	919	155	716	463	849	213	598	173	105	351	685	177	324	631	235	500	266	390	343	130	670	797	57	130	97	661	799	163	571	314	899	289	64	610	822	891	166	989	759	484	46	56	172	340	529	756	635	521	42	77	253	744	693	239	969	104	403	914	44	77	806	477	251	200	831	958	544	33	617	170	971	180	259	463	847	84	3	517	775	7	853	555	300	942	696	458	0	277	
298	736	547	310	833	155	263	461	843	138	183	874	944	439	642	60	425	890	507	271	769	724	245	107	339	378	763	825	948	177	565	126	72	875	394	276	109	101	621	4	341	45	76	311	378	668	220	756	225	891	56	848	150	924	875	336	545	226	950	321	814	305	531	522	314	859	109	669	933	552	919	870	6	340	884	662	798	716	763	483	92	612	787	75	171	208	38	343	804	488	211	907	519	143	184	188	67	158	481	486	321	443	720	842	617	403	559	437	518	133	946	511	314	411	286	270	834	279	297	798	925	954	85	163	608	992	980	729	668	451	925	333	61	211	921	141	815	561	328	259	419	636	881	285	78	719	444	758	277	0	
