50
0	8	60	20	31	50	60	79	73	41	95	34	57	66	18	21	53	64	77	62	47	100	54	30	10	71	9	29	52	96	48	6	29	79	91	56	95	70	51	10	35	23	90	42	7	22	70	83	84	25	
8	0	52	69	10	29	98	32	25	15	84	53	42	87	46	8	7	87	15	36	75	27	34	81	10	12	16	31	19	82	25	52	67	87	26	68	37	29	96	74	22	7	38	30	47	42	32	1	17	41	
60	52	0	2	64	20	35	31	25	35	92	12	42	7	35	80	51	81	34	1	91	33	51	82	37	17	58	18	41	51	70	73	76	98	72	78	96	54	49	61	5	69	44	2	31	57	12	33	81	63	
20	69	2	0	83	23	85	38	59	29	6	81	12	20	54	41	90	1	35	15	44	46	8	4	6	76	27	97	39	22	42	97	22	18	38	41	77	54	56	71	62	70	66	43	41	24	88	50	3	76	
31	10	64	83	0	76	59	46	61	27	10	53	28	61	27	45	60	38	28	83	61	58	98	52	41	90	21	11	72	44	58	10	58	85	49	16	98	5	43	97	61	6	81	46	65	16	90	26	20	69	
50	29	20	23	76	0	93	29	28	81	11	9	76	64	88	70	66	99	67	78	66	3	19	85	59	60	2	77	29	77	37	25	35	72	74	39	18	37	73	71	10	14	11	75	70	74	75	16	86	94	
60	98	35	85	59	93	0	73	2	8	55	11	74	88	85	1	26	1	32	37	3	23	9	60	3	58	67	28	98	2	70	23	70	17	35	30	68	95	30	1	96	92	41	86	64	43	94	56	49	93	
79	32	31	38	46	29	73	0	10	46	39	39	47	52	35	20	67	85	41	62	97	58	46	88	49	38	58	57	11	66	74	11	13	11	74	17	38	10	9	69	41	71	37	96	5	77	5	73	64	17	
73	25	25	59	61	28	2	10	0	44	49	47	57	16	43	2	95	62	31	41	41	76	35	10	95	4	67	100	96	99	13	39	61	14	39	44	20	55	27	43	35	100	87	40	47	83	19	71	68	37	
41	15	35	29	27	81	8	46	44	0	47	96	90	33	21	57	22	35	15	5	37	6	53	5	4	97	78	56	24	81	47	73	92	39	96	100	13	84	38	16	30	14	96	91	100	77	6	34	11	22	
95	84	92	6	10	11	55	39	49	47	0	19	45	50	78	69	27	27	90	23	5	54	41	14	40	48	76	100	54	99	81	69	85	100	6	6	40	84	64	44	37	95	1	29	16	70	91	90	44	67	
34	53	12	81	53	9	11	39	47	96	19	0	46	80	27	34	61	18	21	70	68	83	67	72	32	32	45	99	100	34	61	41	79	5	86	9	49	3	49	62	86	58	54	35	56	59	89	11	53	41	
57	42	42	12	28	76	74	47	57	90	45	46	0	7	66	49	1	39	89	89	64	50	59	96	34	10	100	36	72	53	66	93	56	45	9	26	66	67	79	60	31	1	58	63	38	52	17	66	39	6	
66	87	7	20	61	64	88	52	16	33	50	80	7	0	65	30	79	74	15	42	63	45	76	78	12	25	85	33	7	45	93	75	91	84	61	79	68	37	34	29	85	18	79	43	11	75	73	1	79	42	
18	46	35	54	27	88	85	35	43	21	78	27	66	65	0	47	59	77	29	10	38	75	83	91	86	74	55	75	54	88	25	11	40	73	78	28	86	5	94	47	85	2	56	40	70	10	2	8	50	29	
21	8	80	41	45	70	1	20	2	57	69	34	49	30	47	0	25	34	50	24	91	84	6	4	87	85	14	96	30	33	51	84	39	15	63	40	88	94	39	29	27	55	35	38	53	90	95	69	34	3	
53	7	51	90	60	66	26	67	95	22	27	61	1	79	59	25	0	73	75	97	39	68	81	55	3	67	73	26	76	96	36	74	96	15	9	60	96	97	2	73	30	22	74	81	60	51	51	28	30	28	
64	87	81	1	38	99	1	85	62	35	27	18	39	74	77	34	73	0	24	41	69	17	49	9	68	54	54	90	28	40	97	5	62	26	16	89	36	96	71	78	96	87	81	92	59	89	25	47	82	62	
77	15	34	35	28	67	32	41	31	15	90	21	89	15	29	50	75	24	0	47	42	29	47	56	38	77	10	26	22	80	58	32	58	94	12	81	44	42	19	47	97	13	76	5	79	35	53	73	34	56	
62	36	1	15	83	78	37	62	41	5	23	70	89	42	10	24	97	41	47	0	19	40	13	16	29	47	31	18	63	59	10	68	71	7	27	100	78	40	42	79	58	5	56	99	3	69	86	75	72	10	
47	75	91	44	61	66	3	97	41	37	5	68	64	63	38	91	39	69	42	19	0	71	35	39	11	50	65	80	64	49	2	73	36	90	70	41	19	44	7	63	41	57	87	54	59	17	91	71	85	12	
100	27	33	46	58	3	23	58	76	6	54	83	50	45	75	84	68	17	29	40	71	0	43	81	15	72	28	55	88	69	53	26	16	55	29	93	89	54	68	79	32	79	4	28	21	81	13	54	84	77	
54	34	51	8	98	19	9	46	35	53	41	67	59	76	83	6	81	49	47	13	35	43	0	88	81	9	11	76	96	38	26	35	94	76	38	100	73	15	47	60	70	70	13	50	38	11	34	34	99	26	
30	81	82	4	52	85	60	88	10	5	14	72	96	78	91	4	55	9	56	16	39	81	88	0	28	46	54	52	40	44	27	81	17	86	77	54	21	75	13	65	80	29	5	66	31	79	13	75	100	49	
10	10	37	6	41	59	3	49	95	4	40	32	34	12	86	87	3	68	38	29	11	15	81	28	0	20	46	19	66	31	53	28	13	26	39	73	3	36	57	91	20	29	43	16	32	62	28	37	4	16	
71	12	17	76	90	60	58	38	4	97	48	32	10	25	74	85	67	54	77	47	50	72	9	46	20	0	75	45	57	25	84	99	36	32	67	44	59	37	51	66	19	23	49	54	2	21	9	77	7	67	
9	16	58	27	21	2	67	58	67	78	76	45	100	85	55	14	73	54	10	31	65	28	11	54	46	75	0	45	9	75	55	86	3	34	80	16	30	27	6	62	82	24	30	64	89	62	95	14	50	3	
29	31	18	97	11	77	28	57	100	56	100	99	36	33	75	96	26	90	26	18	80	55	76	52	19	45	45	0	4	22	57	1	64	58	39	78	88	72	30	100	32	9	95	31	17	23	33	76	48	83	
52	19	41	39	72	29	98	11	96	24	54	100	72	7	54	30	76	28	22	63	64	88	96	40	66	57	9	4	0	37	65	83	99	40	82	76	20	36	86	46	94	99	15	72	70	92	6	95	96	16	
96	82	51	22	44	77	2	66	99	81	99	34	53	45	88	33	96	40	80	59	49	69	38	44	31	25	75	22	37	0	58	27	15	80	50	53	70	4	85	40	44	43	18	34	58	16	17	12	96	36	
48	25	70	42	58	37	70	74	13	47	81	61	66	93	25	51	36	97	58	10	2	53	26	27	53	84	55	57	65	58	0	92	32	33	96	53	13	66	10	71	72	26	39	26	6	7	80	84	98	56	
6	52	73	97	10	25	23	11	39	73	69	41	93	75	11	84	74	5	32	68	73	26	35	81	28	99	86	1	83	27	92	0	25	22	65	86	97	20	39	67	72	20	31	17	13	16	58	43	100	46	
29	67	76	22	58	35	70	13	61	92	85	79	56	91	40	39	96	62	58	71	36	16	94	17	13	36	3	64	99	15	32	25	0	52	79	15	28	15	64	39	72	24	32	1	37	35	85	85	14	67	
79	87	98	18	85	72	17	11	14	39	100	5	45	84	73	15	15	26	94	7	90	55	76	86	26	32	34	58	40	80	33	22	52	0	67	15	42	66	81	37	5	90	9	21	67	68	25	35	51	80	
91	26	72	38	49	74	35	74	39	96	6	86	9	61	78	63	9	16	12	27	70	29	38	77	39	67	80	39	82	50	96	65	79	67	0	91	84	5	65	83	95	83	70	60	4	84	33	20	12	77	
56	68	78	41	16	39	30	17	44	100	6	9	26	79	28	40	60	89	81	100	41	93	100	54	73	44	16	78	76	53	53	86	15	15	91	0	87	29	1	1	28	52	7	40	5	11	62	24	47	9	
95	37	96	77	98	18	68	38	20	13	40	49	66	68	86	88	96	36	44	78	19	89	73	21	3	59	30	88	20	70	13	97	28	42	84	87	0	60	79	17	36	13	71	73	88	89	75	59	70	5	
70	29	54	54	5	37	95	10	55	84	84	3	67	37	5	94	97	96	42	40	44	54	15	75	36	37	27	72	36	4	66	20	15	66	5	29	60	0	73	95	63	30	89	24	94	79	21	16	100	14	
51	96	49	56	43	73	30	9	27	38	64	49	79	34	94	39	2	71	19	42	7	68	47	13	57	51	6	30	86	85	10	39	64	81	65	1	79	73	0	52	86	47	25	72	26	96	40	67	80	93	
10	74	61	71	97	71	1	69	43	16	44	62	60	29	47	29	73	78	47	79	63	79	60	65	91	66	62	100	46	40	71	67	39	37	83	1	17	95	52	0	17	2	35	13	71	21	63	26	4	97	
35	22	5	62	61	10	96	41	35	30	37	86	31	85	85	27	30	96	97	58	41	32	70	80	20	19	82	32	94	44	72	72	72	5	95	28	36	63	86	17	0	77	45	39	79	74	68	57	29	99	
23	7	69	70	6	14	92	71	100	14	95	58	1	18	2	55	22	87	13	5	57	79	70	29	29	23	24	9	99	43	26	20	24	90	83	52	13	30	47	2	77	0	45	61	26	43	21	89	74	13	
90	38	44	66	81	11	41	37	87	96	1	54	58	79	56	35	74	81	76	56	87	4	13	5	43	49	30	95	15	18	39	31	32	9	70	7	71	89	25	35	45	45	0	83	71	11	8	57	2	49	
42	30	2	43	46	75	86	96	40	91	29	35	63	43	40	38	81	92	5	99	54	28	50	66	16	54	64	31	72	34	26	17	1	21	60	40	73	24	72	13	39	61	83	0	60	60	62	17	91	8	
7	47	31	41	65	70	64	5	47	100	16	56	38	11	70	53	60	59	79	3	59	21	38	31	32	2	89	17	70	58	6	13	37	67	4	5	88	94	26	71	79	26	71	60	0	53	88	11	62	38	
22	42	57	24	16	74	43	77	83	77	70	59	52	75	10	90	51	89	35	69	17	81	11	79	62	21	62	23	92	16	7	16	35	68	84	11	89	79	96	21	74	43	11	60	53	0	6	94	38	30	
70	32	12	88	90	75	94	5	19	6	91	89	17	73	2	95	51	25	53	86	91	13	34	13	28	9	95	33	6	17	80	58	85	25	33	62	75	21	40	63	68	21	8	62	88	6	0	97	56	71	
83	1	33	50	26	16	56	73	71	34	90	11	66	1	8	69	28	47	73	75	71	54	34	75	37	77	14	76	95	12	84	43	85	35	20	24	59	16	67	26	57	89	57	17	11	94	97	0	54	2	
84	17	81	3	20	86	49	64	68	11	44	53	39	79	50	34	30	82	34	72	85	84	99	100	4	7	50	48	96	96	98	100	14	51	12	47	70	100	80	4	29	74	2	91	62	38	56	54	0	43	
25	41	63	76	69	94	93	17	37	22	67	41	6	42	29	3	28	62	56	10	12	77	26	49	16	67	3	83	16	36	56	46	67	80	77	9	5	14	93	97	99	13	49	8	38	30	71	2	43	0	
