80
0	7.07107	7	1	310.387	314.531	309.588	315.317	121.594	127.142	121.078	127.632	199.111	202.633	198.645	203.089	222.463	230.489	224.129	228.869	144.184	148.354	143.402	149.111	173.761	178.104	175.069	176.819	65.8635	73.4302	67.4166	72.0069	308.24	315.801	309.091	314.968	209.022	215.641	210.801	213.902	336.027	341.321	338.528	338.841	197.74	202.2	198.769	201.189	297.417	302.209	297.229	302.394	152.611	151.727	148.449	155.801	242.425	248.928	244.403	246.986	73.3894	70.5195	71.5122	72.4224	95.0158	93.1504	94.1541	94.0213	314.453	320.208	317.522	317.166	128.144	129.402	125.208	132.246	321.753	326.46	321.498	326.711	
7.07107	0	1	7	310.654	314.668	309.743	315.565	124.535	129.85	123.976	130.384	198.98	202.312	198.338	202.941	218.769	226.771	220.336	225.249	144.586	148.476	143.562	149.466	168.514	172.884	169.779	171.642	61.7414	69.3542	63.0635	68.1542	305.395	312.934	306.185	312.162	204.157	210.801	205.876	209.122	332.71	337.902	335.09	335.543	193.383	197.851	194.363	196.888	297.188	301.921	296.953	302.152	156.205	155	151.819	159.298	237.124	243.658	239.059	241.76	80.3243	77.4919	78.4347	79.404	101.597	99.7647	100.722	100.648	310.601	316.261	313.551	313.337	132.774	133.735	129.727	136.693	321.753	326.402	321.455	326.696	
7	1	0	7.07107	311.636	315.653	310.728	316.547	125.363	130.698	124.808	131.229	199.97	203.305	199.331	203.931	219.693	227.693	221.253	226.177	145.561	149.459	144.544	150.443	169.293	173.666	170.552	172.43	62.6498	70.2638	63.9531	69.0797	306.361	313.9	307.148	313.129	204.98	211.627	206.693	209.955	333.654	338.841	336.027	336.488	194.258	198.726	195.233	197.768	298.181	302.914	297.946	303.145	156.975	155.801	152.611	160.078	237.893	244.43	239.821	242.539	80.0062	77.201	78.1089	79.1202	101.119	99.2975	100.24	100.185	311.512	317.166	314.453	314.25	133.417	134.417	130.384	137.361	322.741	327.391	322.444	327.684	
1	7	7.07107	0	309.401	313.543	308.6	314.331	120.739	126.27	120.221	126.764	198.116	201.636	197.649	202.094	221.551	229.578	223.224	227.952	143.199	147.363	142.411	148.125	173.003	177.341	174.316	176.051	65	72.5603	66.5733	71.1196	307.28	314.841	308.133	314.006	208.214	214.83	210	213.084	335.09	340.389	337.597	337.902	196.881	201.341	197.914	200.325	296.422	301.213	296.233	301.398	151.819	150.904	147.635	155	241.671	248.169	243.655	246.221	73.736	70.8378	71.8679	72.7324	95.5249	93.6483	94.6678	94.5145	313.551	319.312	316.628	316.261	127.475	128.693	124.523	131.552	320.762	325.467	320.506	325.719	
310.387	310.654	311.636	309.401	0	7.07107	5	5	202.299	195.256	202.247	195.31	112.361	110.055	113.842	108.522	176.233	175.57	179.494	172.235	166.208	162.188	167.093	161.276	239.794	238.304	241.174	236.907	263.108	257.503	264.093	256.494	138.362	141.032	141.354	138.033	222.248	221.009	224.617	218.6	169.239	176.409	176.23	169.425	204.707	203.59	206.206	202.072	25.0799	25.4951	26.9258	23.5372	189.489	184.166	188.098	185.586	244.233	243.895	246.83	241.267	331.436	328.343	331.34	328.44	355.269	353.193	355.186	353.276	188.29	194.928	195.243	187.963	224.163	217.525	223.43	218.277	16.4012	21.6333	17.6918	20.5913	
314.531	314.668	315.653	313.543	7.07107	0	5	5	207.617	200.562	207.543	200.639	115.953	113.323	117.175	112.058	175.237	174.256	178.404	171.012	170.426	166.208	171.143	165.469	240.085	238.472	241.423	237.118	266.301	260.572	267.217	259.632	133.843	136.235	136.825	133.24	221.504	220.057	223.815	217.706	164.049	171.143	171.047	164.149	204.414	203.148	205.866	201.675	23.4307	22.3607	25	20.5913	195.489	190.045	193.961	191.604	242.528	242.002	245.082	239.416	336.719	333.6	336.595	333.726	360.702	358.615	360.606	358.712	183.992	190.518	190.919	183.576	230.063	223.376	229.262	224.199	9.43398	14.7648	10.6301	13.9284	
309.588	309.743	310.728	308.6	5	5	0	7.07107	202.633	195.576	202.556	195.655	111.086	108.522	112.361	107.201	172.2	171.406	175.422	168.107	165.469	161.276	166.208	160.515	236.381	234.828	237.739	233.452	261.536	255.838	262.469	254.88	133.375	136.033	136.367	133.034	218.332	217.002	220.676	214.618	164.247	171.421	171.237	164.438	200.998	199.81	202.475	198.313	20.5913	20.6155	22.3607	18.6815	190.633	185.154	189.066	186.754	239.927	239.52	242.508	236.907	331.73	328.609	331.604	328.737	355.726	353.638	355.629	353.736	183.325	189.953	190.276	182.989	225.175	218.477	224.357	219.317	13.9284	19.3132	14.7648	18.6815	
315.317	315.565	316.547	314.331	5	5	7.07107	0	207.292	200.25	207.241	200.302	117.175	114.791	118.596	113.323	179.201	178.354	182.409	175.071	171.143	167.093	172.003	166.208	243.446	241.897	244.806	240.52	267.845	262.208	268.812	261.216	138.813	141.227	141.796	138.232	225.364	224.009	227.702	221.633	169.047	176.139	176.045	169.145	208.062	206.867	209.538	205.373	27.4591	26.9258	29.1548	25.0799	194.373	189.082	193.018	190.465	246.789	246.333	249.359	243.731	336.43	333.338	336.335	333.434	360.251	358.176	360.169	358.258	188.939	195.479	195.87	188.534	229.072	222.445	228.355	223.182	12.8062	17.6918	14.4222	16.4012	
121.594	124.535	125.363	120.739	202.299	207.617	202.633	207.292	0	7.07107	1	7	102.956	108.688	105.095	106.621	183.076	190.263	186.454	186.955	53.7401	60.8112	57.3847	57.3847	178.213	180.854	180.189	178.885	106.888	106.775	109.59	104	243.033	250.41	244.884	248.6	197.03	201.896	199.865	199.09	277.346	284.192	281.94	279.635	176.782	180.155	178.639	178.314	194.987	200.262	195.346	199.912	34.4819	31.1448	28.6007	36.6197	235.637	240.52	238.466	237.716	129.139	126.063	129.062	126.143	153.183	151.076	153.062	151.199	267.589	274.798	272.809	269.616	36.7151	30.4631	33.2866	34.176	216.023	221.199	216.227	221	
127.142	129.85	130.698	126.27	195.256	200.562	195.576	200.25	7.07107	0	7	1	96.1769	101.966	98.4124	99.8098	178.53	185.607	181.97	182.236	48.2701	55.3173	52.2015	51.6236	176.255	178.757	178.241	176.777	109.275	108.688	111.893	105.991	236.916	244.264	238.801	242.421	193.879	198.595	196.743	195.758	271.398	278.289	276.065	273.66	173.349	176.618	175.231	174.751	187.92	193.197	188.282	192.844	32.573	27.7849	26	34.0147	232.433	237.192	235.287	234.361	136.18	133.094	136.092	133.184	160.253	158.146	160.131	158.269	262.179	269.429	267.479	264.169	41.4005	34.6699	38.2884	38.0789	208.959	214.133	209.16	213.937	
121.078	123.976	124.808	120.221	202.247	207.543	202.556	207.241	1	7	0	7.07107	102.552	108.259	104.652	106.231	182.236	189.433	185.607	186.132	53.0377	60.1082	56.6392	56.7274	177.226	179.869	179.201	177.902	105.991	105.849	108.688	103.078	242.421	249.804	244.264	248.002	196.087	200.96	198.92	198.157	276.698	283.535	281.277	278.993	175.855	179.234	177.71	177.395	194.815	200.085	195.164	199.745	35.3553	31.8904	29.4109	37.4433	234.696	239.585	237.523	236.783	129.19	126.099	129.097	126.194	153.31	151.199	153.183	151.327	266.85	274.053	272.059	268.883	37.5899	31.3847	34.1321	35.1141	215.928	221.097	216.123	220.907	
127.632	130.384	131.229	126.764	195.31	200.639	195.655	200.302	7	1	7.07107	0	96.6075	102.421	98.8838	100.225	179.388	186.454	182.833	183.076	49.0408	56.0803	53.0094	52.345	177.248	179.747	179.234	177.767	110.145	109.59	112.77	106.888	237.542	244.884	239.435	243.033	194.833	199.542	197.699	196.703	272.059	278.959	276.74	274.316	174.29	177.553	176.173	175.684	188.098	193.38	188.47	193.018	31.6228	26.9258	25.0799	33.1059	233.384	238.137	236.239	235.304	136.132	133.06	136.059	133.135	160.131	158.028	160.016	158.146	262.932	270.187	268.242	264.915	40.6079	33.8378	37.5366	37.2156	209.057	214.238	209.268	214.033	
199.111	198.98	199.97	198.116	112.361	115.953	111.086	117.175	102.956	96.1769	102.552	96.6075	0	6.40312	5	4	112.112	116.619	116.108	112.641	56.1427	51.0098	56.0089	51.1566	149.372	149.466	151.169	147.648	150.987	145.619	152.086	144.471	145.097	152.069	147.323	149.913	146.891	148.788	149.833	145.825	180.923	188.215	186.317	182.877	125.172	126.301	127.122	124.338	98.326	103.175	98.1835	103.31	105.418	97.7446	100.767	102.533	180.624	183.221	183.614	180.225	228.107	224.758	227.695	225.175	253.45	251.269	253.211	251.509	178.135	185.715	184.296	179.602	134.239	127.028	132.076	129.275	122.809	127.424	122.483	127.738	
202.633	202.312	203.305	201.636	110.055	113.323	108.522	114.791	108.688	101.966	108.259	102.421	6.40312	0	4	5	107.005	111.288	111.005	107.299	60.6712	55.1453	60.1332	55.7315	146.769	146.687	148.529	144.903	153.056	147.472	154.042	146.441	138.708	145.691	140.929	143.544	142.864	144.544	145.784	141.598	174.522	181.813	179.914	176.479	121.297	122.25	123.227	120.304	94.8947	99.6092	94.6414	99.8499	111.759	104.062	107.056	108.894	176.028	178.474	179.011	175.482	233.105	229.732	232.659	230.185	258.565	256.377	258.312	256.632	171.828	179.413	178.011	173.28	140.346	133.135	138.134	135.429	119.854	124.338	119.436	124.74	
198.645	198.338	199.331	197.649	113.842	117.175	112.361	118.596	105.095	98.4124	104.652	98.8838	5	4	0	6.40312	107.117	111.647	111.113	107.671	56.7186	51.1566	56.1427	51.788	144.903	144.931	146.687	143.126	149.272	143.736	150.283	142.678	141.45	148.492	143.628	146.386	141.993	143.851	144.931	140.89	177.138	184.391	182.453	179.134	120.304	121.396	122.25	119.436	98.8585	103.586	98.6154	103.817	108.894	101.139	104.062	106.104	175.642	178.227	178.631	175.231	229.212	225.834	228.758	226.294	254.7	252.509	254.443	252.769	173.773	181.342	179.889	175.277	137.058	129.85	134.792	132.201	123.762	128.265	123.357	128.655	
203.089	202.941	203.931	202.094	108.522	112.058	107.201	113.323	106.621	99.8098	106.231	100.225	4	5	6.40312	0	112.004	116.276	116.004	112.285	60.1332	55.0091	60.0083	55.1453	151.182	151.169	152.958	149.372	154.729	149.308	155.801	148.189	142.425	149.335	144.693	147.139	147.733	149.459	150.659	146.509	178.362	185.691	183.831	180.278	126.127	127.122	128.062	125.172	94.3398	99.1817	94.1913	99.3227	108.374	100.767	103.856	105.418	181	183.461	183.984	180.469	232.019	228.674	231.614	229.085	257.334	255.155	257.099	255.392	176.238	183.831	182.464	177.654	137.594	130.384	135.484	132.575	118.87	123.471	118.533	123.794	
222.463	218.769	219.693	221.551	176.233	175.237	172.2	179.201	183.076	178.53	182.236	179.388	112.112	107.005	107.117	112.004	0	8.06226	4	7	131.061	124.326	126.657	128.81	74.3303	71.1688	74.9466	70.5195	157.099	149.486	156.016	150.615	93.1343	100.02	93.0215	100.125	46.6905	44.8219	48.7955	42.5206	114.978	119.641	116.76	117.903	34.4819	31.3847	35.1141	30.6757	151.819	153.388	150.243	154.932	201.445	193.424	195.072	199.85	70.8802	72.3671	73.7631	69.4262	278.539	274.935	277.395	276.089	304.844	302.63	304.278	303.2	92.1792	98.27	95.7183	94.8262	219.738	213.178	216.363	216.603	176.479	178.331	174.977	179.805	
230.489	226.771	227.693	229.578	175.57	174.256	171.406	178.354	190.263	185.607	189.433	186.454	116.619	111.288	111.647	116.276	8.06226	0	7	4	137.928	131.126	133.6	135.532	80.05	76.6551	80.5233	76.1577	165.085	157.471	163.982	158.619	86.4696	93.1933	86.209	93.4345	49.6488	46.7547	51.4004	44.8219	107.28	111.826	108.931	110.218	40.4475	36.8782	40.7922	36.4966	150.904	152.201	149.265	153.808	208.002	199.965	201.698	206.323	69.4622	70.214	72.2357	67.3573	286.568	282.963	285.428	284.113	312.879	310.664	312.314	311.231	84.119	90.2109	87.6641	86.7698	226.883	220.273	223.544	223.66	175.071	176.695	173.511	178.227	
224.129	220.336	221.253	223.224	179.494	178.404	175.422	182.409	186.454	181.97	185.607	182.833	116.108	111.005	111.113	116.004	4	7	0	8.06226	134.614	127.91	130.177	132.424	73.2462	69.9214	73.7631	69.3758	158.619	151.003	157.471	152.201	93.4345	100.18	93.1933	100.404	44.0454	41.7732	46.0109	39.598	114.14	118.6	115.694	117.085	33.541	30.0832	33.9559	29.6142	155	156.486	153.405	158.051	205.105	197.091	198.708	203.539	67.0522	68.4471	69.9214	65.5134	280.856	277.253	279.693	278.426	307.132	304.921	306.557	305.5	90.3383	96.2549	93.6483	93.0376	223.134	216.603	219.738	220.048	179.513	181.29	177.992	182.784	
228.869	225.249	226.177	227.952	172.235	171.012	168.107	175.071	186.955	182.236	186.132	183.076	112.641	107.299	107.671	112.285	7	4	8.06226	0	134.462	127.632	130.173	132.004	81.0432	77.7946	81.6088	77.201	163.625	156.016	162.585	157.099	86.1452	93.0215	86.0233	93.1343	52.0096	49.4975	53.9073	47.4236	108.171	112.929	110.064	111.086	41.2311	37.9473	41.7612	37.3631	147.635	149.013	146.014	150.602	204.394	196.352	198.116	202.684	73.1642	74.0405	75.9605	71.1688	284.297	280.692	283.177	281.823	310.633	308.415	310.077	308.974	86.093	92.358	89.8721	88.6848	223.544	216.906	220.227	220.273	171.959	173.658	170.417	175.171	
144.184	144.586	145.561	143.199	166.208	170.426	165.469	171.143	53.7401	48.2701	53.0377	49.0408	56.1427	60.6712	56.7186	60.1332	131.061	137.928	134.614	134.462	0	7.07107	5	5	138.362	140.129	140.357	138.13	102.903	99.0202	104.623	97.2008	189.834	197.274	191.604	195.556	150.443	154.564	153.395	151.634	223.815	230.601	228.32	226.142	129.074	131.939	131.027	130	154.052	159.013	154.013	159.05	71.1688	63.3246	64.5136	70.0928	188.513	192.816	191.442	189.908	172.699	169.293	172.2	169.8	198.366	196.163	198.081	196.451	213.925	221.165	219.21	215.928	89.6437	82.801	86.5563	86.0233	177.815	182.617	177.634	182.792	
148.354	148.476	149.459	147.363	162.188	166.208	161.276	167.093	60.8112	55.3173	60.1082	56.0803	51.0098	55.1453	51.1566	55.0091	124.326	131.126	127.91	127.632	7.07107	0	5	5	133.843	135.447	135.831	133.454	104.446	100.125	106	98.4784	182.858	190.308	184.613	188.605	144.682	148.661	147.648	145.715	216.779	223.555	221.269	219.112	123.167	125.929	125.132	123.976	149.272	154.159	149.164	154.263	77.4919	69.5701	70.9366	76.243	182.584	186.783	185.526	183.861	178.844	175.414	178.306	175.96	204.619	202.41	204.318	202.714	206.867	214.112	212.163	208.866	96.6747	89.8109	93.6056	93.0054	173.401	178.126	173.159	178.362	
143.402	143.562	144.544	142.411	167.093	171.143	166.208	172.003	57.3847	52.2015	56.6392	53.0094	56.0089	60.1332	56.1427	60.0083	126.657	133.6	130.177	130.173	5	5	0	7.07107	133.375	135.133	135.37	133.135	100.17	96.0208	101.789	94.3027	186.955	194.427	188.672	192.762	145.527	149.683	148.476	146.758	220.676	227.403	225.089	223.036	124.197	127.094	126.147	125.16	154.263	159.154	154.159	159.255	75.9605	68.1542	69.2604	74.9533	183.636	187.971	186.561	185.068	174.04	170.602	173.488	171.164	199.86	197.649	199.552	197.96	210.212	217.414	215.425	212.25	93.6002	86.8389	90.4268	90.1388	178.362	183.096	178.126	183.325	
149.111	149.466	150.443	148.125	161.276	165.469	160.515	166.208	57.3847	51.6236	56.7274	52.345	51.1566	55.7315	51.788	55.1453	128.81	135.532	132.424	132.004	5	5	7.07107	0	138.813	140.431	140.801	138.438	107.07	103.005	108.724	101.257	185.801	193.215	187.609	191.46	149.626	153.574	152.594	150.625	219.973	226.808	224.555	222.272	128.082	130.817	130.05	128.86	149.054	154.013	149.013	154.052	72.8011	64.846	66.3099	71.4703	187.489	191.659	190.434	188.733	177.539	174.141	177.054	174.634	203.16	200.96	202.882	201.241	210.64	217.92	216.005	212.603	92.8493	85.9127	89.8721	89.0225	172.838	177.634	172.653	177.815	
173.761	168.514	169.293	173.003	239.794	240.085	236.381	243.446	178.213	176.255	177.226	177.248	149.372	146.769	144.903	151.182	74.3303	80.05	73.2462	81.0432	138.362	133.843	133.375	138.813	0	4.47214	2	4	109.659	102.728	107.49	104.995	166.208	172.676	165.747	173.118	38.3275	44.9222	39.2173	44.1475	183.044	186.325	183.33	186.043	39.8497	43.1741	39.2938	43.6807	216.933	219.456	215.629	220.737	206.293	199.123	199.304	206.119	68.6804	75.1665	70.7248	73.2462	240.36	236.888	238.849	238.411	265.377	263.287	264.643	264.025	153.584	157.69	154.742	156.554	213.026	207.885	209.122	211.811	242.887	245.506	241.615	246.757	
178.104	172.884	173.666	177.341	238.304	238.472	234.828	241.897	180.854	178.757	179.869	179.747	149.466	146.687	144.931	151.169	71.1688	76.6551	69.9214	77.7946	140.129	135.447	135.133	140.431	4.47214	0	4	2	113.864	106.888	111.723	109.124	162.607	169.012	162.099	169.499	33.9559	40.5216	34.7851	39.8121	179.011	182.222	179.226	182.011	36.7696	39.8497	36.0555	40.4969	215.258	217.69	213.925	219	208.54	201.301	201.559	208.291	64.3817	70.8378	66.468	68.884	244.493	241.015	242.992	242.528	269.564	267.47	268.835	268.203	149.345	153.395	150.443	152.319	215.87	210.647	211.981	214.56	241.118	243.658	239.821	244.935	
175.069	169.779	170.552	174.316	241.174	241.423	237.739	244.806	180.189	178.241	179.201	179.234	151.169	148.529	146.687	152.958	74.9466	80.5233	73.7631	81.6088	140.357	135.831	135.37	140.801	2	4	0	4.47214	111.126	104.235	108.931	106.527	166.544	172.965	166.048	173.442	37.855	44.3847	38.6005	43.7379	183.011	186.218	183.221	186.011	40.4969	43.6807	39.8497	44.2719	218.248	220.737	216.933	222.029	208.291	201.122	201.301	208.118	67.3573	73.8783	69.3542	72.0069	241.878	238.411	240.36	239.942	266.85	264.764	266.113	265.505	153.31	157.334	154.379	156.285	214.979	209.848	211.073	213.776	244.168	246.757	242.887	248.018	
176.819	171.642	172.43	176.051	236.907	237.118	233.452	240.52	178.885	176.777	177.902	177.767	147.648	144.903	143.126	149.372	70.5195	76.1577	69.3758	77.201	138.13	133.454	133.135	138.438	4	2	4.47214	0	112.432	105.418	110.318	107.629	162.262	168.716	161.79	169.169	34.4819	41.1096	35.4683	40.2616	179.045	182.332	179.338	182.044	36.0555	39.2938	35.4401	39.8497	213.925	216.391	212.603	217.69	206.545	199.304	199.565	206.293	65.7647	72.1803	67.897	70.1783	242.992	239.508	241.497	241.015	268.106	266.008	267.38	266.738	149.626	153.76	150.814	152.594	213.925	208.691	210.038	212.603	239.821	242.39	238.533	243.658	
65.8635	61.7414	62.6498	65	263.108	266.301	261.536	267.845	106.888	109.275	105.991	110.145	150.987	153.056	149.272	154.729	157.099	165.085	158.619	163.625	102.903	104.446	100.17	107.07	109.659	113.864	111.126	112.432	0	7.61577	3	7	244.806	252.293	245.473	251.645	143.68	150.243	145.578	148.405	271.33	276.409	273.578	274.184	131.883	136.341	132.925	135.326	246.911	251.269	246.416	251.754	141.322	137.058	135.118	143.178	178.191	184.567	180.325	182.483	130.874	127.44	129.321	129.016	155.724	153.639	154.987	154.383	248.863	254.521	251.813	251.603	131.244	128.845	127.346	132.699	272.523	276.8	271.98	277.334	
73.4302	69.3542	70.2638	72.5603	257.503	260.572	255.838	262.208	106.775	108.688	105.849	109.59	145.619	147.472	143.736	149.308	149.486	157.471	151.003	156.016	99.0202	100.125	96.0208	103.005	102.728	106.888	104.235	105.418	7.61577	0	7	3	237.327	244.806	237.977	244.174	136.36	142.902	138.293	141.032	263.746	268.812	265.979	266.603	124.342	128.798	125.399	127.769	240.934	245.231	240.402	245.752	141.032	136.4	134.659	142.695	171.143	177.485	173.312	175.368	137.644	134.183	136.125	135.724	162.69	160.59	161.966	161.32	241.249	246.911	244.205	243.988	132.834	130.05	128.891	133.959	266.663	270.88	266.085	271.448	
67.4166	63.0635	63.9531	66.5733	264.093	267.217	262.469	268.812	109.59	111.893	108.688	112.77	152.086	154.042	150.283	155.801	156.016	163.982	157.471	162.585	104.623	106	101.789	108.724	107.49	111.723	108.931	110.318	3	7	0	7.61577	244.174	251.645	244.806	251.03	141.82	148.405	143.68	146.605	270.416	275.436	272.595	273.28	130.361	134.826	131.37	133.843	247.681	252.002	247.164	252.509	144.003	139.671	137.768	145.825	176.082	182.483	178.191	180.424	133.225	129.808	131.655	131.4	157.953	155.878	157.207	156.63	247.649	253.251	250.529	250.402	134.172	131.735	130.269	135.595	273.364	277.606	272.8	278.16	
72.0069	68.1542	69.0797	71.1196	256.494	259.632	254.88	261.216	104	105.991	103.078	106.888	144.471	146.441	142.678	148.189	150.615	158.619	152.201	157.099	97.2008	98.4784	94.3027	101.257	104.995	109.124	106.527	107.629	7	3	7.61577	0	237.977	245.473	238.663	244.806	138.293	144.81	140.264	142.902	264.683	269.809	266.987	267.529	125.936	130.384	127.028	129.321	240.142	244.477	239.633	244.976	138.293	133.724	131.947	139.989	173.312	179.627	175.505	177.485	135.37	131.894	133.869	133.417	160.527	158.417	159.812	159.138	242.495	248.214	245.522	245.22	129.877	127.122	125.936	131.027	265.801	270.054	265.243	270.601	
308.24	305.395	306.361	307.28	138.362	133.843	133.375	138.813	243.033	236.916	242.421	237.542	145.097	138.708	141.45	142.425	93.1343	86.4696	93.4345	86.1452	189.834	182.858	186.955	185.801	166.208	162.607	166.544	162.262	244.806	237.327	244.174	237.977	0	7.61577	3	7	132.28	127.44	133.15	126.531	36.3593	43.909	42.4853	38.0132	126.89	123.179	127.142	122.919	115	113.111	113	115.109	250.332	242.539	245.375	247.552	134.529	131.244	136.18	129.53	356.463	352.892	355.598	353.764	382.832	380.596	382.394	381.035	50.448	56.7186	57.2713	49.8197	277.238	270.083	274.643	272.721	130.05	129.074	128.082	131.027	
315.801	312.934	313.9	314.841	141.032	136.235	136.033	141.227	250.41	244.264	249.804	244.884	152.069	145.691	148.492	149.335	100.02	93.1933	100.18	93.0215	197.274	190.308	194.427	193.215	172.676	169.012	172.965	168.716	252.293	244.806	251.645	245.473	7.61577	0	7	3	138.246	133.24	139.014	132.439	30.4631	38.0789	37	31.7648	133.54	129.757	133.735	129.557	118.207	116.017	116.211	118.017	257.387	249.618	252.486	254.574	138.924	135.37	140.46	133.776	364.071	360.501	363.208	361.371	390.438	388.202	390.001	388.641	49.7695	55.3624	56.3028	48.7032	284.508	277.346	281.938	279.959	131.973	130.698	129.988	132.673	
309.091	306.185	307.148	308.133	141.354	136.825	136.367	141.796	244.884	238.801	244.264	239.435	147.323	140.929	143.628	144.693	93.0215	86.209	93.1933	86.0233	191.604	184.613	188.672	187.609	165.747	162.099	166.048	161.79	245.473	237.977	244.806	238.663	3	7	0	7.61577	131.472	126.531	132.28	125.686	33.8378	41.3401	39.8246	35.609	126.57	122.801	126.775	122.589	118	116.108	116	118.106	252.486	244.675	247.487	249.73	132.925	129.53	134.529	127.863	357.778	354.203	356.899	355.089	384.158	381.921	383.713	382.368	47.5395	53.7587	54.3415	46.8722	279.206	272.059	276.586	274.722	133.004	132.004	131.034	133.959	
314.968	312.162	313.129	314.006	138.033	133.24	133.034	138.232	248.6	242.421	248.002	243.033	149.913	143.544	146.386	147.139	100.125	93.4345	100.404	93.1343	195.556	188.605	192.762	191.46	173.118	169.499	173.442	169.169	251.645	244.174	251.03	244.806	7	3	7.61577	0	139.014	134.104	139.843	133.24	33.2415	40.8534	39.8497	34.4384	133.843	130.115	134.082	129.869	115.213	113.018	113.217	115.017	255.274	247.524	250.416	252.438	140.46	137.011	142.042	135.37	362.78	359.213	361.93	360.069	389.134	386.898	388.703	387.331	52.5547	58.2409	59.1354	51.5461	282.577	275.409	280.032	277.996	128.996	127.738	127.012	129.711	
209.022	204.157	204.98	208.214	222.248	221.504	218.332	225.364	197.03	193.879	196.087	194.833	146.891	142.864	141.993	147.733	46.6905	49.6488	44.0454	52.0096	150.443	144.682	145.527	149.626	38.3275	33.9559	37.855	34.4819	143.68	136.36	141.82	138.293	132.28	138.246	131.472	139.014	0	6.7082	3	6	146.123	149.003	146.003	149.121	22.0227	20.6155	20.025	22.561	198.073	199.81	196.543	201.316	221.269	213.581	214.441	220.436	38.6264	43.8292	41.4367	41.1825	272.947	269.409	271.544	270.823	298.52	296.38	297.834	297.069	115.624	119.52	116.559	118.609	233.266	227.431	229.532	231.199	222.991	224.931	221.515	226.385	
215.641	210.801	211.627	214.83	221.009	220.057	217.002	224.009	201.896	198.595	200.96	199.542	148.788	144.544	143.851	149.459	44.8219	46.7547	41.7732	49.4975	154.564	148.661	149.683	153.574	44.9222	40.5216	44.3847	41.1096	150.243	142.902	148.405	144.81	127.44	133.24	126.531	134.104	6.7082	0	6	3	140.289	143.014	140.014	143.283	25.4951	23.0217	23.5372	25.02	196.637	198.204	195.064	199.752	225.559	217.816	218.769	224.635	33.9559	38.6264	36.8782	35.8469	279.33	275.786	277.937	277.189	304.948	302.804	304.266	303.488	109.371	113.137	110.168	112.361	238.248	232.332	234.542	236.072	221.269	223.063	219.754	224.555	
210.801	205.876	206.693	210	224.617	223.815	220.676	227.702	199.865	196.743	198.92	197.699	149.833	145.784	144.931	150.659	48.7955	51.4004	46.0109	53.9073	153.395	147.648	148.476	152.594	39.2173	34.7851	38.6005	35.4683	145.578	138.293	143.68	140.264	133.15	139.014	132.28	139.843	3	6	0	6.7082	146.277	149.013	146.014	149.272	25.02	23.5372	23.0217	25.4951	200.385	202.072	198.842	203.59	224.199	216.518	217.366	223.376	35.8469	41.1825	38.6264	38.5876	275.065	271.533	273.651	272.958	300.588	298.453	299.897	299.147	115.352	119.08	116.108	118.343	236.072	230.256	232.332	234.03	225.22	227.115	223.732	228.58	
213.902	209.122	209.955	213.084	218.6	217.706	214.618	221.633	199.09	195.758	198.157	196.703	145.825	141.598	140.89	146.509	42.5206	44.8219	39.598	47.4236	151.634	145.715	146.758	150.625	44.1475	39.8121	43.7379	40.2616	148.405	141.032	146.605	142.902	126.531	132.439	125.686	133.24	6	3	6.7082	0	140.129	143.003	140.004	143.126	22.561	20.025	20.6155	22.0227	194.281	195.898	192.72	197.434	222.648	214.898	215.863	221.712	36.8782	41.4367	39.8121	38.6264	277.244	273.695	275.862	275.087	302.909	300.761	302.233	301.44	109.659	113.6	110.644	112.641	235.468	229.532	231.769	233.266	219	220.839	217.497	222.32	
336.027	332.71	333.654	335.09	169.239	164.049	164.247	169.047	277.346	271.398	276.698	272.059	180.923	174.522	177.138	178.362	114.978	107.28	114.14	108.171	223.815	216.779	220.676	219.973	183.044	179.011	183.011	179.045	271.33	263.746	270.416	264.683	36.3593	30.4631	33.8378	33.2415	146.123	140.289	146.277	140.129	0	7.61577	7	3	145.88	141.693	145.674	141.905	147.231	144.679	145.248	146.67	285.895	278.045	280.794	283.196	138.521	133.795	139.46	132.816	387.551	383.96	386.595	384.922	413.969	411.734	413.489	412.216	35.8469	37.5366	39.8246	33.2866	312.066	304.948	309.362	307.69	159.05	157.258	157.051	159.255	
341.321	337.902	338.841	340.389	176.409	171.143	171.421	176.139	284.192	278.289	283.535	278.959	188.215	181.813	184.391	185.691	119.641	111.826	118.6	112.929	230.601	223.555	227.403	226.808	186.325	182.222	186.218	182.332	276.409	268.812	275.436	269.809	43.909	38.0789	41.3401	40.8534	149.003	143.014	149.013	143.003	7.61577	0	3	7	149.777	145.523	149.482	145.825	154.574	151.954	152.594	153.942	293.084	285.217	287.939	290.41	139.463	134.48	140.246	133.664	393.571	389.976	392.594	390.959	419.99	417.757	419.501	418.249	35.7351	35.8469	38.4708	32.8938	319.038	311.931	316.305	314.701	166.003	164.11	164.003	166.108	
338.528	335.09	336.027	337.597	176.23	171.047	171.237	176.045	281.94	276.065	281.277	276.74	186.317	179.914	182.453	183.831	116.76	108.931	115.694	110.064	228.32	221.269	225.089	224.555	183.33	179.226	183.221	179.338	273.578	265.979	272.595	266.987	42.4853	37	39.8246	39.8497	146.003	140.014	146.014	140.004	7	3	0	7.61577	146.813	142.555	146.513	142.864	154.175	151.648	152.191	153.639	291.076	283.196	285.895	288.425	136.561	131.605	137.361	130.771	390.959	387.363	389.976	388.353	417.379	415.146	416.886	415.64	32.8938	33.2866	35.8469	30.0832	316.863	309.764	314.111	312.554	166.048	164.247	164.049	166.244	
338.841	335.543	336.488	337.902	169.425	164.149	164.438	169.145	279.635	273.66	278.993	274.316	182.877	176.479	179.134	180.278	117.903	110.218	117.085	111.086	226.142	219.112	223.036	222.272	186.043	182.011	186.011	182.044	274.184	266.603	273.28	267.529	38.0132	31.7648	35.609	34.4384	149.121	143.283	149.272	143.126	3	7	7.61577	0	148.862	144.679	148.661	144.886	147.648	145	145.671	146.986	287.939	280.104	282.875	285.217	141.382	136.624	142.302	135.665	390.186	386.595	389.236	387.551	416.602	414.367	416.125	414.846	38.4708	39.8246	42.2019	35.8469	314.274	307.148	311.589	309.871	159.003	157.115	157.003	159.113	
197.74	193.383	194.258	196.881	204.707	204.414	200.998	208.062	176.782	173.349	175.855	174.29	125.172	121.297	120.304	126.127	34.4819	40.4475	33.541	41.2311	129.074	123.167	124.197	128.082	39.8497	36.7696	40.4969	36.0555	131.883	124.342	130.361	125.936	126.89	133.54	126.57	133.843	22.0227	25.4951	25.02	22.561	145.88	149.777	146.813	148.862	0	4.47214	2	4	181.041	183.153	179.611	184.556	200.092	192.338	193.313	199.151	59.439	63.8905	62.3699	61.0328	258.699	255.123	257.389	256.445	284.628	282.454	283.986	283.099	118.962	123.976	121.149	121.84	213.242	207.239	209.571	210.95	206.519	208.799	205.139	210.155	
202.2	197.851	198.726	201.341	203.59	203.148	199.81	206.867	180.155	176.618	179.234	177.553	126.301	122.25	121.396	127.122	31.3847	36.8782	30.0832	37.9473	131.939	125.929	127.094	130.817	43.1741	39.8497	43.6807	39.2938	136.341	128.798	134.826	130.384	123.179	129.757	122.801	130.115	20.6155	23.0217	23.5372	20.025	141.693	145.523	142.555	144.679	4.47214	0	4	2	179.744	181.739	178.281	183.175	203.039	195.249	196.291	202.032	56.7186	60.8769	59.6825	57.9741	263.03	259.453	261.727	260.768	288.979	286.803	288.34	287.446	114.56	119.541	116.709	117.444	216.675	210.618	213.026	214.308	205.061	207.241	203.652	208.626	
198.769	194.363	195.233	197.914	206.206	205.866	202.475	209.538	178.639	175.231	177.71	176.173	127.122	123.227	122.25	128.062	35.1141	40.7922	33.9559	41.7612	131.027	125.132	126.147	130.05	39.2938	36.0555	39.8497	35.4401	132.925	125.399	131.37	127.028	127.142	133.735	126.775	134.082	20.025	23.5372	23.0217	20.6155	145.674	149.482	146.513	148.661	2	4	0	4.47214	182.483	184.556	181.041	185.97	202.032	194.283	195.249	201.099	57.4891	61.9839	60.4152	59.1354	260.017	256.445	258.699	257.775	285.918	283.746	285.272	284.396	118.406	123.329	120.487	121.297	215.081	209.093	211.405	212.81	207.909	210.155	206.519	211.521	
201.189	196.888	197.768	200.325	202.072	201.675	198.313	205.373	178.314	174.751	177.395	175.684	124.338	120.304	119.436	125.172	30.6757	36.4966	29.6142	37.3631	130	123.976	125.16	128.86	43.6807	40.4969	44.2719	39.8497	135.326	127.769	133.843	129.321	122.919	129.557	122.589	129.869	22.561	25.02	25.4951	22.0227	141.905	145.825	142.864	144.886	4	2	4.47214	0	178.281	180.314	176.828	181.739	201.109	193.313	194.366	200.092	58.6941	62.8172	61.6604	59.9083	261.727	258.147	260.432	259.453	287.703	285.524	287.068	286.163	115.135	120.208	117.393	118.004	214.849	208.777	211.206	212.462	203.652	205.866	202.252	207.241	
297.417	297.188	298.181	296.422	25.0799	23.4307	20.5913	27.4591	194.987	187.92	194.815	188.098	98.326	94.8947	98.8585	94.3398	151.819	150.904	155	147.635	154.052	149.272	154.263	149.054	216.933	215.258	218.248	213.925	246.911	240.934	247.681	240.142	115	118.207	118	115.213	198.073	196.637	200.385	194.281	147.231	154.574	154.175	147.648	181.041	179.744	182.483	178.281	0	5.38516	2	5	186.336	180.25	184.049	182.584	219.347	218.929	221.923	216.317	323.483	320.262	323.241	320.506	348.059	345.931	347.908	346.082	164.438	171.237	171.421	164.247	220.127	213.214	218.961	214.411	26.4197	30.0832	25.4951	30.8707	
302.209	301.921	302.914	301.213	25.4951	22.3607	20.6155	26.9258	200.262	193.197	200.085	193.38	103.175	99.6092	103.586	99.1817	153.388	152.201	156.486	149.013	159.013	154.159	159.154	154.013	219.456	217.69	220.737	216.391	251.269	245.231	252.002	244.477	113.111	116.017	116.108	113.018	199.81	198.204	202.072	195.898	144.679	151.954	151.648	145	183.153	181.739	184.556	180.314	5.38516	0	5	2	191.719	185.626	189.423	187.968	220.273	219.693	222.812	217.117	328.694	325.467	328.445	325.719	353.307	351.177	353.153	351.332	162.89	169.579	169.853	162.604	225.497	218.58	224.323	219.784	23.4307	26.4197	22.2036	27.4591	
297.229	296.953	297.946	296.233	26.9258	25	22.3607	29.1548	195.346	188.282	195.164	188.47	98.1835	94.6414	98.6154	94.1913	150.243	149.265	153.405	146.014	154.013	149.164	154.159	149.013	215.629	213.925	216.933	212.603	246.416	240.402	247.164	239.633	113	116.211	116	113.217	196.543	195.064	198.842	192.72	145.248	152.594	152.191	145.671	179.611	178.281	181.041	176.828	2	5	0	5.38516	187.032	180.892	184.678	183.295	217.635	217.187	220.204	214.581	323.736	320.506	323.483	320.762	348.369	346.237	348.213	346.394	162.444	169.239	169.425	162.25	220.735	213.804	219.536	215.035	27.4591	30.8707	26.4197	31.7648	
302.394	302.152	303.145	301.398	23.5372	20.5913	18.6815	25.0799	199.912	192.844	199.745	193.018	103.31	99.8499	103.817	99.3227	154.932	153.808	158.051	150.602	159.05	154.263	159.255	154.052	220.737	219	222.029	217.69	251.754	245.752	252.509	244.976	115.109	118.017	118.106	115.017	201.316	199.752	203.59	197.434	146.67	153.942	153.639	146.986	184.556	183.175	185.97	181.739	5	2	5.38516	0	191.039	185	188.809	187.275	221.964	221.416	224.511	218.833	328.445	325.228	328.207	325.467	353.001	350.875	352.853	351.024	164.879	171.572	171.843	164.596	224.902	218.002	223.761	219.173	22.2036	25.4951	21.095	26.4197	
152.611	156.205	156.975	151.819	189.489	195.489	190.633	194.373	34.4819	32.573	35.3553	31.6228	105.418	111.759	108.894	108.374	201.445	208.002	205.105	204.394	71.1688	77.4919	75.9605	72.8011	206.293	208.54	208.291	206.545	141.322	141.032	144.003	138.293	250.332	257.387	252.486	255.274	221.269	225.559	224.199	222.648	285.895	293.084	291.076	287.939	200.092	203.039	202.032	201.109	186.336	191.719	187.032	191.039	0	8.06226	7	4	259.515	263.911	262.429	261.013	147.959	145.344	148.297	145	169.358	167.431	169.425	167.362	280.273	287.717	285.997	282.028	35.0571	29.0689	35.0571	29.0689	204.463	209.805	204.971	209.308	
151.727	155	155.801	150.904	184.166	190.045	185.154	189.082	31.1448	27.7849	31.8904	26.9258	97.7446	104.062	101.139	100.767	193.424	199.965	197.091	196.352	63.3246	69.5701	68.1542	64.846	199.123	201.301	201.122	199.304	137.058	136.4	139.671	133.724	242.539	249.618	244.675	247.524	213.581	217.816	216.518	214.898	278.045	285.217	283.196	280.104	192.338	195.249	194.283	193.313	180.25	185.626	180.892	185	8.06226	0	4	7	251.772	256.125	254.692	253.221	150.96	148.223	151.199	147.98	173.046	171.073	173.072	171.047	272.254	279.693	277.966	274.016	40.025	33.3766	39.3192	34.2053	198.927	204.247	199.379	203.806	
148.449	151.819	152.611	147.635	188.098	193.961	189.066	193.018	28.6007	26	29.4109	25.0799	100.767	107.056	104.062	103.856	195.072	201.698	198.708	198.116	64.5136	70.9366	69.2604	66.3099	199.304	201.559	201.301	199.565	135.118	134.659	137.768	131.947	245.375	252.486	247.487	250.416	214.441	218.769	217.366	215.863	280.794	287.939	285.895	282.875	193.313	196.291	195.249	194.366	184.049	189.423	184.678	188.809	7	4	0	8.06226	252.723	257.154	255.633	254.262	146.986	144.257	147.231	144.007	169.047	167.075	169.074	167.048	274.609	282.028	280.273	276.4	36.1386	29.4279	35.3553	30.3645	202.83	208.147	203.273	207.714	
155.801	159.298	160.078	155	185.586	191.604	186.754	190.465	36.6197	34.0147	37.4433	33.1059	102.533	108.894	106.104	105.418	199.85	206.323	203.539	202.684	70.0928	76.243	74.9533	71.4703	206.119	208.291	208.118	206.293	143.178	142.695	145.825	139.989	247.552	254.574	249.73	252.438	220.436	224.635	223.376	221.712	283.196	290.41	288.425	285.217	199.151	202.032	201.099	200.092	182.584	187.968	183.295	187.275	4	7	8.06226	0	258.588	262.909	261.513	260	151.908	149.282	152.237	148.946	173.349	171.421	173.416	171.353	277.966	285.428	283.736	279.693	39.0512	33.0606	39.0512	33.0606	200.592	205.937	201.109	205.431	
242.425	237.124	237.893	241.671	244.233	242.528	239.927	246.789	235.637	232.433	234.696	233.384	180.624	176.028	175.642	181	70.8802	69.4622	67.0522	73.1642	188.513	182.584	183.636	187.489	68.6804	64.3817	67.3573	65.7647	178.191	171.143	176.082	173.312	134.529	138.924	132.925	140.46	38.6264	33.9559	35.8469	36.8782	138.521	139.463	136.561	141.382	59.439	56.7186	57.4891	58.6941	219.347	220.273	217.635	221.964	259.515	251.772	252.723	258.588	0	6.7082	3	6	308.623	305.125	307.148	306.609	333.829	331.724	333.108	332.448	103.812	105.38	102.421	106.733	271.892	266.047	268.159	269.809	242.687	243.889	241.033	245.524	
248.928	243.658	244.43	248.169	243.895	242.002	239.52	246.333	240.52	237.192	239.585	238.137	183.221	178.474	178.227	183.461	72.3671	70.214	68.4471	74.0405	192.816	186.783	187.971	191.659	75.1665	70.8378	73.8783	72.1803	184.567	177.485	182.483	179.627	131.244	135.37	129.53	137.011	43.8292	38.6264	41.1825	41.4367	133.795	134.48	131.605	136.624	63.8905	60.8769	61.9839	62.8172	218.929	219.693	217.187	221.416	263.911	256.125	257.154	262.909	6.7082	0	6	3	314.892	311.387	313.428	312.861	340.154	338.044	339.438	338.764	98.7623	100.02	97.0824	101.651	276.872	270.958	273.163	274.696	241.901	242.959	240.217	244.624	
244.403	239.059	239.821	243.655	246.83	245.082	242.508	249.359	238.466	235.287	237.523	236.239	183.614	179.011	178.631	183.984	73.7631	72.2357	69.9214	75.9605	191.442	185.526	186.561	190.434	70.7248	66.468	69.3542	67.897	180.325	173.312	178.191	175.505	136.18	140.46	134.529	142.042	41.4367	36.8782	38.6264	39.8121	139.46	140.246	137.361	142.302	62.3699	59.6825	60.4152	61.6604	221.923	222.812	220.204	224.511	262.429	254.692	255.633	261.513	3	6	0	6.7082	310.846	307.353	309.362	308.846	336.001	333.901	335.276	334.63	104.547	105.906	102.961	107.448	274.696	268.868	270.958	272.635	245.177	246.343	243.516	247.986	
246.986	241.76	242.539	246.221	241.267	239.416	236.907	243.731	237.716	234.361	236.783	235.304	180.225	175.482	175.231	180.469	69.4262	67.3573	65.5134	71.1688	189.908	183.861	185.068	188.733	73.2462	68.884	72.0069	70.1783	182.483	175.368	180.424	177.485	129.53	133.776	127.863	135.37	41.1825	35.8469	38.5876	38.6264	132.816	133.664	130.771	135.665	61.0328	57.9741	59.1354	59.9083	216.317	217.117	214.581	218.833	261.013	253.221	254.262	260	6	3	6.7082	0	312.698	309.188	311.243	310.653	338.009	335.894	337.297	336.61	97.9847	99.4636	96.5091	100.896	274.089	268.159	270.387	271.892	239.376	240.47	237.699	242.128	
73.3894	80.3243	80.0062	73.736	331.436	336.719	331.73	336.43	129.139	136.18	129.19	136.132	228.107	233.105	229.212	232.019	278.539	286.568	280.856	284.297	172.699	178.844	174.04	177.539	240.36	244.493	241.878	242.992	130.874	137.644	133.225	135.37	356.463	364.071	357.778	362.78	272.947	279.33	275.065	277.244	387.551	393.571	390.959	390.186	258.699	263.03	260.017	261.727	323.483	328.694	323.736	328.445	147.959	150.96	146.986	151.908	308.623	314.892	310.846	312.698	0	3.60555	2	3	26.4197	24.1868	25.9422	24.6982	370.266	376.65	374.168	372.773	114.004	119.05	113.159	119.854	345.058	350.203	345.22	350.043	
70.5195	77.4919	77.201	70.8378	328.343	333.6	328.609	333.338	126.063	133.094	126.099	133.06	224.758	229.732	225.834	228.674	274.935	282.963	277.253	280.692	169.293	175.414	170.602	174.141	236.888	241.015	238.411	239.508	127.44	134.183	129.808	131.894	352.892	360.501	354.203	359.213	269.409	275.786	271.533	273.695	383.96	389.976	387.363	386.595	255.123	259.453	256.445	258.147	320.262	325.467	320.506	325.228	145.344	148.223	144.257	149.282	305.125	311.387	307.353	309.188	3.60555	0	3	2	30.0167	27.7849	29.5296	28.3019	366.661	373.044	370.563	369.168	111.571	116.499	110.635	117.388	341.915	347.052	342.067	346.902	
71.5122	78.4347	78.1089	71.8679	331.34	336.595	331.604	336.335	129.062	136.092	129.097	136.059	227.695	232.659	228.758	231.614	277.395	285.428	279.693	283.177	172.2	178.306	173.488	177.054	238.849	242.992	240.36	241.497	129.321	136.125	131.655	133.869	355.598	363.208	356.899	361.93	271.544	277.937	273.651	275.862	386.595	392.594	389.976	389.236	257.389	261.727	258.699	260.432	323.241	328.445	323.483	328.207	148.297	151.199	147.231	152.237	307.148	313.428	309.362	311.243	2	3	0	3.60555	27.4591	25.2389	26.9258	25.807	369.168	375.533	373.044	371.683	114.477	119.436	113.565	120.304	344.907	350.043	345.058	349.894	
72.4224	79.404	79.1202	72.7324	328.44	333.726	328.737	333.434	126.143	133.184	126.194	133.135	225.175	230.185	226.294	229.085	276.089	284.113	278.426	281.823	169.8	175.96	171.164	174.634	238.411	242.528	239.942	241.015	129.016	135.724	131.4	133.417	353.764	361.371	355.089	360.069	270.823	277.189	272.958	275.087	384.922	390.959	388.353	387.551	256.445	260.768	257.775	259.453	320.506	325.719	320.762	325.467	145	147.98	144.007	148.946	306.609	312.861	308.846	310.653	3	2	3.60555	0	29.0689	26.8328	28.6356	27.2947	367.766	374.168	371.695	370.266	111.086	116.103	110.218	116.927	342.067	347.213	342.231	347.052	
95.0158	101.597	101.119	95.5249	355.269	360.702	355.726	360.251	153.183	160.253	153.31	160.131	253.45	258.565	254.7	257.334	304.844	312.879	307.132	310.633	198.366	204.619	199.86	203.16	265.377	269.564	266.85	268.106	155.724	162.69	157.953	160.527	382.832	390.438	384.158	389.134	298.52	304.948	300.588	302.909	413.969	419.99	417.379	416.602	284.628	288.979	285.918	287.703	348.059	353.307	348.369	353.001	169.358	173.046	169.047	173.349	333.829	340.154	336.001	338.009	26.4197	30.0167	27.4591	29.0689	0	2.23607	1	2	396.627	402.99	400.5	399.142	134.629	140.289	134.302	140.602	369.173	374.363	369.395	374.144	
93.1504	99.7647	99.2975	93.6483	353.193	358.615	353.638	358.176	151.076	158.146	151.199	158.028	251.269	256.377	252.509	255.155	302.63	310.664	304.921	308.415	196.163	202.41	197.649	200.96	263.287	267.47	264.764	266.008	153.639	160.59	155.878	158.417	380.596	388.202	381.921	386.898	296.38	302.804	298.453	300.761	411.734	417.757	415.146	414.367	282.454	286.803	283.746	285.524	345.931	351.177	346.237	350.875	167.431	171.073	167.075	171.421	331.724	338.044	333.901	335.894	24.1868	27.7849	25.2389	26.8328	2.23607	0	2	1	394.406	400.772	398.283	396.919	132.74	138.362	132.378	138.708	367.078	372.265	367.296	372.05	
94.1541	100.722	100.24	94.6678	355.186	360.606	355.629	360.169	153.062	160.131	153.183	160.016	253.211	258.312	254.443	257.099	304.278	312.314	306.557	310.077	198.081	204.318	199.552	202.882	264.643	268.835	266.113	267.38	154.987	161.966	157.207	159.812	382.394	390.001	383.713	388.703	297.834	304.266	299.897	302.233	413.489	419.501	416.886	416.125	283.986	288.34	285.272	287.068	347.908	353.153	348.213	352.853	169.425	173.072	169.074	173.416	333.108	339.438	335.276	337.297	25.9422	29.5296	26.9258	28.6356	1	2	0	2.23607	396.081	402.435	399.941	398.599	134.729	140.357	134.373	140.698	369.066	374.253	369.283	374.039	
94.0213	100.648	100.185	94.5145	353.276	358.712	353.736	358.258	151.199	158.269	151.327	158.146	251.509	256.632	252.769	255.392	303.2	311.231	305.5	308.974	196.451	202.714	197.96	201.241	264.025	268.203	265.505	266.738	154.383	161.32	156.63	159.138	381.035	388.641	382.368	387.331	297.069	303.488	299.147	301.44	412.216	418.249	415.64	414.846	283.099	287.446	284.396	286.163	346.082	351.332	346.394	351.024	167.362	171.047	167.048	171.353	332.448	338.764	334.63	336.61	24.6982	28.3019	25.807	27.2947	2	1	2.23607	0	394.954	401.329	398.843	397.464	132.639	138.293	132.306	138.611	367.185	372.376	367.408	372.156	
314.453	310.601	311.512	313.551	188.29	183.992	183.325	188.939	267.589	262.179	266.85	262.932	178.135	171.828	173.773	176.238	92.1792	84.119	90.3383	86.093	213.925	206.867	210.212	210.64	153.584	149.345	153.31	149.626	248.863	241.249	247.649	242.495	50.448	49.7695	47.5395	52.5547	115.624	109.371	115.352	109.659	35.8469	35.7351	32.8938	38.4708	118.962	114.56	118.406	115.135	164.438	162.89	162.444	164.879	280.273	272.254	274.609	277.966	103.812	98.7623	104.547	97.9847	370.266	366.661	369.168	367.766	396.627	394.406	396.081	394.954	0	7.61577	7	3	303.486	296.547	300.466	299.606	180.427	179.513	178.466	181.463	
320.208	316.261	317.166	319.312	194.928	190.518	189.953	195.479	274.798	269.429	274.053	270.187	185.715	179.413	181.342	183.831	98.27	90.2109	96.2549	92.358	221.165	214.112	217.414	217.92	157.69	153.395	157.334	153.76	254.521	246.911	253.251	248.214	56.7186	55.3624	53.7587	58.2409	119.52	113.137	119.08	113.6	37.5366	35.8469	33.2866	39.8246	123.976	119.541	123.329	120.208	171.237	169.579	169.239	171.572	287.717	279.693	282.028	285.428	105.38	100.02	105.906	99.4636	376.65	373.044	375.533	374.168	402.99	400.772	402.435	401.329	7.61577	0	3	7	310.757	303.832	307.717	306.91	186.762	185.723	184.792	187.683	
317.522	313.551	314.453	316.628	195.243	190.919	190.276	195.87	272.809	267.479	272.059	268.242	184.296	178.011	179.889	182.464	95.7183	87.6641	93.6483	89.8721	219.21	212.163	215.425	216.005	154.742	150.443	154.379	150.814	251.813	244.205	250.529	245.522	57.2713	56.3028	54.3415	59.1354	116.559	110.168	116.108	110.644	39.8246	38.4708	35.8469	42.2019	121.149	116.709	120.487	117.393	171.421	169.853	169.425	171.843	285.997	277.966	280.273	283.736	102.421	97.0824	102.961	96.5091	374.168	370.563	373.044	371.695	400.5	398.283	399.941	398.843	7	3	0	7.61577	308.825	301.916	305.766	305.013	187.299	186.344	185.335	188.298	
317.166	313.337	314.25	316.261	187.963	183.576	182.989	188.534	269.616	264.169	268.883	264.915	179.602	173.28	175.277	177.654	94.8262	86.7698	93.0376	88.6848	215.928	208.866	212.25	212.603	156.554	152.319	156.285	152.594	251.603	243.988	250.402	245.22	49.8197	48.7032	46.8722	51.5461	118.609	112.361	118.343	112.641	33.2866	32.8938	30.0832	35.8469	121.84	117.444	121.297	118.004	164.247	162.604	162.25	164.596	282.028	274.016	276.4	279.693	106.733	101.651	107.448	100.896	372.773	369.168	371.683	370.266	399.142	396.919	398.599	397.464	3	7	7.61577	0	305.452	298.498	302.452	301.538	179.869	178.869	177.902	180.826	
128.144	132.774	133.417	127.475	224.163	230.063	225.175	229.072	36.7151	41.4005	37.5899	40.6079	134.239	140.346	137.058	137.594	219.738	226.883	223.134	223.544	89.6437	96.6747	93.6002	92.8493	213.026	215.87	214.979	213.925	131.244	132.834	134.172	129.877	277.238	284.508	279.206	282.577	233.266	238.248	236.072	235.468	312.066	319.038	316.863	314.274	213.242	216.675	215.081	214.849	220.127	225.497	220.735	224.902	35.0571	40.025	36.1386	39.0512	271.892	276.872	274.696	274.089	114.004	111.571	114.477	111.086	134.629	132.74	134.729	132.639	303.486	310.757	308.825	305.452	0	7.2111	4	6	238.952	244.272	239.403	243.83	
129.402	133.735	134.417	128.693	217.525	223.376	218.477	222.445	30.4631	34.6699	31.3847	33.8378	127.028	133.135	129.85	130.384	213.178	220.273	216.603	216.906	82.801	89.8109	86.8389	85.9127	207.885	210.647	209.848	208.691	128.845	130.05	131.735	127.122	270.083	277.346	272.059	275.409	227.431	232.332	230.256	229.532	304.948	311.931	309.764	307.148	207.239	210.618	209.093	208.777	213.214	218.58	213.804	218.002	29.0689	33.3766	29.4279	33.0606	266.047	270.958	268.868	268.159	119.05	116.499	119.436	116.103	140.289	138.362	140.357	138.293	296.547	303.832	301.916	298.498	7.2111	0	6	4	232.228	237.539	232.659	237.118	
125.208	129.727	130.384	124.523	223.43	229.262	224.357	228.355	33.2866	38.2884	34.1321	37.5366	132.076	138.134	134.792	135.484	216.363	223.544	219.738	220.227	86.5563	93.6056	90.4268	89.8721	209.122	211.981	211.073	210.038	127.346	128.891	130.269	125.936	274.643	281.938	276.586	280.032	229.532	234.542	232.332	231.769	309.362	316.305	314.111	311.589	209.571	213.026	211.405	211.206	218.961	224.323	219.536	223.761	35.0571	39.3192	35.3553	39.0512	268.159	273.163	270.958	270.387	113.159	110.635	113.565	110.218	134.302	132.378	134.373	132.306	300.466	307.717	305.766	302.452	4	6	0	7.2111	238.097	243.403	238.516	242.992	
132.246	136.693	137.361	131.552	218.277	224.199	219.317	223.182	34.176	38.0789	35.1141	37.2156	129.275	135.429	132.201	132.575	216.603	223.66	220.048	220.273	86.0233	93.0054	90.1388	89.0225	211.811	214.56	213.776	212.603	132.699	133.959	135.595	131.027	272.721	279.959	274.722	277.996	231.199	236.072	234.03	233.266	307.69	314.701	312.554	309.871	210.95	214.308	212.81	212.462	214.411	219.784	215.035	219.173	29.0689	34.2053	30.3645	33.0606	269.809	274.696	272.635	271.892	119.854	117.388	120.304	116.927	140.602	138.708	140.698	138.611	299.606	306.91	305.013	301.538	6	4	7.2111	0	233.105	238.43	233.568	237.977	
321.753	321.753	322.741	320.762	16.4012	9.43398	13.9284	12.8062	216.023	208.959	215.928	209.057	122.809	119.854	123.762	118.87	176.479	175.071	179.513	171.959	177.815	173.401	178.362	172.838	242.887	241.118	244.168	239.821	272.523	266.663	273.364	265.801	130.05	131.973	133.004	128.996	222.991	221.269	225.22	219	159.05	166.003	166.048	159.003	206.519	205.061	207.909	203.652	26.4197	23.4307	27.4591	22.2036	204.463	198.927	202.83	200.592	242.687	241.901	245.177	239.376	345.058	341.915	344.907	342.067	369.173	367.078	369.066	367.185	180.427	186.762	187.299	179.869	238.952	232.228	238.097	233.105	0	5.38516	2	5	
326.46	326.402	327.391	325.467	21.6333	14.7648	19.3132	17.6918	221.199	214.133	221.097	214.238	127.424	124.338	128.265	123.471	178.331	176.695	181.29	173.658	182.617	178.126	183.096	177.634	245.506	243.658	246.757	242.39	276.8	270.88	277.606	270.054	129.074	130.698	132.004	127.738	224.931	223.063	227.115	220.839	157.258	164.11	164.247	157.115	208.799	207.241	210.155	205.866	30.0832	26.4197	30.8707	25.4951	209.805	204.247	208.147	205.937	243.889	242.959	246.343	240.47	350.203	347.052	350.043	347.213	374.363	372.265	374.253	372.376	179.513	185.723	186.344	178.869	244.272	237.539	243.403	238.43	5.38516	0	5	2	
321.498	321.455	322.444	320.506	17.6918	10.6301	14.7648	14.4222	216.227	209.16	216.123	209.268	122.483	119.436	123.357	118.533	174.977	173.511	177.992	170.417	177.634	173.159	178.126	172.653	241.615	239.821	242.887	238.533	271.98	266.085	272.8	265.243	128.082	129.988	131.034	127.012	221.515	219.754	223.732	217.497	157.051	164.003	164.049	157.003	205.139	203.652	206.519	202.252	25.4951	22.2036	26.4197	21.095	204.971	199.379	203.273	201.109	241.033	240.217	243.516	237.699	345.22	342.067	345.058	342.231	369.395	367.296	369.283	367.408	178.466	184.792	185.335	177.902	239.403	232.659	238.516	233.568	2	5	0	5.38516	
326.711	326.696	327.684	325.719	20.5913	13.9284	18.6815	16.4012	221	213.937	220.907	214.033	127.738	124.74	128.655	123.794	179.805	178.227	182.784	175.171	182.792	178.362	183.325	177.815	246.757	244.935	248.018	243.658	277.334	271.448	278.16	270.601	131.027	132.673	133.959	129.711	226.385	224.555	228.58	222.32	159.255	166.108	166.244	159.113	210.155	208.626	211.521	207.241	30.8707	27.4591	31.7648	26.4197	209.308	203.806	207.714	205.431	245.524	244.624	247.986	242.128	350.043	346.902	349.894	347.052	374.144	372.05	374.039	372.156	181.463	187.683	188.298	180.826	243.83	237.118	242.992	237.977	5	2	5.38516	0	
