150
0	92	6	44	42	25	98	26	79	19	98	84	58	65	94	1	86	52	35	26	25	82	7	27	14	99	40	3	34	25	55	63	70	39	49	30	95	37	70	44	43	43	59	80	38	43	34	28	35	29	21	90	33	29	26	89	2	70	2	29	47	1	59	35	95	15	56	29	24	75	39	48	71	55	32	11	4	34	97	27	67	62	67	3	89	51	48	58	13	84	27	2	88	52	7	48	79	75	24	77	13	11	10	20	20	21	43	21	8	4	79	35	97	88	91	13	40	59	51	82	57	4	43	95	59	4	91	90	81	5	85	36	72	69	39	46	17	75	21	83	64	99	66	28	89	12	75	26	30	53	
92	0	3	84	21	64	45	76	56	59	50	24	2	24	74	20	11	53	37	18	74	11	34	88	50	50	92	21	20	32	8	35	28	77	58	29	2	96	71	65	1	75	49	86	88	48	32	5	29	82	2	73	44	95	50	58	70	1	47	75	5	18	45	62	100	59	54	24	79	58	87	76	80	87	5	89	34	30	36	56	91	31	48	86	58	53	73	98	54	11	73	86	12	100	84	19	9	11	21	78	36	47	38	48	72	79	52	85	73	16	60	61	19	13	80	6	28	15	46	42	100	94	30	25	14	12	51	38	40	25	1	14	9	91	64	7	54	19	10	65	55	87	56	35	68	97	86	57	75	8	
6	3	0	15	14	95	41	36	72	34	49	16	77	11	77	63	57	7	14	12	5	93	59	25	30	71	91	74	15	51	67	10	2	98	56	26	93	88	92	26	16	100	75	45	55	1	91	58	74	85	45	68	51	21	95	55	51	93	41	36	92	42	87	48	14	9	82	32	84	25	3	87	81	92	86	14	74	14	8	60	42	11	70	82	13	62	11	49	45	70	79	100	55	80	6	79	36	65	48	20	83	13	82	60	2	63	74	65	35	19	14	59	9	98	14	11	46	73	35	43	100	97	51	60	43	61	86	8	89	64	5	48	41	85	82	73	56	80	67	76	21	11	83	100	98	1	34	47	99	33	
44	84	15	0	47	57	43	10	31	80	25	14	41	23	65	89	77	42	34	39	41	42	58	88	89	33	80	82	65	51	38	20	49	86	12	55	7	99	11	94	97	26	56	26	29	32	31	93	17	35	64	98	76	98	97	42	100	82	14	17	98	60	100	4	46	59	76	41	96	28	47	44	51	5	17	13	64	63	95	14	11	59	88	46	92	30	37	42	20	84	81	27	32	66	97	76	43	36	47	25	36	26	36	32	71	20	80	20	69	95	38	31	44	50	53	100	3	11	49	100	41	26	65	24	69	95	13	72	27	87	2	3	5	91	1	43	92	16	72	50	51	66	52	36	32	83	32	67	43	35	
42	21	14	47	0	45	73	16	6	7	9	24	89	74	5	78	89	41	61	89	12	43	40	86	73	82	7	4	94	96	98	28	100	56	83	94	14	10	64	31	86	71	13	29	13	47	33	80	17	55	53	66	92	65	63	89	39	17	83	99	20	75	64	10	79	43	81	54	82	4	17	8	3	80	28	96	51	38	63	49	21	61	23	23	29	16	64	69	1	46	3	56	71	1	94	28	5	69	52	1	57	94	93	61	61	78	10	89	38	96	40	97	51	62	45	95	97	16	8	94	49	93	86	15	61	25	93	60	30	39	84	97	81	21	59	44	32	71	40	52	32	8	58	36	61	59	53	4	65	92	
25	64	95	57	45	0	2	32	73	5	77	92	56	3	76	20	41	77	62	89	76	65	63	71	28	48	29	81	43	39	88	46	41	35	78	85	85	13	99	79	70	90	51	59	9	4	67	19	32	98	92	33	22	49	30	24	60	32	82	16	100	24	46	3	83	3	45	90	29	86	97	35	71	9	44	64	60	68	75	64	29	75	85	41	53	69	99	50	81	29	66	85	87	72	93	83	21	67	73	83	52	64	74	29	78	18	52	76	1	42	15	33	33	7	70	69	52	94	82	29	43	71	41	28	3	3	100	63	18	82	42	48	4	34	50	23	61	60	68	41	44	79	47	1	76	47	77	57	58	4	
98	45	41	43	73	2	0	75	72	70	15	31	34	42	40	20	81	45	1	28	17	47	29	56	78	30	36	47	92	88	42	11	8	98	7	29	61	28	14	15	25	86	41	53	9	74	15	11	79	7	63	36	2	66	20	36	91	95	6	1	74	86	100	60	58	38	22	78	85	6	49	85	95	54	52	86	75	32	69	83	59	80	33	97	99	65	52	46	16	69	53	75	17	42	96	53	23	73	52	69	86	92	44	46	95	7	45	38	66	28	14	20	63	44	98	72	21	67	45	86	15	3	49	8	31	48	15	67	75	87	82	9	62	1	36	5	27	13	71	78	4	66	5	48	25	78	71	47	26	86	
26	76	36	10	16	32	75	0	26	1	11	19	59	64	10	16	81	17	50	60	52	3	66	70	41	10	68	12	39	1	55	98	71	13	47	71	55	8	23	16	96	15	91	71	71	4	64	41	57	3	81	80	93	77	67	92	46	57	22	12	16	67	37	99	80	98	64	44	11	31	41	74	94	26	81	88	96	19	84	44	84	97	70	71	62	93	79	41	43	55	93	88	27	60	81	98	39	68	44	19	23	22	50	64	37	84	32	98	39	57	10	93	41	20	50	24	71	71	68	13	73	87	22	26	52	65	71	7	100	30	51	92	30	15	8	10	49	76	64	69	91	99	97	48	81	3	18	36	55	89	
79	56	72	31	6	73	72	26	0	48	26	8	17	39	40	30	90	35	94	52	72	49	29	1	74	86	19	89	39	29	68	37	15	51	17	99	22	40	39	10	93	49	50	99	86	50	19	89	69	53	79	63	58	38	28	55	53	39	89	65	20	11	69	84	44	59	64	96	98	46	5	53	54	82	39	39	13	85	55	19	72	21	69	68	33	10	95	41	38	69	2	18	11	94	46	65	79	57	72	48	62	62	2	60	37	75	3	56	62	46	71	93	90	15	89	80	16	97	36	31	44	95	59	36	80	26	80	36	46	98	10	70	58	18	41	30	37	4	70	25	42	64	69	14	79	95	87	86	8	23	
19	59	34	80	7	5	70	1	48	0	27	16	44	53	83	10	12	56	51	8	64	48	70	19	75	41	99	88	6	28	22	90	8	3	11	40	56	37	63	47	51	16	50	48	41	23	84	73	30	62	10	86	13	56	92	26	11	55	92	77	33	90	62	4	56	90	70	87	64	97	33	95	36	69	87	40	99	41	20	32	38	57	47	97	2	22	39	96	13	20	4	38	24	43	77	63	30	23	18	28	12	84	72	41	28	68	24	56	78	19	8	68	21	54	84	94	2	95	61	72	34	55	91	67	21	96	8	34	87	29	30	27	66	84	38	65	41	75	51	51	31	21	16	37	70	95	18	84	77	1	
98	50	49	25	9	77	15	11	26	27	0	92	43	12	22	8	79	28	69	51	58	58	68	20	3	88	3	41	57	30	8	93	10	41	60	32	98	25	90	45	68	88	90	21	100	90	5	17	86	4	66	18	18	88	64	2	69	70	59	82	14	63	57	45	36	16	30	28	24	3	45	64	70	22	52	56	44	25	26	16	89	41	39	44	71	32	9	29	60	94	58	44	75	20	72	41	90	97	8	67	22	99	70	49	1	95	1	24	83	87	70	70	12	91	57	82	13	58	60	57	69	78	14	33	82	58	43	47	28	15	55	27	76	17	4	70	1	52	59	7	32	54	89	83	2	3	2	9	15	10	
84	24	16	14	24	92	31	19	8	16	92	0	3	10	79	62	97	39	87	81	85	4	25	99	77	10	48	78	82	72	100	64	4	7	12	54	67	94	32	16	76	47	89	13	63	83	31	80	22	39	19	67	82	84	81	35	100	1	32	77	46	67	15	99	59	77	54	54	21	48	98	34	93	44	88	34	25	73	89	34	85	65	41	78	82	35	22	45	94	7	4	86	63	39	25	86	96	57	95	2	65	58	86	90	83	2	4	21	75	17	76	79	70	33	63	81	1	1	29	72	85	22	41	25	69	39	27	48	3	75	78	90	49	38	75	43	93	71	4	31	31	17	36	72	68	15	30	25	19	1	
58	2	77	41	89	56	34	59	17	44	43	3	0	77	57	8	24	99	91	64	25	16	37	52	42	88	91	15	40	31	13	50	25	61	67	43	13	75	28	30	30	1	5	48	56	59	35	14	78	5	27	16	55	38	97	59	28	85	52	45	22	15	16	68	54	59	9	61	83	19	23	13	59	1	89	100	22	66	2	9	72	59	18	90	22	33	5	96	51	68	33	50	74	74	97	38	6	85	50	100	41	16	29	94	62	69	61	19	27	40	51	76	10	7	63	16	94	31	96	79	84	41	6	5	58	17	27	36	79	67	61	71	4	79	47	65	91	15	50	81	67	17	65	47	15	95	70	91	70	17	
65	24	11	23	74	3	42	64	39	53	12	10	77	0	67	8	18	21	88	20	40	71	7	54	24	78	22	92	24	3	72	66	46	87	59	63	41	91	28	38	69	15	27	43	92	6	44	32	35	96	6	70	85	93	32	96	12	26	94	38	57	81	24	22	50	14	40	35	87	75	80	49	2	32	67	37	30	27	13	81	97	94	33	27	100	94	90	54	36	98	47	21	31	25	92	3	13	60	54	39	43	79	26	24	63	49	33	63	97	79	90	36	26	49	88	31	59	11	1	33	40	83	68	17	73	38	83	98	61	96	8	13	18	67	65	28	60	79	81	83	41	40	85	58	92	40	31	54	72	68	
94	74	77	65	5	76	40	10	40	83	22	79	57	67	0	10	83	20	48	46	34	17	17	41	44	11	39	86	63	91	59	57	3	80	42	12	20	78	18	68	26	19	49	70	100	20	84	92	41	95	34	91	80	29	13	35	60	31	40	85	23	44	2	23	78	37	97	1	29	95	78	7	99	21	69	58	37	19	32	16	96	34	52	18	95	18	3	60	45	40	28	12	31	63	64	46	62	93	45	8	4	49	40	60	87	61	95	90	34	57	43	76	10	62	60	55	20	55	18	8	85	47	38	19	54	69	74	71	45	97	61	97	64	68	51	85	81	22	35	75	25	89	74	34	100	21	15	79	89	22	
1	20	63	89	78	20	20	16	30	10	8	62	8	8	10	0	51	100	11	49	47	39	24	86	16	4	5	21	94	85	97	80	12	65	20	9	3	31	75	9	4	9	67	75	23	5	75	65	50	83	39	56	71	10	41	10	29	11	60	53	100	59	55	85	50	13	62	46	16	92	53	47	70	50	58	74	60	29	47	1	18	65	32	36	1	23	69	5	14	55	52	4	6	56	58	19	50	100	46	77	37	66	85	100	32	32	32	52	41	96	71	18	20	18	36	43	33	39	40	70	26	61	100	36	52	23	90	53	20	30	56	65	68	39	37	40	9	59	39	35	23	89	49	8	7	75	14	51	41	4	
86	11	57	77	89	41	81	81	90	12	79	97	24	18	83	51	0	82	78	46	12	8	31	15	84	67	64	55	63	64	59	49	77	35	2	42	64	38	29	74	72	80	62	92	95	43	86	3	37	23	1	77	88	59	58	47	43	37	64	15	60	54	63	97	92	45	32	62	42	5	30	96	22	95	14	6	35	81	26	71	6	91	83	80	66	91	72	7	49	48	1	77	72	27	33	4	2	22	72	30	13	100	88	36	58	60	94	78	42	37	72	74	20	78	72	7	12	19	83	60	93	48	94	13	80	33	13	97	77	62	39	21	61	63	70	48	80	2	39	19	96	35	43	11	2	45	15	1	93	75	
52	53	7	42	41	77	45	17	35	56	28	39	99	21	20	100	82	0	85	81	48	50	97	82	26	37	63	17	60	53	17	44	99	18	63	93	97	17	57	6	69	83	77	59	53	78	34	63	34	7	91	51	92	96	100	5	12	19	98	7	8	55	26	26	66	37	44	70	63	65	56	35	30	2	68	98	83	71	83	80	21	80	5	58	91	64	32	21	6	44	55	20	88	20	57	52	31	8	73	24	13	74	15	93	6	30	25	19	50	42	23	69	5	36	47	29	13	64	57	99	67	90	90	84	44	40	72	98	89	67	98	34	56	36	83	25	57	21	48	19	21	17	81	33	26	40	25	36	76	70	
35	37	14	34	61	62	1	50	94	51	69	87	91	88	48	11	78	85	0	43	95	47	19	75	98	68	99	1	99	96	3	86	25	82	7	80	98	32	41	89	1	9	10	23	37	93	1	30	89	42	57	25	56	98	74	74	2	29	85	77	80	72	82	90	60	58	11	26	41	14	12	51	10	73	79	19	32	69	45	12	1	50	28	44	87	96	46	66	81	74	82	3	52	66	54	19	45	96	5	81	1	75	33	60	65	81	71	38	95	50	13	37	3	85	57	77	15	82	45	21	87	92	42	53	24	17	53	63	89	53	7	72	55	20	84	58	91	46	70	24	94	25	98	58	57	10	83	69	28	56	
26	18	12	39	89	89	28	60	52	8	51	81	64	20	46	49	46	81	43	0	26	57	19	21	14	37	91	97	93	38	46	64	6	97	99	79	32	78	56	95	60	53	20	77	71	14	67	97	6	71	36	44	97	83	78	75	44	100	74	3	72	10	8	9	55	58	56	47	91	36	99	64	89	41	22	54	19	99	50	99	62	2	5	72	46	58	12	82	50	26	49	61	36	29	10	13	4	92	71	9	56	67	69	1	69	3	71	61	16	91	58	14	19	17	27	23	9	64	68	8	42	99	51	94	48	5	57	43	39	39	47	15	7	65	21	99	12	60	100	33	81	91	18	16	77	9	83	46	38	31	
25	74	5	41	12	76	17	52	72	64	58	85	25	40	34	47	12	48	95	26	0	74	39	2	43	4	15	84	28	100	15	38	42	13	8	36	36	16	97	66	72	29	34	14	83	66	25	100	6	81	79	37	48	95	34	5	81	62	70	4	42	92	22	87	50	84	61	88	77	25	76	39	63	1	21	35	7	12	40	88	40	48	61	90	55	39	98	94	42	58	30	51	49	29	99	65	80	37	4	85	72	25	30	7	65	84	48	75	86	69	69	70	47	5	53	61	76	85	14	79	27	63	96	15	100	50	62	52	82	3	3	4	57	68	33	15	41	39	62	85	34	64	100	8	62	63	49	2	23	22	
82	11	93	42	43	65	47	3	49	48	58	4	16	71	17	39	8	50	47	57	74	0	10	3	65	59	63	72	30	96	72	92	49	39	78	33	19	9	1	33	64	82	72	62	81	27	66	63	62	91	68	42	63	45	59	70	67	26	19	76	32	86	100	97	4	25	47	13	35	48	29	3	38	52	16	19	44	62	10	96	23	80	26	27	81	23	43	20	36	1	84	96	18	13	26	75	45	32	56	30	33	94	57	95	39	82	57	20	63	82	88	66	61	15	32	87	81	31	29	25	83	44	71	56	52	8	14	70	70	89	13	22	61	91	69	83	47	59	91	41	93	39	33	64	60	67	25	32	23	22	
7	34	59	58	40	63	29	66	29	70	68	25	37	7	17	24	31	97	19	19	39	10	0	86	89	57	70	51	56	17	44	37	22	48	47	52	39	87	26	61	33	78	96	39	11	80	60	56	16	71	1	69	24	83	20	36	80	74	88	96	17	19	36	10	71	83	15	3	51	67	96	42	51	47	97	16	72	86	46	13	9	20	73	29	38	60	56	6	35	22	29	3	69	44	37	97	89	87	29	94	41	40	1	32	36	79	53	34	82	28	72	41	30	65	26	56	97	71	35	72	20	20	14	95	66	73	43	3	49	99	75	39	41	35	84	25	56	30	48	66	47	10	19	82	37	3	65	2	43	88	
27	88	25	88	86	71	56	70	1	19	20	99	52	54	41	86	15	82	75	21	2	3	86	0	4	55	100	66	58	60	34	33	21	47	85	72	72	92	98	64	29	99	75	96	60	79	93	56	43	31	81	33	81	47	99	67	16	18	76	54	30	47	59	42	84	94	66	22	90	92	46	31	93	5	25	40	18	69	22	5	7	53	46	93	59	96	69	52	66	37	10	49	58	31	36	34	11	82	97	69	58	44	96	52	40	44	70	64	13	25	24	91	15	98	52	53	7	52	73	39	55	33	68	55	25	16	40	35	31	65	77	5	63	47	8	2	41	90	6	70	91	66	34	60	12	89	47	22	24	44	
14	50	30	89	73	28	78	41	74	75	3	77	42	24	44	16	84	26	98	14	43	65	89	4	0	15	11	59	5	9	75	7	35	37	51	71	74	69	90	82	93	94	42	77	66	61	35	88	72	72	49	50	62	47	48	30	63	47	73	25	61	28	87	37	83	34	11	72	18	7	87	82	6	14	16	99	37	95	99	1	52	70	45	20	34	1	43	74	61	1	13	45	26	19	1	39	80	23	98	14	52	22	29	56	3	77	92	36	13	68	78	13	72	80	58	23	96	87	27	60	18	30	39	85	31	41	66	93	10	80	14	48	4	10	20	20	27	73	22	88	85	73	19	70	35	66	82	98	53	50	
99	50	71	33	82	48	30	10	86	41	88	10	88	78	11	4	67	37	68	37	4	59	57	55	15	0	87	79	79	96	82	78	20	86	34	69	86	93	45	3	55	30	32	45	18	7	9	30	17	32	11	33	62	44	66	26	87	39	48	52	11	48	92	7	17	42	56	30	47	70	100	46	56	80	9	27	77	4	83	10	58	35	74	97	43	10	78	63	24	92	70	55	14	83	67	22	91	33	94	94	62	32	75	86	43	51	62	91	67	66	86	86	27	72	36	7	25	44	38	4	40	23	53	19	49	79	32	83	85	47	6	38	57	13	82	38	24	3	8	13	44	47	83	19	28	29	25	38	52	6	
40	92	91	80	7	29	36	68	19	99	3	48	91	22	39	5	64	63	99	91	15	63	70	100	11	87	0	54	17	13	70	61	100	35	66	27	59	24	4	57	29	26	2	56	59	24	93	100	28	61	17	93	48	74	93	41	48	29	41	85	48	41	75	33	15	88	50	47	22	75	24	79	23	89	100	51	80	42	43	55	29	65	26	54	50	20	83	15	25	55	75	81	78	64	45	75	100	21	61	74	87	54	91	12	38	89	57	41	70	59	42	4	32	96	9	56	12	38	17	56	46	58	82	72	2	64	16	97	18	5	38	74	79	17	58	92	44	70	38	83	77	61	46	6	80	27	13	12	92	40	
3	21	74	82	4	81	47	12	89	88	41	78	15	92	86	21	55	17	1	97	84	72	51	66	59	79	54	0	46	72	47	95	52	47	82	39	27	12	54	40	5	68	25	1	71	30	37	36	28	60	84	54	76	24	1	85	4	50	90	87	50	39	15	49	27	77	58	96	48	35	51	22	1	32	62	53	47	39	38	83	54	38	52	82	82	27	52	66	97	22	48	47	13	4	3	100	94	92	43	20	46	88	46	8	16	90	69	1	67	35	90	40	63	67	80	3	50	19	13	55	20	64	11	34	79	21	82	53	56	34	93	41	89	25	26	50	85	57	63	46	77	70	30	59	53	57	9	87	30	76	
34	20	15	65	94	43	92	39	39	6	57	82	40	24	63	94	63	60	99	93	28	30	56	58	5	79	17	46	0	19	2	17	99	69	10	96	8	81	11	35	36	99	2	46	71	8	58	28	99	3	39	23	68	14	90	99	98	54	82	4	37	99	85	84	4	18	46	76	22	55	38	66	86	65	88	79	22	32	42	82	70	55	72	16	84	25	11	29	35	4	78	55	88	68	8	29	44	94	22	27	59	49	22	65	20	1	65	53	10	93	5	29	7	92	86	32	15	4	93	83	99	55	81	62	75	3	70	13	64	7	35	62	78	31	20	100	65	20	8	32	3	12	43	2	5	96	28	46	93	46	
25	32	51	51	96	39	88	1	29	28	30	72	31	3	91	85	64	53	96	38	100	96	17	60	9	96	13	72	19	0	37	21	12	10	38	7	19	36	35	74	3	8	56	19	17	60	11	87	31	81	5	13	72	100	49	17	42	87	26	68	18	76	38	83	76	46	10	33	76	22	23	37	16	23	69	75	74	85	4	22	84	82	21	22	58	58	10	39	84	60	20	69	30	2	84	89	16	14	68	84	37	9	19	7	10	17	35	35	26	81	70	53	41	59	35	21	74	77	6	46	49	52	95	57	100	95	95	79	76	7	28	4	36	2	38	70	82	61	29	5	45	13	73	76	74	61	67	100	97	10	
55	8	67	38	98	88	42	55	68	22	8	100	13	72	59	97	59	17	3	46	15	72	44	34	75	82	70	47	2	37	0	50	36	43	39	46	36	42	79	16	73	88	56	50	69	67	61	84	32	80	4	99	55	47	100	73	36	38	4	18	53	14	29	77	51	22	4	14	10	34	76	22	40	35	2	43	51	35	5	94	43	72	33	46	88	11	23	95	91	47	83	99	2	12	29	87	53	100	39	49	48	93	87	13	98	23	24	54	59	44	79	31	73	13	9	73	7	23	17	18	54	95	99	34	37	78	34	9	16	8	42	18	52	74	83	90	49	6	11	48	63	2	47	19	37	76	99	68	14	73	
63	35	10	20	28	46	11	98	37	90	93	64	50	66	57	80	49	44	86	64	38	92	37	33	7	78	61	95	17	21	50	0	12	54	14	67	91	56	81	9	22	30	34	61	50	58	55	99	13	8	39	61	59	95	36	88	100	47	2	90	16	28	40	82	21	44	13	99	44	12	54	65	62	2	78	32	14	91	89	94	64	55	38	19	67	17	15	84	86	93	50	1	40	28	53	82	54	55	73	15	45	26	40	14	49	70	72	77	15	48	23	57	66	12	88	30	80	42	34	72	78	36	76	9	30	88	17	100	11	47	33	90	59	98	27	23	96	73	20	8	52	37	51	86	83	90	55	28	13	44	
70	28	2	49	100	41	8	71	15	8	10	4	25	46	3	12	77	99	25	6	42	49	22	21	35	20	100	52	99	12	36	12	0	95	41	4	77	28	36	82	72	28	74	79	13	80	54	22	45	99	1	50	47	10	52	91	15	39	81	100	25	18	39	59	77	32	14	51	50	34	88	70	93	50	6	7	36	84	89	77	90	4	21	5	20	78	94	8	77	46	52	25	50	37	1	49	37	79	53	96	82	38	91	71	2	43	69	31	96	64	64	13	70	26	97	17	85	76	39	84	35	67	37	57	92	56	79	20	34	99	20	74	30	32	59	40	100	35	7	78	69	20	66	85	99	45	41	36	61	4	
39	77	98	86	56	35	98	13	51	3	41	7	61	87	80	65	35	18	82	97	13	39	48	47	37	86	35	47	69	10	43	54	95	0	4	79	77	64	18	85	7	98	20	88	54	55	17	10	72	93	89	3	97	87	67	68	24	4	41	94	71	42	75	27	61	46	72	20	36	28	73	24	11	73	62	36	64	13	78	52	58	43	68	60	15	21	99	42	24	12	79	15	90	27	17	89	27	67	34	48	92	83	55	79	17	5	55	93	5	32	43	39	92	55	2	20	90	30	89	36	98	28	66	61	3	81	61	71	97	13	41	6	31	21	51	10	64	64	44	26	68	8	90	3	9	22	17	67	64	3	
49	58	56	12	83	78	7	47	17	11	60	12	67	59	42	20	2	63	7	99	8	78	47	85	51	34	66	82	10	38	39	14	41	4	0	58	37	29	80	100	20	74	13	33	16	3	50	26	47	23	62	87	72	53	7	89	44	49	1	97	98	69	42	90	20	95	94	34	62	1	49	69	87	71	65	30	58	35	88	13	99	79	62	21	37	46	2	70	30	60	67	46	1	32	41	53	80	51	93	13	14	58	61	15	66	46	79	87	17	51	57	42	61	24	41	86	42	69	69	22	73	26	66	55	83	83	17	58	14	78	87	90	22	37	29	64	67	28	62	74	10	67	31	77	73	24	19	14	79	74	
30	29	26	55	94	85	29	71	99	40	32	54	43	63	12	9	42	93	80	79	36	33	52	72	71	69	27	39	96	7	46	67	4	79	58	0	45	99	4	46	86	81	33	100	56	76	35	66	23	71	42	5	10	98	39	57	53	29	9	25	4	61	84	29	48	9	59	39	44	7	60	97	52	47	38	94	92	65	62	87	59	26	13	90	46	15	9	15	58	65	41	31	19	100	18	95	13	42	91	42	68	7	53	5	50	83	4	66	75	67	88	51	74	96	71	81	63	36	7	100	48	94	91	88	95	12	70	24	92	95	3	19	63	10	2	36	33	19	27	82	68	83	45	20	84	25	10	61	31	100	
95	2	93	7	14	85	61	55	22	56	98	67	13	41	20	3	64	97	98	32	36	19	39	72	74	86	59	27	8	19	36	91	77	77	37	45	0	73	51	91	32	38	89	42	70	77	35	38	74	14	100	95	86	100	6	22	56	32	33	19	61	40	61	5	28	7	10	40	1	88	89	23	98	15	57	15	69	50	81	32	32	36	79	11	17	46	37	99	66	63	76	56	4	22	59	17	90	73	69	61	17	4	41	12	14	46	12	82	23	6	3	85	89	70	12	2	13	49	99	18	89	91	90	27	70	78	4	32	64	34	5	13	81	48	19	90	74	46	98	31	30	73	50	76	96	8	77	50	96	88	
37	96	88	99	10	13	28	8	40	37	25	94	75	91	78	31	38	17	32	78	16	9	87	92	69	93	24	12	81	36	42	56	28	64	29	99	73	0	8	58	69	9	87	56	1	73	3	30	40	46	14	98	13	24	7	57	71	87	92	30	79	14	82	51	83	33	56	46	79	88	18	2	53	68	71	55	94	6	69	19	79	54	56	35	17	74	70	10	5	34	29	96	6	38	1	85	76	18	84	34	61	77	39	32	22	77	11	48	33	58	32	76	76	26	16	56	84	79	19	79	75	7	38	95	7	24	93	53	72	58	98	70	28	58	14	59	32	68	66	44	18	44	63	11	1	53	41	77	96	66	
70	71	92	11	64	99	14	23	39	63	90	32	28	28	18	75	29	57	41	56	97	1	26	98	90	45	4	54	11	35	79	81	36	18	80	4	51	8	0	6	61	23	81	13	44	26	61	53	97	75	78	56	94	50	76	8	63	71	96	93	97	4	57	46	61	52	19	76	62	79	29	32	49	55	61	40	40	94	76	18	92	89	22	85	62	52	14	88	20	67	9	42	48	36	61	42	71	6	66	88	59	54	8	40	37	48	70	67	61	32	74	75	10	53	57	66	47	46	65	6	6	79	13	27	50	74	31	26	75	3	23	45	29	93	48	18	51	50	93	73	4	44	62	84	87	12	43	81	67	28	
44	65	26	94	31	79	15	16	10	47	45	16	30	38	68	9	74	6	89	95	66	33	61	64	82	3	57	40	35	74	16	9	82	85	100	46	91	58	6	0	60	54	97	76	33	88	73	34	12	14	79	55	13	71	18	83	37	67	49	76	2	25	82	54	25	53	63	15	65	69	91	49	40	41	69	58	24	27	71	84	59	71	54	45	14	23	19	38	98	98	89	84	60	26	86	42	23	67	39	7	31	34	40	15	52	82	26	65	92	74	11	44	65	36	99	58	62	84	9	88	68	67	26	28	92	69	91	3	51	89	49	15	4	37	12	12	17	42	8	5	73	20	8	89	2	61	52	83	18	98	
43	1	16	97	86	70	25	96	93	51	68	76	30	69	26	4	72	69	1	60	72	64	33	29	93	55	29	5	36	3	73	22	72	7	20	86	32	69	61	60	0	78	14	54	43	15	1	73	76	91	90	82	96	62	58	41	73	24	21	63	23	88	22	24	86	64	12	9	78	44	78	66	38	68	88	37	5	78	67	39	99	25	39	63	70	79	95	53	26	41	1	25	79	32	31	24	19	58	29	70	64	43	35	13	3	33	66	40	41	66	26	20	80	49	10	47	13	94	23	13	81	10	6	80	42	14	49	83	95	90	40	78	2	45	20	60	57	15	91	28	23	67	77	98	29	67	43	29	33	8	
43	75	100	26	71	90	86	15	49	16	88	47	1	15	19	9	80	83	9	53	29	82	78	99	94	30	26	68	99	8	88	30	28	98	74	81	38	9	23	54	78	0	10	13	77	94	34	11	82	64	64	58	19	36	65	29	25	14	35	94	57	33	25	37	64	29	98	13	45	35	38	10	48	50	56	4	86	39	79	43	89	52	68	39	21	60	43	94	44	46	50	96	86	23	50	10	55	36	27	98	93	21	42	98	60	15	1	95	41	72	47	7	59	76	52	70	32	6	67	86	79	69	3	37	60	36	3	68	33	5	77	9	63	9	92	44	45	30	52	53	36	37	35	40	66	2	50	51	69	66	
59	49	75	56	13	51	41	91	50	50	90	89	5	27	49	67	62	77	10	20	34	72	96	75	42	32	2	25	2	56	56	34	74	20	13	33	89	87	81	97	14	10	0	85	92	62	11	6	78	51	10	71	34	45	14	64	25	41	3	12	68	57	57	22	67	62	58	22	58	100	61	24	4	18	48	29	5	38	65	41	3	64	24	32	9	51	80	71	83	75	83	78	40	30	55	59	16	64	43	46	12	24	13	47	84	90	13	83	61	30	21	55	23	62	14	44	100	23	79	56	78	72	50	49	57	75	12	47	41	24	84	61	63	83	90	59	93	57	95	54	99	2	72	67	3	6	92	57	88	42	
80	86	45	26	29	59	53	71	99	48	21	13	48	43	70	75	92	59	23	77	14	62	39	96	77	45	56	1	46	19	50	61	79	88	33	100	42	56	13	76	54	13	85	0	24	73	95	72	82	79	38	49	88	42	1	49	17	8	78	96	84	99	96	56	87	36	67	3	39	2	34	47	23	5	61	35	25	19	41	3	12	66	97	51	71	100	17	3	66	15	34	31	87	17	80	46	94	71	58	20	12	84	97	1	85	76	46	42	24	22	17	94	85	67	62	61	49	16	97	87	67	62	78	32	27	27	89	19	66	92	68	89	45	9	63	12	39	44	15	12	64	85	14	32	59	90	2	35	10	19	
38	88	55	29	13	9	9	71	86	41	100	63	56	92	100	23	95	53	37	71	83	81	11	60	66	18	59	71	71	17	69	50	13	54	16	56	70	1	44	33	43	77	92	24	0	76	88	5	84	35	88	60	14	29	28	41	82	100	23	57	76	29	53	97	35	78	40	16	78	77	33	48	94	89	10	38	77	11	95	50	35	100	66	10	66	22	52	2	83	31	45	67	86	47	87	84	99	84	98	54	7	14	42	43	97	6	33	21	94	49	50	84	21	14	79	33	43	52	99	84	81	49	59	61	12	60	78	42	66	92	38	85	49	84	29	51	65	41	92	40	41	31	67	41	35	85	50	50	72	60	
43	48	1	32	47	4	74	4	50	23	90	83	59	6	20	5	43	78	93	14	66	27	80	79	61	7	24	30	8	60	67	58	80	55	3	76	77	73	26	88	15	94	62	73	76	0	6	69	57	45	78	54	27	36	47	29	25	67	57	77	84	8	65	98	51	24	28	13	64	52	46	35	24	100	79	79	50	46	4	88	75	51	93	62	78	100	13	16	47	48	94	2	60	61	43	55	31	93	52	22	73	65	85	64	22	20	82	41	82	29	53	89	83	44	76	1	44	68	52	58	26	49	70	92	65	12	53	10	97	56	24	13	85	82	46	74	47	76	48	21	34	89	5	68	21	36	7	83	76	11	
34	32	91	31	33	67	15	64	19	84	5	31	35	44	84	75	86	34	1	67	25	66	60	93	35	9	93	37	58	11	61	55	54	17	50	35	35	3	61	73	1	34	11	95	88	6	0	41	29	76	22	80	51	86	53	46	67	28	66	81	100	20	70	48	28	5	77	80	2	82	64	45	69	8	82	47	88	95	26	47	80	26	65	32	43	16	95	3	46	94	50	6	61	97	54	8	70	90	70	26	67	4	11	48	20	57	79	99	28	25	69	98	79	32	75	46	36	51	14	31	15	45	5	59	42	46	17	69	92	11	44	10	30	78	53	87	97	65	30	48	79	58	83	54	77	30	99	23	26	55	
28	5	58	93	80	19	11	41	89	73	17	80	14	32	92	65	3	63	30	97	100	63	56	56	88	30	100	36	28	87	84	99	22	10	26	66	38	30	53	34	73	11	6	72	5	69	41	0	71	66	58	54	39	45	18	25	100	3	69	35	63	73	6	89	60	60	92	77	12	52	86	26	68	68	76	79	82	2	9	63	22	4	76	49	99	47	32	99	98	11	27	16	62	27	74	57	100	98	14	100	41	17	87	60	85	87	24	25	51	72	50	81	10	6	83	73	74	25	26	4	100	19	74	20	86	98	80	70	62	54	49	21	44	63	59	98	86	20	51	66	36	31	75	83	36	91	76	27	23	88	
35	29	74	17	17	32	79	57	69	30	86	22	78	35	41	50	37	34	89	6	6	62	16	43	72	17	28	28	99	31	32	13	45	72	47	23	74	40	97	12	76	82	78	82	84	57	29	71	0	39	11	17	21	96	76	18	92	99	56	94	82	6	15	86	48	75	78	74	38	38	51	41	25	46	78	60	7	4	96	51	82	11	94	86	65	66	28	19	60	11	42	99	93	6	11	38	46	5	77	82	73	13	20	79	42	85	50	97	99	61	18	34	42	46	63	67	98	36	72	52	27	88	30	6	59	15	57	48	45	23	6	65	49	56	28	70	80	22	47	87	70	57	50	55	37	80	99	75	28	10	
29	82	85	35	55	98	7	3	53	62	4	39	5	96	95	83	23	7	42	71	81	91	71	31	72	32	61	60	3	81	80	8	99	93	23	71	14	46	75	14	91	64	51	79	35	45	76	66	39	0	59	58	99	75	86	66	53	91	89	38	3	96	47	36	59	28	89	73	85	44	56	63	52	54	71	38	21	86	86	51	55	41	27	84	62	74	15	88	34	65	26	2	30	27	86	63	82	3	29	89	48	6	34	45	42	94	79	16	57	62	44	62	80	27	98	51	44	58	60	7	30	20	78	40	46	18	12	73	30	39	69	25	2	34	9	76	27	68	92	29	53	77	29	29	90	18	17	55	52	35	
21	2	45	64	53	92	63	81	79	10	66	19	27	6	34	39	1	91	57	36	79	68	1	81	49	11	17	84	39	5	4	39	1	89	62	42	100	14	78	79	90	64	10	38	88	78	22	58	11	59	0	67	48	93	58	71	29	13	68	81	51	12	78	77	98	94	79	77	97	23	84	79	20	30	32	100	63	9	12	79	63	2	6	14	23	4	58	86	21	41	9	89	4	91	42	9	95	80	61	2	63	10	62	32	78	83	21	54	37	50	91	2	20	26	5	54	71	38	52	90	71	49	41	100	32	31	37	8	49	29	32	24	27	29	9	95	63	56	46	23	11	24	18	20	73	65	38	7	88	36	
90	73	68	98	66	33	36	80	63	86	18	67	16	70	91	56	77	51	25	44	37	42	69	33	50	33	93	54	23	13	99	61	50	3	87	5	95	98	56	55	82	58	71	49	60	54	80	54	17	58	67	0	52	37	11	70	60	13	57	57	49	4	28	55	76	10	96	47	79	95	78	70	1	11	68	99	36	91	15	70	67	33	96	93	86	66	79	78	94	69	93	51	17	79	11	16	77	73	3	61	8	53	95	56	16	54	84	43	75	89	45	41	62	56	68	37	98	4	20	64	39	72	8	96	57	34	15	84	83	57	4	62	46	70	67	58	17	63	93	17	78	43	32	50	86	39	75	24	16	64	
33	44	51	76	92	22	2	93	58	13	18	82	55	85	80	71	88	92	56	97	48	63	24	81	62	62	48	76	68	72	55	59	47	97	72	10	86	13	94	13	96	19	34	88	14	27	51	39	21	99	48	52	0	89	57	23	66	67	65	5	92	67	38	42	10	10	34	30	100	50	65	66	15	16	76	69	36	92	22	2	51	75	71	80	46	12	71	71	99	54	28	77	63	100	70	3	84	26	25	40	55	39	44	54	58	36	69	56	2	76	53	76	28	16	21	14	33	21	93	41	18	76	48	5	73	53	20	40	34	79	80	44	97	75	3	73	12	55	43	31	63	13	53	67	42	71	83	27	35	61	
29	95	21	98	65	49	66	77	38	56	88	84	38	93	29	10	59	96	98	83	95	45	83	47	47	44	74	24	14	100	47	95	10	87	53	98	100	24	50	71	62	36	45	42	29	36	86	45	96	75	93	37	89	0	91	58	13	1	54	37	72	7	69	35	17	54	66	55	40	1	34	47	97	69	2	30	92	2	76	3	37	72	87	37	6	48	42	11	70	87	28	37	26	86	44	30	61	94	15	3	53	70	6	96	68	31	82	78	53	20	57	12	24	70	31	86	95	1	37	90	50	79	57	17	23	49	17	35	30	64	56	34	60	9	94	44	23	85	80	9	58	14	5	50	52	46	75	24	98	53	
26	50	95	97	63	30	20	67	28	92	64	81	97	32	13	41	58	100	74	78	34	59	20	99	48	66	93	1	90	49	100	36	52	67	7	39	6	7	76	18	58	65	14	1	28	47	53	18	76	86	58	11	57	91	0	44	81	80	20	82	5	5	32	73	56	92	56	40	74	33	51	59	43	24	94	19	76	74	77	42	9	41	67	33	89	67	39	76	71	94	100	41	46	30	48	71	3	82	49	19	69	36	4	100	81	4	87	84	48	91	36	39	14	79	26	87	63	41	40	24	79	26	75	1	30	16	13	19	15	9	15	70	78	80	51	65	74	66	75	89	75	79	64	37	19	58	74	13	16	10	
89	58	55	42	89	24	36	92	55	26	2	35	59	96	35	10	47	5	74	75	5	70	36	67	30	26	41	85	99	17	73	88	91	68	89	57	22	57	8	83	41	29	64	49	41	29	46	25	18	66	71	70	23	58	44	0	39	56	23	49	22	22	35	25	19	34	95	82	16	32	72	3	45	78	75	52	99	44	22	67	5	62	45	5	84	13	63	84	29	52	86	3	41	29	83	46	28	78	81	46	37	5	13	23	17	76	98	4	54	17	74	66	46	81	13	86	56	85	100	28	46	73	84	32	23	37	48	18	83	62	12	20	57	18	36	81	72	6	61	67	61	74	26	78	12	74	73	67	9	88	
2	70	51	100	39	60	91	46	53	11	69	100	28	12	60	29	43	12	2	44	81	67	80	16	63	87	48	4	98	42	36	100	15	24	44	53	56	71	63	37	73	25	25	17	82	25	67	100	92	53	29	60	66	13	81	39	0	43	26	93	22	65	20	85	26	17	35	62	99	52	55	73	94	33	4	85	28	74	25	64	73	57	21	2	34	47	53	56	43	88	13	87	80	9	14	98	37	61	75	85	23	73	38	80	85	4	6	41	79	87	30	30	37	97	69	93	28	49	52	36	33	11	83	15	6	96	3	59	68	2	71	82	9	71	98	24	35	5	53	68	42	78	70	19	15	57	12	64	4	97	
70	1	93	82	17	32	95	57	39	55	70	1	85	26	31	11	37	19	29	100	62	26	74	18	47	39	29	50	54	87	38	47	39	4	49	29	32	87	71	67	24	14	41	8	100	67	28	3	99	91	13	13	67	1	80	56	43	0	7	6	34	8	74	74	4	70	11	55	22	39	75	86	9	14	95	77	89	4	66	29	41	57	4	12	18	29	31	72	55	37	32	53	18	55	19	99	58	75	30	99	84	92	59	7	88	67	29	5	14	49	49	33	85	35	62	17	82	57	89	13	83	51	77	18	18	44	66	3	29	88	60	59	44	93	82	61	89	24	100	25	74	76	30	59	52	20	6	30	75	29	
2	47	41	14	83	82	6	22	89	92	59	32	52	94	40	60	64	98	85	74	70	19	88	76	73	48	41	90	82	26	4	2	81	41	1	9	33	92	96	49	21	35	3	78	23	57	66	69	56	89	68	57	65	54	20	23	26	7	0	40	54	39	86	27	32	29	15	51	33	56	83	96	58	81	58	22	4	1	82	79	84	94	34	53	28	9	19	4	73	26	89	86	76	48	18	6	20	7	93	29	50	87	2	11	17	72	19	77	35	86	70	75	15	29	85	17	3	25	42	30	57	26	89	88	62	48	27	73	94	5	48	77	54	19	15	10	39	19	88	64	58	90	46	32	45	60	43	7	53	86	
29	75	36	17	99	16	1	12	65	77	82	77	45	38	85	53	15	7	77	3	4	76	96	54	25	52	85	87	4	68	18	90	100	94	97	25	19	30	93	76	63	94	12	96	57	77	81	35	94	38	81	57	5	37	82	49	93	6	40	0	60	91	52	24	69	22	37	90	21	26	93	66	2	23	80	59	32	34	89	56	61	55	86	37	4	98	88	97	70	63	21	19	77	94	51	35	49	20	32	67	44	95	10	30	57	47	13	23	19	98	58	43	51	73	71	89	2	89	52	10	12	9	24	33	98	24	69	63	66	97	56	17	100	81	32	70	35	53	36	76	50	17	55	67	84	96	40	28	30	92	
47	5	92	98	20	100	74	16	20	33	14	46	22	57	23	100	60	8	80	72	42	32	17	30	61	11	48	50	37	18	53	16	25	71	98	4	61	79	97	2	23	57	68	84	76	84	100	63	82	3	51	49	92	72	5	22	22	34	54	60	0	2	67	27	57	54	78	57	61	82	80	2	59	88	27	33	92	68	45	34	61	14	25	24	74	20	44	1	22	94	10	79	65	26	94	93	2	74	20	91	61	88	15	27	96	17	90	80	36	17	15	40	10	14	54	44	58	76	54	31	32	72	33	69	34	35	81	33	65	25	99	32	79	8	27	55	17	3	48	79	88	4	33	84	97	45	64	76	61	75	
1	18	42	60	75	24	86	67	11	90	63	67	15	81	44	59	54	55	72	10	92	86	19	47	28	48	41	39	99	76	14	28	18	42	69	61	40	14	4	25	88	33	57	99	29	8	20	73	6	96	12	4	67	7	5	22	65	8	39	91	2	0	34	76	98	59	47	88	60	98	11	86	82	18	66	49	77	25	36	20	85	49	84	99	33	45	14	82	2	91	26	87	43	58	19	98	76	10	39	87	78	42	97	78	9	74	89	72	81	5	23	100	18	64	94	45	20	75	66	30	25	75	96	41	4	93	37	64	41	54	82	88	58	52	78	80	26	88	8	99	92	76	31	93	50	31	55	15	70	27	
59	45	87	100	64	46	100	37	69	62	57	15	16	24	2	55	63	26	82	8	22	100	36	59	87	92	75	15	85	38	29	40	39	75	42	84	61	82	57	82	22	25	57	96	53	65	70	6	15	47	78	28	38	69	32	35	20	74	86	52	67	34	0	61	8	86	30	70	66	43	67	80	97	91	63	18	74	38	68	22	76	61	93	44	92	78	91	32	78	39	43	18	79	74	84	64	44	24	91	61	62	97	61	65	67	40	12	10	94	59	89	25	6	29	1	96	81	46	58	90	47	59	63	15	36	27	59	2	82	100	7	88	21	74	11	40	25	57	22	91	30	1	3	48	86	35	91	8	61	70	
35	62	48	4	10	3	60	99	84	4	45	99	68	22	23	85	97	26	90	9	87	97	10	42	37	7	33	49	84	83	77	82	59	27	90	29	5	51	46	54	24	37	22	56	97	98	48	89	86	36	77	55	42	35	73	25	85	74	27	24	27	76	61	0	76	34	80	7	96	87	49	56	51	32	82	94	97	52	4	18	80	11	39	97	52	11	63	12	91	6	85	35	87	68	23	96	34	51	64	62	90	21	84	30	53	1	52	38	86	27	37	41	84	48	93	70	99	61	41	12	89	48	85	5	22	9	61	5	15	94	13	62	96	17	36	53	48	21	16	52	78	71	13	26	68	50	51	70	6	13	
95	100	14	46	79	83	58	80	44	56	36	59	54	50	78	50	92	66	60	55	50	4	71	84	83	17	15	27	4	76	51	21	77	61	20	48	28	83	61	25	86	64	67	87	35	51	28	60	48	59	98	76	10	17	56	19	26	4	32	69	57	98	8	76	0	77	52	92	16	51	40	32	43	66	49	20	6	47	93	43	83	33	29	41	32	15	7	12	52	89	26	64	42	29	79	86	84	45	25	85	48	32	90	97	92	94	48	81	59	4	64	98	8	71	2	96	35	3	29	4	12	87	97	95	42	23	31	95	33	27	27	43	8	22	89	67	90	69	25	49	89	41	3	2	91	74	83	68	93	85	
15	59	9	59	43	3	38	98	59	90	16	77	59	14	37	13	45	37	58	58	84	25	83	94	34	42	88	77	18	46	22	44	32	46	95	9	7	33	52	53	64	29	62	36	78	24	5	60	75	28	94	10	10	54	92	34	17	70	29	22	54	59	86	34	77	0	96	11	77	29	99	78	36	13	46	60	32	61	86	99	22	71	26	37	16	79	77	64	93	26	58	6	45	70	90	34	62	82	73	97	15	37	28	80	32	28	66	17	98	25	38	77	12	1	9	41	26	76	100	32	26	47	60	31	57	47	73	29	63	29	79	97	36	97	48	2	69	42	17	79	58	25	18	24	94	94	65	20	25	80	
56	54	82	76	81	45	22	64	64	70	30	54	9	40	97	62	32	44	11	56	61	47	15	66	11	56	50	58	46	10	4	13	14	72	94	59	10	56	19	63	12	98	58	67	40	28	77	92	78	89	79	96	34	66	56	95	35	11	15	37	78	47	30	80	52	96	0	26	6	76	5	67	76	95	97	21	14	7	9	84	92	34	28	26	60	79	17	49	94	20	99	68	45	78	40	44	53	24	44	95	68	88	50	49	10	71	8	25	4	2	24	14	66	76	13	3	65	90	59	92	53	1	22	30	35	38	13	12	32	16	50	11	26	73	48	35	81	42	37	83	8	20	89	78	10	11	38	87	18	59	
29	24	32	41	54	90	78	44	96	87	28	54	61	35	1	46	62	70	26	47	88	13	3	22	72	30	47	96	76	33	14	99	51	20	34	39	40	46	76	15	9	13	22	3	16	13	80	77	74	73	77	47	30	55	40	82	62	55	51	90	57	88	70	7	92	11	26	0	94	67	57	64	62	17	78	42	72	58	19	35	83	17	8	31	81	36	4	75	66	89	90	90	4	40	92	62	18	54	78	69	60	81	10	49	23	12	88	80	89	86	83	63	56	26	1	31	47	22	76	18	85	80	5	8	12	52	53	1	33	87	58	32	47	60	59	8	73	1	63	14	84	60	71	28	51	54	81	28	25	7	
24	79	84	96	82	29	85	11	98	64	24	21	83	87	29	16	42	63	41	91	77	35	51	90	18	47	22	48	22	76	10	44	50	36	62	44	1	79	62	65	78	45	58	39	78	64	2	12	38	85	97	79	100	40	74	16	99	22	33	21	61	60	66	96	16	77	6	94	0	60	96	44	92	98	56	47	18	73	77	31	68	33	88	58	82	24	6	80	74	95	27	29	23	33	96	82	21	17	46	42	69	65	76	93	33	40	88	84	57	75	12	24	19	64	6	12	48	34	50	76	89	65	32	44	45	93	21	59	15	69	34	12	30	6	74	14	46	92	11	20	51	88	16	24	97	74	18	47	10	89	
75	58	25	28	4	86	6	31	46	97	3	48	19	75	95	92	5	65	14	36	25	48	67	92	7	70	75	35	55	22	34	12	34	28	1	7	88	88	79	69	44	35	100	2	77	52	82	52	38	44	23	95	50	1	33	32	52	39	56	26	82	98	43	87	51	29	76	67	60	0	61	61	40	13	35	29	44	84	27	28	27	84	35	26	71	72	15	57	13	37	65	29	26	79	69	8	62	40	78	46	72	100	1	67	27	34	42	36	25	82	84	32	86	3	21	28	87	59	70	1	16	16	51	36	30	29	98	86	10	30	8	41	93	48	16	23	52	17	49	97	16	98	46	47	24	89	92	74	68	2	
39	87	3	47	17	97	49	41	5	33	45	98	23	80	78	53	30	56	12	99	76	29	96	46	87	100	24	51	38	23	76	54	88	73	49	60	89	18	29	91	78	38	61	34	33	46	64	86	51	56	84	78	65	34	51	72	55	75	83	93	80	11	67	49	40	99	5	57	96	61	0	19	94	40	64	28	17	37	54	43	31	8	71	23	16	19	25	26	23	17	37	47	97	28	89	4	45	9	31	45	4	48	14	90	12	77	2	53	93	66	45	52	88	57	11	96	35	12	94	30	64	68	99	56	62	95	14	67	69	13	41	67	42	20	10	88	34	18	78	44	38	60	66	90	91	33	92	65	10	93	
48	76	87	44	8	35	85	74	53	95	64	34	13	49	7	47	96	35	51	64	39	3	42	31	82	46	79	22	66	37	22	65	70	24	69	97	23	2	32	49	66	10	24	47	48	35	45	26	41	63	79	70	66	47	59	3	73	86	96	66	2	86	80	56	32	78	67	64	44	61	19	0	27	4	39	11	58	92	9	67	46	50	57	7	54	11	25	28	51	96	2	61	95	47	5	12	27	28	18	44	11	64	74	98	69	4	6	62	67	32	67	49	25	17	49	5	94	55	39	4	68	7	28	36	82	70	99	74	5	18	35	34	23	17	1	50	40	62	59	39	97	47	78	33	2	40	79	53	82	9	
71	80	81	51	3	71	95	94	54	36	70	93	59	2	99	70	22	30	10	89	63	38	51	93	6	56	23	1	86	16	40	62	93	11	87	52	98	53	49	40	38	48	4	23	94	24	69	68	25	52	20	1	15	97	43	45	94	9	58	2	59	82	97	51	43	36	76	62	92	40	94	27	0	21	31	34	96	82	80	90	11	3	78	23	57	80	86	74	15	20	95	67	27	53	61	14	69	4	98	1	40	84	100	90	73	24	79	64	43	73	97	64	72	20	79	6	52	24	86	32	38	40	63	83	51	43	19	71	59	20	74	87	44	100	34	49	78	78	6	79	12	5	63	36	9	68	87	25	87	98	
55	87	92	5	80	9	54	26	82	69	22	44	1	32	21	50	95	2	73	41	1	52	47	5	14	80	89	32	65	23	35	2	50	73	71	47	15	68	55	41	68	50	18	5	89	100	8	68	46	54	30	11	16	69	24	78	33	14	81	23	88	18	91	32	66	13	95	17	98	13	40	4	21	0	88	58	66	19	3	63	4	87	38	14	39	50	79	68	97	27	78	84	16	68	21	39	12	19	21	29	40	78	92	22	62	72	49	72	4	99	19	56	64	72	50	79	28	69	82	55	81	66	57	71	39	27	87	47	58	81	89	91	15	98	11	81	18	9	33	45	86	34	35	17	22	82	87	93	3	99	
32	5	86	17	28	44	52	81	39	87	52	88	89	67	69	58	14	68	79	22	21	16	97	25	16	9	100	62	88	69	2	78	6	62	65	38	57	71	61	69	88	56	48	61	10	79	82	76	78	71	32	68	76	2	94	75	4	95	58	80	27	66	63	82	49	46	97	78	56	35	64	39	31	88	0	11	69	98	79	4	49	63	34	22	80	14	96	81	63	77	91	44	92	74	9	67	78	75	30	58	43	15	37	84	73	38	79	6	70	88	100	81	78	65	52	60	53	89	65	86	5	95	71	10	84	63	68	57	26	60	42	86	6	54	89	47	27	100	61	30	93	5	23	92	75	17	27	59	59	2	
11	89	14	13	96	64	86	88	39	40	56	34	100	37	58	74	6	98	19	54	35	19	16	40	99	27	51	53	79	75	43	32	7	36	30	94	15	55	40	58	37	4	29	35	38	79	47	79	60	38	100	99	69	30	19	52	85	77	22	59	33	49	18	94	20	60	21	42	47	29	28	11	34	58	11	0	54	95	72	36	1	51	99	60	82	69	2	27	6	33	81	99	18	86	86	86	17	68	46	15	46	43	84	13	86	25	61	49	97	34	73	60	89	57	81	21	79	12	45	55	73	4	89	86	76	78	6	55	63	25	46	61	28	40	36	19	73	23	32	7	25	1	43	55	64	77	50	78	88	62	
4	34	74	64	51	60	75	96	13	99	44	25	22	30	37	60	35	83	32	19	7	44	72	18	37	77	80	47	22	74	51	14	36	64	58	92	69	94	40	24	5	86	5	25	77	50	88	82	7	21	63	36	36	92	76	99	28	89	4	32	92	77	74	97	6	32	14	72	18	44	17	58	96	66	69	54	0	48	21	45	50	53	64	44	38	100	91	35	19	17	100	28	33	88	54	12	100	84	63	70	30	7	70	32	43	65	8	99	66	63	92	5	85	42	24	32	20	40	42	50	62	54	63	8	32	55	71	79	58	4	81	91	23	81	52	50	6	62	66	5	42	33	32	53	99	27	38	21	10	85	
34	30	14	63	38	68	32	19	85	41	25	73	66	27	19	29	81	71	69	99	12	62	86	69	95	4	42	39	32	85	35	91	84	13	35	65	50	6	94	27	78	39	38	19	11	46	95	2	4	86	9	91	92	2	74	44	74	4	1	34	68	25	38	52	47	61	7	58	73	84	37	92	82	19	98	95	48	0	17	70	16	98	94	23	90	6	45	30	51	52	5	54	84	4	73	94	40	82	20	31	40	91	1	69	10	25	55	24	34	20	19	44	63	24	18	33	94	36	84	37	56	98	24	50	27	72	66	85	3	73	83	31	17	28	88	50	84	56	2	15	50	89	80	37	72	89	1	58	70	66	
97	36	8	95	63	75	69	84	55	20	26	89	2	13	32	47	26	83	45	50	40	10	46	22	99	83	43	38	42	4	5	89	89	78	88	62	81	69	76	71	67	79	65	41	95	4	26	9	96	86	12	15	22	76	77	22	25	66	82	89	45	36	68	4	93	86	9	19	77	27	54	9	80	3	79	72	21	17	0	56	88	65	47	69	75	95	74	62	93	40	26	42	63	1	57	72	42	9	47	51	72	59	23	93	27	31	48	90	86	44	72	90	87	94	18	53	85	71	22	17	40	83	70	1	45	84	49	98	38	27	70	19	69	24	78	13	40	48	38	74	73	81	21	77	87	42	33	31	73	72	
27	56	60	14	49	64	83	44	19	32	16	34	9	81	16	1	71	80	12	99	88	96	13	5	1	10	55	83	82	22	94	94	77	52	13	87	32	19	18	84	39	43	41	3	50	88	47	63	51	51	79	70	2	3	42	67	64	29	79	56	34	20	22	18	43	99	84	35	31	28	43	67	90	63	4	36	45	70	56	0	83	84	92	84	76	5	67	1	69	36	18	96	2	1	80	87	3	56	23	19	99	55	35	13	2	37	22	31	88	3	61	90	18	42	3	46	89	77	12	86	1	88	7	98	59	69	44	50	38	67	31	23	46	80	61	44	98	15	78	99	88	81	70	80	43	99	72	95	28	21	
67	91	42	11	21	29	59	84	72	38	89	85	72	97	96	18	6	21	1	62	40	23	9	7	52	58	29	54	70	84	43	64	90	58	99	59	32	79	92	59	99	89	3	12	35	75	80	22	82	55	63	67	51	37	9	5	73	41	84	61	61	85	76	80	83	22	92	83	68	27	31	46	11	4	49	1	50	16	88	83	0	31	9	56	14	79	67	32	8	33	26	74	17	42	62	68	73	65	81	14	54	17	75	45	90	24	72	33	60	83	41	50	18	10	47	34	36	60	88	54	13	50	27	100	6	11	58	60	39	64	34	13	90	57	70	10	97	76	96	16	88	63	81	59	59	28	44	28	72	53	
62	31	11	59	61	75	80	97	21	57	41	65	59	94	34	65	91	80	50	2	48	80	20	53	70	35	65	38	55	82	72	55	4	43	79	26	36	54	89	71	25	52	64	66	100	51	26	4	11	41	2	33	75	72	41	62	57	57	94	55	14	49	61	11	33	71	34	17	33	84	8	50	3	87	63	51	53	98	65	84	31	0	68	97	92	33	37	91	30	78	48	95	57	75	81	16	56	28	18	44	14	76	21	17	43	98	99	58	80	69	47	86	34	49	1	8	65	17	39	16	14	31	95	48	87	76	71	67	11	44	73	46	34	46	51	48	45	15	30	63	97	45	74	48	96	18	65	39	61	2	
67	48	70	88	23	85	33	70	69	47	39	41	18	33	52	32	83	5	28	5	61	26	73	46	45	74	26	52	72	21	33	38	21	68	62	13	79	56	22	54	39	68	24	97	66	93	65	76	94	27	6	96	71	87	67	45	21	4	34	86	25	84	93	39	29	26	28	8	88	35	71	57	78	38	34	99	64	94	47	92	9	68	0	91	30	73	42	13	72	34	17	92	65	7	32	73	25	60	32	26	12	43	58	68	64	3	36	79	8	92	79	25	87	55	88	19	18	24	27	100	59	45	72	63	71	97	36	44	28	4	20	90	2	80	23	87	54	69	54	51	57	53	36	69	52	68	76	16	84	70	
3	86	82	46	23	41	97	71	68	97	44	78	90	27	18	36	80	58	44	72	90	27	29	93	20	97	54	82	16	22	46	19	5	60	21	90	11	35	85	45	63	39	32	51	10	62	32	49	86	84	14	93	80	37	33	5	2	12	53	37	24	99	44	97	41	37	26	31	58	26	23	7	23	14	22	60	44	23	69	84	56	97	91	0	58	77	40	48	23	46	100	88	52	31	76	95	57	22	37	65	19	16	72	12	76	86	37	4	4	1	77	63	92	82	59	51	51	48	55	80	45	67	25	88	51	65	1	100	22	7	90	93	4	39	60	90	44	11	16	64	53	45	79	16	37	52	28	27	6	9	
89	58	13	92	29	53	99	62	33	2	71	82	22	100	95	1	66	91	87	46	55	81	38	59	34	43	50	82	84	58	88	67	20	15	37	46	17	17	62	14	70	21	9	71	66	78	43	99	65	62	23	86	46	6	89	84	34	18	28	4	74	33	92	52	32	16	60	81	82	71	16	54	57	39	80	82	38	90	75	76	14	92	30	58	0	22	92	46	91	9	61	95	100	38	67	97	65	97	60	51	92	2	45	99	28	55	45	62	48	14	83	40	64	2	27	71	36	90	12	2	86	9	40	56	38	63	93	93	52	77	90	84	62	23	25	18	39	70	59	32	39	12	29	59	24	86	70	11	96	26	
51	53	62	30	16	69	65	93	10	22	32	35	33	94	18	23	91	64	96	58	39	23	60	96	1	10	20	27	25	58	11	17	78	21	46	15	46	74	52	23	79	60	51	100	22	100	16	47	66	74	4	66	12	48	67	13	47	29	9	98	20	45	78	11	15	79	79	36	24	72	19	11	80	50	14	69	100	6	95	5	79	33	73	77	22	0	12	53	92	68	76	88	72	30	80	54	92	78	68	44	26	91	92	3	17	68	43	73	38	12	97	23	13	67	36	72	6	96	9	71	80	23	58	32	14	28	79	56	16	5	5	17	13	9	88	64	70	46	28	50	49	28	43	93	75	66	38	84	6	76	
48	73	11	37	64	99	52	79	95	39	9	22	5	90	3	69	72	32	46	12	98	43	56	69	43	78	83	52	11	10	23	15	94	99	2	9	37	70	14	19	95	43	80	17	52	13	95	32	28	15	58	79	71	42	39	63	53	31	19	88	44	14	91	63	7	77	17	4	6	15	25	25	86	79	96	2	91	45	74	67	67	37	42	40	92	12	0	34	60	95	66	96	72	60	92	83	75	57	54	41	5	68	26	29	35	46	28	7	7	28	77	68	24	29	87	79	89	88	51	60	92	86	80	32	12	93	60	66	51	16	40	13	62	30	93	45	22	24	88	2	37	86	86	47	7	61	29	91	17	28	
58	98	49	42	69	50	46	41	41	96	29	45	96	54	60	5	7	21	66	82	94	20	6	52	74	63	15	66	29	39	95	84	8	42	70	15	99	10	88	38	53	94	71	3	2	16	3	99	19	88	86	78	71	11	76	84	56	72	4	97	1	82	32	12	12	64	49	75	80	57	26	28	74	68	81	27	35	30	62	1	32	91	13	48	46	53	34	0	81	38	35	35	42	2	37	87	12	43	93	30	76	84	90	18	75	10	92	58	1	63	18	88	56	40	100	29	44	3	75	25	93	64	25	94	47	100	81	28	37	78	3	10	62	10	4	39	39	11	80	2	57	2	40	82	62	79	58	26	14	70	
13	54	45	20	1	81	16	43	38	13	60	94	51	36	45	14	49	6	81	50	42	36	35	66	61	24	25	97	35	84	91	86	77	24	30	58	66	5	20	98	26	44	83	66	83	47	46	98	60	34	21	94	99	70	71	29	43	55	73	70	22	2	78	91	52	93	94	66	74	13	23	51	15	97	63	6	19	51	93	69	8	30	72	23	91	92	60	81	0	54	64	96	14	62	89	52	56	26	29	31	44	54	67	53	48	3	22	94	77	52	81	9	89	9	40	53	77	65	48	40	8	96	82	1	9	47	10	36	54	70	18	93	92	50	80	97	76	37	47	24	51	75	54	96	26	51	18	16	93	45	
84	11	70	84	46	29	69	55	69	20	94	7	68	98	40	55	48	44	74	26	58	1	22	37	1	92	55	22	4	60	47	93	46	12	60	65	63	34	67	98	41	46	75	15	31	48	94	11	11	65	41	69	54	87	94	52	88	37	26	63	94	91	39	6	89	26	20	89	95	37	17	96	20	27	77	33	17	52	40	36	33	78	34	46	9	68	95	38	54	0	27	49	98	24	100	29	44	10	90	4	40	95	46	68	18	60	2	67	5	1	82	52	85	13	91	19	77	68	23	84	28	46	66	90	10	74	65	75	95	49	25	48	28	64	15	39	99	18	21	27	4	43	79	43	80	30	86	65	96	18	
27	73	79	81	3	66	53	93	2	4	58	4	33	47	28	52	1	55	82	49	30	84	29	10	13	70	75	48	78	20	83	50	52	79	67	41	76	29	9	89	1	50	83	34	45	94	50	27	42	26	9	93	28	28	100	86	13	32	89	21	10	26	43	85	26	58	99	90	27	65	37	2	95	78	91	81	100	5	26	18	26	48	17	100	61	76	66	35	64	27	0	89	25	61	88	39	6	83	34	40	40	19	94	19	87	54	20	15	63	86	26	93	60	75	91	45	68	42	54	49	51	37	100	94	18	52	19	52	63	10	40	40	31	79	75	44	29	48	61	87	39	75	47	45	79	9	21	73	8	61	
2	86	100	27	56	85	75	88	18	38	44	86	50	21	12	4	77	20	3	61	51	96	3	49	45	55	81	47	55	69	99	1	25	15	46	31	56	96	42	84	25	96	78	31	67	2	6	16	99	2	89	51	77	37	41	3	87	53	86	19	79	87	18	35	64	6	68	90	29	29	47	61	67	84	44	99	28	54	42	96	74	95	92	88	95	88	96	35	96	49	89	0	49	82	76	11	2	75	48	37	91	86	14	49	44	2	34	51	51	75	40	40	94	27	72	11	48	75	51	95	61	11	46	37	40	98	73	95	24	87	6	97	48	89	74	55	82	82	2	60	81	89	77	85	11	50	42	13	59	49	
88	12	55	32	71	87	17	27	11	24	75	63	74	31	31	6	72	88	52	36	49	18	69	58	26	14	78	13	88	30	2	40	50	90	1	19	4	6	48	60	79	86	40	87	86	60	61	62	93	30	4	17	63	26	46	41	80	18	76	77	65	43	79	87	42	45	45	4	23	26	97	95	27	16	92	18	33	84	63	2	17	57	65	52	100	72	72	42	14	98	25	49	0	1	83	52	23	79	13	21	76	90	24	50	8	61	59	38	12	11	72	35	24	1	69	27	71	55	100	88	58	68	13	43	36	13	51	84	61	74	77	81	34	38	30	12	28	16	60	42	77	91	45	1	55	3	58	80	2	76	
52	100	80	66	1	72	42	60	94	43	20	39	74	25	63	56	27	20	66	29	29	13	44	31	19	83	64	4	68	2	12	28	37	27	32	100	22	38	36	26	32	23	30	17	47	61	97	27	6	27	91	79	100	86	30	29	9	55	48	94	26	58	74	68	29	70	78	40	33	79	28	47	53	68	74	86	88	4	1	1	42	75	7	31	38	30	60	2	62	24	61	82	1	0	95	81	73	10	88	96	44	90	7	98	32	5	97	49	22	49	69	90	33	56	82	2	6	59	9	61	25	51	15	28	5	36	45	62	68	38	24	10	80	64	81	83	62	53	86	11	97	49	98	48	21	32	19	96	64	62	
7	84	6	97	94	93	96	81	46	77	72	25	97	92	64	58	33	57	54	10	99	26	37	36	1	67	45	3	8	84	29	53	1	17	41	18	59	1	61	86	31	50	55	80	87	43	54	74	11	86	42	11	70	44	48	83	14	19	18	51	94	19	84	23	79	90	40	92	96	69	89	5	61	21	9	86	54	73	57	80	62	81	32	76	67	80	92	37	89	100	88	76	83	95	0	65	48	36	66	41	27	71	88	83	88	7	57	24	13	26	89	8	9	61	76	99	57	19	16	64	66	80	78	11	66	79	98	35	4	9	8	51	1	59	8	7	25	34	54	29	97	96	10	73	30	62	38	36	73	84	
48	19	79	76	28	83	53	98	65	63	41	86	38	3	46	19	4	52	19	13	65	75	97	34	39	22	75	100	29	89	87	82	49	89	53	95	17	85	42	42	24	10	59	46	84	55	8	57	38	63	9	16	3	30	71	46	98	99	6	35	93	98	64	96	86	34	44	62	82	8	4	12	14	39	67	86	12	94	72	87	68	16	73	95	97	54	83	87	52	29	39	11	52	81	65	0	90	12	72	20	91	72	22	19	91	77	91	52	76	98	34	34	95	40	62	52	15	65	86	75	30	97	80	48	74	14	81	55	100	44	43	99	17	32	3	19	54	7	87	60	10	21	14	96	42	66	99	47	4	95	
79	9	36	43	5	21	23	39	79	30	90	96	6	13	62	50	2	31	45	4	80	45	89	11	80	91	100	94	44	16	53	54	37	27	80	13	90	76	71	23	19	55	16	94	99	31	70	100	46	82	95	77	84	61	3	28	37	58	20	49	2	76	44	34	84	62	53	18	21	62	45	27	69	12	78	17	100	40	42	3	73	56	25	57	65	92	75	12	56	44	6	2	23	73	48	90	0	36	19	6	61	13	93	97	20	32	69	65	62	37	31	8	30	80	56	59	67	18	15	96	64	94	49	96	2	89	93	94	35	4	20	57	73	28	19	27	90	77	99	94	62	32	50	19	19	27	38	1	99	23	
75	11	65	36	69	67	73	68	57	23	97	57	85	60	93	100	22	8	96	92	37	32	87	82	23	33	21	92	94	14	100	55	79	67	51	42	73	18	6	67	58	36	64	71	84	93	90	98	5	3	80	73	26	94	82	78	61	75	7	20	74	10	24	51	45	82	24	54	17	40	9	28	4	19	75	68	84	82	9	56	65	28	60	22	97	78	57	43	26	10	83	75	79	10	36	12	36	0	51	19	51	20	32	30	55	62	51	97	6	76	5	89	35	40	72	87	40	66	83	91	62	14	9	51	26	15	45	33	34	94	21	10	55	45	23	39	93	68	65	96	43	73	40	34	45	15	13	77	95	50	
24	21	48	47	52	73	52	44	72	18	8	95	50	54	45	46	72	73	5	71	4	56	29	97	98	94	61	43	22	68	39	73	53	34	93	91	69	84	66	39	29	27	43	58	98	52	70	14	77	29	61	3	25	15	49	81	75	30	93	32	20	39	91	64	25	73	44	78	46	78	31	18	98	21	30	46	63	20	47	23	81	18	32	37	60	68	54	93	29	90	34	48	13	88	66	72	19	51	0	33	79	16	93	47	76	91	12	25	98	69	70	33	38	55	18	32	44	85	70	70	52	94	48	91	13	62	100	29	74	90	41	99	39	36	24	26	73	3	22	34	97	27	73	47	50	11	17	44	21	86	
77	78	20	25	1	83	69	19	48	28	67	2	100	39	8	77	30	24	81	9	85	30	94	69	14	94	74	20	27	84	49	15	96	48	13	42	61	34	88	7	70	98	46	20	54	22	26	100	82	89	2	61	40	3	19	46	85	99	29	67	91	87	61	62	85	97	95	69	42	46	45	44	1	29	58	15	70	31	51	19	14	44	26	65	51	44	41	30	31	4	40	37	21	96	41	20	6	19	33	0	47	52	64	16	51	63	6	75	91	55	90	42	55	63	78	60	42	88	30	20	77	23	54	92	6	42	28	92	24	43	73	20	97	81	41	12	68	95	16	99	32	14	80	10	36	47	93	26	69	2	
13	36	83	36	57	52	86	23	62	12	22	65	41	43	4	37	13	13	1	56	72	33	41	58	52	62	87	46	59	37	48	45	82	92	14	68	17	61	59	31	64	93	12	12	7	73	67	41	73	48	63	8	55	53	69	37	23	84	50	44	61	78	62	90	48	15	68	60	69	72	4	11	40	40	43	46	30	40	72	99	54	14	12	19	92	26	5	76	44	40	40	91	76	44	27	91	61	51	79	47	0	40	56	77	89	52	44	89	20	64	49	18	84	24	36	95	86	30	94	13	1	4	10	51	84	41	30	96	73	4	29	72	20	7	63	22	24	27	92	91	99	59	6	74	61	92	76	69	11	20	
11	47	13	26	94	64	92	22	62	84	99	58	16	79	49	66	100	74	75	67	25	94	40	44	22	32	54	88	49	9	93	26	38	83	58	7	4	77	54	34	43	21	24	84	14	65	4	17	13	6	10	53	39	70	36	5	73	92	87	95	88	42	97	21	32	37	88	81	65	100	48	64	84	78	15	43	7	91	59	55	17	76	43	16	2	91	68	84	54	95	19	86	90	90	71	72	13	20	16	52	40	0	91	68	59	53	12	24	27	8	86	80	1	89	62	3	46	6	36	76	60	12	71	62	20	21	4	6	68	14	15	59	87	75	38	48	87	40	42	12	91	26	7	62	29	51	8	62	72	18	
10	38	82	36	93	74	44	50	2	72	70	86	29	26	40	85	88	15	33	69	30	57	1	96	29	75	91	46	22	19	87	40	91	55	61	53	41	39	8	40	35	42	13	97	42	85	11	87	20	34	62	95	44	6	4	13	38	59	2	10	15	97	61	84	90	28	50	10	76	1	14	74	100	92	37	84	70	1	23	35	75	21	58	72	45	92	26	90	67	46	94	14	24	7	88	22	93	32	93	64	56	91	0	87	36	100	27	78	67	75	93	25	53	70	57	50	93	68	62	51	97	35	29	59	85	82	11	96	19	23	80	83	65	77	3	36	64	82	47	71	90	7	100	64	91	35	39	79	75	24	
20	48	60	32	61	29	46	64	60	41	49	90	94	24	60	100	36	93	60	1	7	95	32	52	56	86	12	8	65	7	13	14	71	79	15	5	12	32	40	15	13	98	47	1	43	64	48	60	79	45	32	56	54	96	100	23	80	7	11	30	27	78	65	30	97	80	49	49	93	67	90	98	90	22	84	13	32	69	93	13	45	17	68	12	99	3	29	18	53	68	19	49	50	98	83	19	97	30	47	16	77	68	87	0	93	55	95	95	43	19	68	19	90	5	92	21	61	63	76	58	55	16	54	80	77	4	96	86	69	94	60	66	72	89	61	12	22	56	54	93	63	75	34	45	59	95	51	25	1	85	
20	72	2	71	61	78	95	37	37	28	1	83	62	63	87	32	58	6	65	69	65	39	36	40	3	43	38	16	20	10	98	49	2	17	66	50	14	22	37	52	3	60	84	85	97	22	20	85	42	42	78	16	58	68	81	17	85	88	17	57	96	9	67	53	92	32	10	23	33	27	12	69	73	62	73	86	43	10	27	2	90	43	64	76	28	17	35	75	48	18	87	44	8	32	88	91	20	55	76	51	89	59	36	93	0	7	67	49	38	100	71	72	61	63	94	69	97	64	41	61	32	23	44	2	5	14	91	92	70	69	21	28	73	6	48	97	48	90	8	95	54	96	3	53	16	21	4	44	72	11	
21	79	63	20	78	18	7	84	75	68	95	2	69	49	61	32	60	30	81	3	84	82	79	44	77	51	89	90	1	17	23	70	43	5	46	83	46	77	48	82	33	15	90	76	6	20	57	87	85	94	83	54	36	31	4	76	4	67	72	47	17	74	40	1	94	28	71	12	40	34	77	4	24	72	38	25	65	25	31	37	24	98	3	86	55	68	46	10	3	60	54	2	61	5	7	77	32	62	91	63	52	53	100	55	7	0	66	98	89	81	52	4	27	19	55	58	81	79	31	74	55	23	65	4	45	2	5	14	69	64	60	56	7	80	8	77	24	69	58	98	99	4	51	98	28	9	87	83	6	46	
43	52	74	80	10	52	45	32	3	24	1	4	61	33	95	32	94	25	71	71	48	57	53	70	92	62	57	69	65	35	24	72	69	55	79	4	12	11	70	26	66	1	13	46	33	82	79	24	50	79	21	84	69	82	87	98	6	29	19	13	90	89	12	52	48	66	8	88	88	42	2	6	79	49	79	61	8	55	48	22	72	99	36	37	45	43	28	92	22	2	20	34	59	97	57	91	69	51	12	6	44	12	27	95	67	66	0	75	52	74	8	62	35	30	69	1	97	90	30	61	80	2	34	81	92	71	42	65	69	99	78	47	32	27	24	24	73	11	8	40	23	69	64	21	26	53	100	61	81	9	
21	85	65	20	89	76	38	98	56	56	24	21	19	63	90	52	78	19	38	61	75	20	34	64	36	91	41	1	53	35	54	77	31	93	87	66	82	48	67	65	40	95	83	42	21	41	99	25	97	16	54	43	56	78	84	4	41	5	77	23	80	72	10	38	81	17	25	80	84	36	53	62	64	72	6	49	99	24	90	31	33	58	79	4	62	73	7	58	94	67	15	51	38	49	24	52	65	97	25	75	89	24	78	95	49	98	75	0	17	63	14	27	25	25	54	11	98	43	13	51	69	62	59	52	4	9	96	87	80	36	90	92	23	99	36	94	56	69	37	26	44	63	1	4	79	22	71	52	38	80	
8	73	35	69	38	1	66	39	62	78	83	75	27	97	34	41	42	50	95	16	86	63	82	13	13	67	70	67	10	26	59	15	96	5	17	75	23	33	61	92	41	41	61	24	94	82	28	51	99	57	37	75	2	53	48	54	79	14	35	19	36	81	94	86	59	98	4	89	57	25	93	67	43	4	70	97	66	34	86	88	60	80	8	4	48	38	7	1	77	5	63	51	12	22	13	76	62	6	98	91	20	27	67	43	38	89	52	17	0	48	49	59	41	43	76	54	88	9	55	61	21	95	8	52	20	17	55	75	61	50	22	1	18	45	84	3	77	86	81	60	35	54	45	82	44	19	18	8	7	27	
4	16	19	95	96	42	28	57	46	19	87	17	40	79	57	96	37	42	50	91	69	82	28	25	68	66	59	35	93	81	44	48	64	32	51	67	6	58	32	74	66	72	30	22	49	29	25	72	61	62	50	89	76	20	91	17	87	49	86	98	17	5	59	27	4	25	2	86	75	82	66	32	73	99	88	34	63	20	44	3	83	69	92	1	14	12	28	63	52	1	86	75	11	49	26	98	37	76	69	55	64	8	75	19	100	81	74	63	48	0	62	1	44	86	91	85	12	11	74	15	25	75	53	39	99	8	80	85	46	88	26	97	73	36	53	16	90	28	75	72	51	56	16	95	5	24	96	53	39	15	
79	60	14	38	40	15	14	10	71	8	70	76	51	90	43	71	72	23	13	58	69	88	72	24	78	86	42	90	5	70	79	23	64	43	57	88	3	32	74	11	26	47	21	17	50	53	69	50	18	44	91	45	53	57	36	74	30	49	70	58	15	23	89	37	64	38	24	83	12	84	45	67	97	19	100	73	92	19	72	61	41	47	79	77	83	97	77	18	81	82	26	40	72	69	89	34	31	5	70	90	49	86	93	68	71	52	8	14	49	62	0	11	47	72	41	21	46	73	36	63	97	73	4	99	14	58	53	51	27	49	21	85	44	8	89	90	23	91	37	52	20	68	20	56	90	100	20	40	70	79	
35	61	59	31	97	33	20	93	93	68	70	79	76	36	76	18	74	69	37	14	70	66	41	91	13	86	4	40	29	53	31	57	13	39	42	51	85	76	75	44	20	7	55	94	84	89	98	81	34	62	2	41	76	12	39	66	30	33	75	43	40	100	25	41	98	77	14	63	24	32	52	49	64	56	81	60	5	44	90	90	50	86	25	63	40	23	68	88	9	52	93	40	35	90	8	34	8	89	33	42	18	80	25	19	72	4	62	27	59	1	11	0	73	69	59	21	35	53	5	26	59	42	58	75	23	38	94	2	48	46	81	76	32	73	46	4	3	95	50	87	55	69	95	26	84	63	75	75	57	54	
97	19	9	44	51	33	63	41	90	21	12	70	10	26	10	20	20	5	3	19	47	61	30	15	72	27	32	63	7	41	73	66	70	92	61	74	89	76	10	65	80	59	23	85	21	83	79	10	42	80	20	62	28	24	14	46	37	85	15	51	10	18	6	84	8	12	66	56	19	86	88	25	72	64	78	89	85	63	87	18	18	34	87	92	64	13	24	56	89	85	60	94	24	33	9	95	30	35	38	55	84	1	53	90	61	27	35	25	41	44	47	73	0	36	17	59	59	37	77	65	61	84	93	77	83	45	18	54	42	64	87	39	7	78	38	99	76	37	94	25	31	29	36	53	45	30	38	55	97	7	
88	13	98	50	62	7	44	20	15	54	91	33	7	49	62	18	78	36	85	17	5	15	65	98	80	72	96	67	92	59	13	12	26	55	24	96	70	26	53	36	49	76	62	67	14	44	32	6	46	27	26	56	16	70	79	81	97	35	29	73	14	64	29	48	71	1	76	26	64	3	57	17	20	72	65	57	42	24	94	42	10	49	55	82	2	67	29	40	9	13	75	27	1	56	61	40	80	40	55	63	24	89	70	5	63	19	30	25	43	86	72	69	36	0	51	52	67	84	76	44	18	75	30	23	95	96	93	54	69	42	8	43	78	45	63	75	31	89	94	12	47	51	2	35	76	62	12	64	7	21	
91	80	14	53	45	70	98	50	89	84	57	63	63	88	60	36	72	47	57	27	53	32	26	52	58	36	9	80	86	35	9	88	97	2	41	71	12	16	57	99	10	52	14	62	79	76	75	83	63	98	5	68	21	31	26	13	69	62	85	71	54	94	1	93	2	9	13	1	6	21	11	49	79	50	52	81	24	18	18	3	47	1	88	59	27	36	87	100	40	91	91	72	69	82	76	62	56	72	18	78	36	62	57	92	94	55	69	54	76	91	41	59	17	51	0	20	71	37	48	80	97	41	3	70	64	48	58	71	88	66	29	85	71	75	39	25	97	62	54	89	15	81	41	62	20	13	59	61	45	51	
13	6	11	100	95	69	72	24	80	94	82	81	16	31	55	43	7	29	77	23	61	87	56	53	23	7	56	3	32	21	73	30	17	20	86	81	2	56	66	58	47	70	44	61	33	1	46	73	67	51	54	37	14	86	87	86	93	17	17	89	44	45	96	70	96	41	3	31	12	28	96	5	6	79	60	21	32	33	53	46	34	8	19	51	71	72	79	29	53	19	45	11	27	2	99	52	59	87	32	60	95	3	50	21	69	58	1	11	54	85	21	21	59	52	20	0	18	51	47	3	45	33	83	8	58	57	73	13	38	15	8	38	76	59	49	65	1	19	97	22	69	23	80	30	25	39	68	64	94	53	
40	28	46	3	97	52	21	71	16	2	13	1	94	59	20	33	12	13	15	9	76	81	97	7	96	25	12	50	15	74	7	80	85	90	42	63	13	84	47	62	13	32	100	49	43	44	36	74	98	44	71	98	33	95	63	56	28	82	3	2	58	20	81	99	35	26	65	47	48	87	35	94	52	28	53	79	20	94	85	89	36	65	18	51	36	6	89	44	77	77	68	48	71	6	57	15	67	40	44	42	86	46	93	61	97	81	97	98	88	12	46	35	59	67	71	18	0	47	82	79	4	72	9	90	80	79	97	81	78	3	56	82	10	11	81	79	12	12	41	16	68	82	77	49	30	73	81	97	40	78	
59	15	73	11	16	94	67	71	97	95	58	1	31	11	55	39	19	64	82	64	85	31	71	52	87	44	38	19	4	77	23	42	76	30	69	36	49	79	46	84	94	6	23	16	52	68	51	25	36	58	38	4	21	1	41	85	49	57	25	89	76	75	46	61	3	76	90	22	34	59	12	55	24	69	89	12	40	36	71	77	60	17	24	48	90	96	88	3	65	68	42	75	55	59	19	65	18	66	85	88	30	6	68	63	64	79	90	43	9	11	73	53	37	84	37	51	47	0	20	27	69	93	40	18	42	61	16	36	34	99	61	18	48	36	77	12	91	10	38	71	93	63	54	22	77	79	61	65	25	31	
51	46	35	49	8	82	45	68	36	61	60	29	96	1	18	40	83	57	45	68	14	29	35	73	27	38	17	13	93	6	17	34	39	89	69	7	99	19	65	9	23	67	79	97	99	52	14	26	72	60	52	20	93	37	40	100	52	89	42	52	54	66	58	41	29	100	59	76	50	70	94	39	86	82	65	45	42	84	22	12	88	39	27	55	12	9	51	75	48	23	54	51	100	9	16	86	15	83	70	30	94	36	62	76	41	31	30	13	55	74	36	5	77	76	48	47	82	20	0	11	11	89	90	80	54	27	16	42	45	47	29	82	1	59	83	65	56	86	35	76	6	46	10	73	5	33	98	28	20	76	
82	42	43	100	94	29	86	13	31	72	57	72	79	33	8	70	60	99	21	8	79	25	72	39	60	4	56	55	83	46	18	72	84	36	22	100	18	79	6	88	13	86	56	87	84	58	31	4	52	7	90	64	41	90	24	28	36	13	30	10	31	30	90	12	4	32	92	18	76	1	30	4	32	55	86	55	50	37	17	86	54	16	100	80	2	71	60	25	40	84	49	95	88	61	64	75	96	91	70	20	13	76	51	58	61	74	61	51	61	15	63	26	65	44	80	3	79	27	11	0	66	55	53	91	71	74	95	13	12	21	50	85	16	38	54	19	53	1	95	91	89	79	5	58	77	91	20	14	68	3	
57	100	100	41	49	43	15	73	44	34	69	85	84	40	85	26	93	67	87	42	27	83	20	55	18	40	46	20	99	49	54	78	35	98	73	48	89	75	6	68	81	79	78	67	81	26	15	100	27	30	71	39	18	50	79	46	33	83	57	12	32	25	47	89	12	26	53	85	89	16	64	68	38	81	5	73	62	56	40	1	13	14	59	45	86	80	92	93	8	28	51	61	58	25	66	30	64	62	52	77	1	60	97	55	32	55	80	69	21	25	97	59	61	18	97	45	4	69	11	66	0	60	41	93	62	39	77	63	92	47	26	92	19	25	51	42	45	56	58	22	22	18	43	25	99	37	19	60	39	92	
4	94	97	26	93	71	3	87	95	55	78	22	41	83	47	61	48	90	92	99	63	44	20	33	30	23	58	64	55	52	95	36	67	28	26	94	91	7	79	67	10	69	72	62	49	49	45	19	88	20	49	72	76	79	26	73	11	51	26	9	72	75	59	48	87	47	1	80	65	16	68	7	40	66	95	4	54	98	83	88	50	31	45	67	9	23	86	64	96	46	37	11	68	51	80	97	94	14	94	23	4	12	35	16	23	23	2	62	95	75	73	42	84	75	41	33	72	93	89	55	60	0	44	11	65	7	91	18	94	88	13	18	68	40	80	41	39	9	87	76	48	33	22	69	75	7	41	30	17	52	
43	30	51	65	86	41	49	22	59	91	14	41	6	68	38	100	94	90	42	51	96	71	14	68	39	53	82	11	81	95	99	76	37	66	66	91	90	38	13	26	6	3	50	78	59	70	5	74	30	78	41	8	48	57	75	84	83	77	89	24	33	96	63	85	97	60	22	5	32	51	99	28	63	57	71	89	63	24	70	7	27	95	72	25	40	58	80	25	82	66	100	46	13	15	78	80	49	9	48	54	10	71	29	54	44	65	34	59	8	53	4	58	93	30	3	83	9	40	90	53	41	44	0	67	32	97	41	79	79	54	91	88	29	50	84	4	81	98	80	41	82	2	6	99	48	85	92	13	19	17	
95	25	60	24	15	28	8	26	36	67	33	25	5	17	19	36	13	84	53	94	15	56	95	55	85	19	72	34	62	57	34	9	57	61	55	88	27	95	27	28	80	37	49	32	61	92	59	20	6	40	100	96	5	17	1	32	15	18	88	33	69	41	15	5	95	31	30	8	44	36	56	36	83	71	10	86	8	50	1	98	100	48	63	88	56	32	32	94	1	90	94	37	43	28	11	48	96	51	91	92	51	62	59	80	2	4	81	52	52	39	99	75	77	23	70	8	90	18	80	91	93	11	67	0	15	63	5	40	84	31	37	90	23	83	13	43	98	38	51	79	10	26	88	36	25	30	16	35	56	36	
59	14	43	69	61	3	31	52	80	21	82	69	58	73	54	52	80	44	24	48	100	52	66	25	31	49	2	79	75	100	37	30	92	3	83	95	70	7	50	92	42	60	57	27	12	65	42	86	59	46	32	57	73	23	30	23	6	18	62	98	34	4	36	22	42	57	35	12	45	30	62	82	51	39	84	76	32	27	45	59	6	87	71	51	38	14	12	47	9	10	18	40	36	5	66	74	2	26	13	6	84	20	85	77	5	45	92	4	20	99	14	23	83	95	64	58	80	42	54	71	62	65	32	15	0	78	59	56	49	99	82	58	83	49	40	79	23	94	17	91	19	77	27	59	6	84	72	16	91	26	
4	12	61	95	25	3	48	65	26	96	58	39	17	38	69	23	33	40	17	5	50	8	73	16	41	79	64	21	3	95	78	88	56	81	83	12	78	24	74	69	14	36	75	27	60	12	46	98	15	18	31	34	53	49	16	37	96	44	48	24	35	93	27	9	23	47	38	52	93	29	95	70	43	27	63	78	55	72	84	69	11	76	97	65	63	28	93	100	47	74	52	98	13	36	79	14	89	15	62	42	41	21	82	4	14	2	71	9	17	8	58	38	45	96	48	57	79	61	27	74	39	7	97	63	78	0	100	81	18	15	78	58	13	9	95	99	7	14	56	17	47	48	82	3	42	64	59	31	20	26	
91	51	86	13	93	100	15	71	80	8	43	27	27	83	74	90	13	72	53	57	62	14	43	40	66	32	16	82	70	95	34	17	79	61	17	70	4	93	31	91	49	3	12	89	78	53	17	80	57	12	37	15	20	17	13	48	3	66	27	69	81	37	59	61	31	73	13	53	21	98	14	99	19	87	68	6	71	66	49	44	58	71	36	1	93	79	60	81	10	65	19	73	51	45	98	81	93	45	100	28	30	4	11	96	91	5	42	96	55	80	53	94	18	93	58	73	97	16	16	95	77	91	41	5	59	100	0	66	18	44	35	1	49	11	48	1	70	99	90	20	50	52	74	19	44	78	7	95	6	37	
90	38	8	72	60	63	67	7	36	34	47	48	36	98	71	53	97	98	63	43	52	70	3	35	93	83	97	53	13	79	9	100	20	71	58	24	32	53	26	3	83	68	47	19	42	10	69	70	48	73	8	84	40	35	19	18	59	3	73	63	33	64	2	5	95	29	12	1	59	86	67	74	71	47	57	55	79	85	98	50	60	67	44	100	93	56	66	28	36	75	52	95	84	62	35	55	94	33	29	92	96	6	96	86	92	14	65	87	75	85	51	2	54	54	71	13	81	36	42	13	63	18	79	40	56	81	66	0	78	57	3	42	78	74	29	26	40	80	75	55	52	78	25	69	89	48	31	87	29	19	
81	40	89	27	30	18	75	100	46	87	28	3	79	61	45	20	77	89	89	39	82	70	49	31	10	85	18	56	64	76	16	11	34	97	14	92	64	72	75	51	95	33	41	66	66	97	92	62	45	30	49	83	34	30	15	83	68	29	94	66	65	41	82	15	33	63	32	33	15	10	69	5	59	58	26	63	58	3	38	38	39	11	28	22	52	16	51	37	54	95	63	24	61	68	4	100	35	34	74	24	73	68	19	69	70	69	69	80	61	46	27	48	42	69	88	38	78	34	45	12	92	94	79	84	49	18	18	78	0	67	71	65	14	91	44	31	69	39	5	8	53	38	93	45	64	67	77	89	54	38	
5	25	64	87	39	82	87	30	98	29	15	75	67	96	97	30	62	67	53	39	3	89	99	65	80	47	5	34	7	7	8	47	99	13	78	95	34	58	3	89	90	5	24	92	92	56	11	54	23	39	29	57	79	64	9	62	2	88	5	97	25	54	100	94	27	29	16	87	69	30	13	18	20	81	60	25	4	73	27	67	64	44	4	7	77	5	16	78	70	49	10	87	74	38	9	44	4	94	90	43	4	14	23	94	69	64	99	36	50	88	49	46	64	42	66	15	3	99	47	21	47	88	54	31	99	15	44	57	67	0	29	25	64	20	90	50	8	79	79	29	22	42	99	97	29	96	71	78	96	95	
85	1	5	2	84	42	82	51	10	30	55	78	61	8	61	56	39	98	7	47	3	13	75	77	14	6	38	93	35	28	42	33	20	41	87	3	5	98	23	49	40	77	84	68	38	24	44	49	6	69	32	4	80	56	15	12	71	60	48	56	99	82	7	13	27	79	50	58	34	8	41	35	74	89	42	46	81	83	70	31	34	73	20	90	90	5	40	3	18	25	40	6	77	24	8	43	20	21	41	73	29	15	80	60	21	60	78	90	22	26	21	81	87	8	29	8	56	61	29	50	26	13	91	37	82	78	35	3	71	29	0	77	98	86	54	24	12	45	95	16	98	63	3	40	47	98	83	94	82	45	
36	14	48	3	97	48	9	92	70	27	27	90	71	13	97	65	21	34	72	15	4	22	39	5	48	38	74	41	62	4	18	90	74	6	90	19	13	70	45	15	78	9	61	89	85	13	10	21	65	25	24	62	44	34	70	20	82	59	77	17	32	88	88	62	43	97	11	32	12	41	67	34	87	91	86	61	91	31	19	23	13	46	90	93	84	17	13	10	93	48	40	97	81	10	51	99	57	10	99	20	72	59	83	66	28	56	47	92	1	97	85	76	39	43	85	38	82	18	82	85	92	18	88	90	58	58	1	42	65	25	77	0	88	95	22	46	37	96	74	3	27	44	79	68	49	39	95	1	78	79	
72	9	41	5	81	4	62	30	58	66	76	49	4	18	64	68	61	56	55	7	57	61	41	63	4	57	79	89	78	36	52	59	30	31	22	63	81	28	29	4	2	63	63	45	49	85	30	44	49	2	27	46	97	60	78	57	9	44	54	100	79	58	21	96	8	36	26	47	30	93	42	23	44	15	6	28	23	17	69	46	90	34	2	4	62	13	62	62	92	28	31	48	34	80	1	17	73	55	39	97	20	87	65	72	73	7	32	23	18	73	44	32	7	78	71	76	10	48	1	16	19	68	29	23	83	13	49	78	14	64	98	88	0	68	39	60	25	54	12	46	21	89	61	20	9	98	84	73	7	51	
69	91	85	91	21	34	1	15	18	84	17	38	79	67	68	39	63	36	20	65	68	91	35	47	10	13	17	25	31	2	74	98	32	21	37	10	48	58	93	37	45	9	83	9	84	82	78	63	56	34	29	70	75	9	80	18	71	93	19	81	8	52	74	17	22	97	73	60	6	48	20	17	100	98	54	40	81	28	24	80	57	46	80	39	23	9	30	10	50	64	79	89	38	64	59	32	28	45	36	81	7	75	77	89	6	80	27	99	45	36	8	73	78	45	75	59	11	36	59	38	25	40	50	83	49	9	11	74	91	20	86	95	68	0	57	53	62	61	4	1	71	42	23	15	25	40	69	86	89	77	
39	64	82	1	59	50	36	8	41	38	4	75	47	65	51	37	70	83	84	21	33	69	84	8	20	82	58	26	20	38	83	27	59	51	29	2	19	14	48	12	20	92	90	63	29	46	53	59	28	9	9	67	3	94	51	36	98	82	15	32	27	78	11	36	89	48	48	59	74	16	10	1	34	11	89	36	52	88	78	61	70	51	23	60	25	88	93	4	80	15	75	74	30	81	8	3	19	23	24	41	63	38	3	61	48	8	24	36	84	53	89	46	38	63	39	49	81	77	83	54	51	80	84	13	40	95	48	29	44	90	54	22	39	57	0	20	78	18	31	67	59	20	29	48	76	99	66	76	2	7	
46	7	73	43	44	23	5	10	30	65	70	43	65	28	85	40	48	25	58	99	15	83	25	2	20	38	92	50	100	70	90	23	40	10	64	36	90	59	18	12	60	44	59	12	51	74	87	98	70	76	95	58	73	44	65	81	24	61	10	70	55	80	40	53	67	2	35	8	14	23	88	50	49	81	47	19	50	50	13	44	10	48	87	90	18	64	45	39	97	39	44	55	12	83	7	19	27	39	26	12	22	48	36	12	97	77	24	94	3	16	90	4	99	75	25	65	79	12	65	19	42	41	4	43	79	99	1	26	31	50	24	46	60	53	20	0	1	30	18	65	46	32	16	12	81	11	100	29	96	91	
17	54	56	92	32	61	27	49	37	41	1	93	91	60	81	9	80	57	91	12	41	47	56	41	27	24	44	85	65	82	49	96	100	64	67	33	74	32	51	17	57	45	93	39	65	47	97	86	80	27	63	17	12	23	74	72	35	89	39	35	17	26	25	48	90	69	81	73	46	52	34	40	78	18	27	73	6	84	40	98	97	45	54	44	39	70	22	39	76	99	29	82	28	62	25	54	90	93	73	68	24	87	64	22	48	24	73	56	77	90	23	3	76	31	97	1	12	91	56	53	45	39	81	98	23	7	70	40	69	8	12	37	25	62	78	1	0	66	8	42	35	60	16	93	58	51	73	15	31	59	
75	19	80	16	71	60	13	76	4	75	52	71	15	79	22	59	2	21	46	60	39	59	30	90	73	3	70	57	20	61	6	73	35	64	28	19	46	68	50	42	15	30	57	44	41	76	65	20	22	68	56	63	55	85	66	6	5	24	19	53	3	88	57	21	69	42	42	1	92	17	18	62	78	9	100	23	62	56	48	15	76	15	69	11	70	46	24	11	37	18	48	82	16	53	34	7	77	68	3	95	27	40	82	56	90	69	11	69	86	28	91	95	37	89	62	19	12	10	86	1	56	9	98	38	94	14	99	80	39	79	45	96	54	61	18	30	66	0	95	45	69	23	38	59	53	65	8	4	44	89	
21	10	67	72	40	68	71	64	70	51	59	4	50	81	35	39	39	48	70	100	62	91	48	6	22	8	38	63	8	29	11	20	7	44	62	27	98	66	93	8	91	52	95	15	92	48	30	51	47	92	46	93	43	80	75	61	53	100	88	36	48	8	22	16	25	17	37	63	11	49	78	59	6	33	61	32	66	2	38	78	96	30	54	16	59	28	88	80	47	21	61	2	60	86	54	87	99	65	22	16	92	42	47	54	8	58	8	37	81	75	37	50	94	94	54	97	41	38	35	95	58	87	80	51	17	56	90	75	5	79	95	74	12	4	31	18	8	95	0	43	49	95	44	88	20	94	62	38	71	77	
83	65	76	50	52	41	78	69	25	51	7	31	81	83	75	35	19	19	24	33	85	41	66	70	88	13	83	46	32	5	48	8	78	26	74	82	31	44	73	5	28	53	54	12	40	21	48	66	87	29	23	17	31	9	89	67	68	25	64	76	79	99	91	52	49	79	83	14	20	97	44	39	79	45	30	7	5	15	74	99	16	63	51	64	32	50	2	2	24	27	87	60	42	11	29	60	94	96	34	99	91	12	71	93	95	98	40	26	60	72	52	87	25	12	89	22	16	71	76	91	22	76	41	79	91	17	20	55	8	29	16	3	46	1	67	65	42	45	43	0	52	75	33	41	8	35	76	26	10	3	
64	55	21	51	32	44	4	91	42	31	32	31	67	41	25	23	96	21	94	81	34	93	47	91	85	44	77	77	3	45	63	52	69	68	10	68	30	18	4	73	23	36	99	64	41	34	79	36	70	53	11	78	63	58	75	61	42	74	58	50	88	92	30	78	89	58	8	84	51	16	38	97	12	86	93	25	42	50	73	88	88	97	57	53	39	49	37	57	51	4	39	81	77	97	97	10	62	43	97	32	99	91	90	63	54	99	23	44	35	51	20	55	31	47	15	69	68	93	6	89	22	48	82	10	19	47	50	52	53	22	98	27	21	71	59	46	35	69	49	52	0	84	7	100	1	58	59	16	100	72	
99	87	11	66	8	79	66	99	64	21	54	17	17	40	89	89	35	17	25	91	64	39	10	66	73	47	61	70	12	13	2	37	20	8	67	83	73	44	44	20	67	37	2	85	31	89	58	31	57	77	24	43	13	14	79	74	78	76	90	17	4	76	1	71	41	25	20	60	88	98	60	47	5	34	5	1	33	89	81	81	63	45	53	45	12	28	86	2	75	43	75	89	91	49	96	21	32	73	27	14	59	26	7	75	96	4	69	63	54	56	68	69	29	51	81	23	82	63	46	79	18	33	2	26	77	48	52	78	38	42	63	44	89	42	20	32	60	23	95	75	84	0	95	84	31	77	12	23	5	88	
66	56	83	52	58	47	5	97	69	16	89	36	65	85	74	49	43	81	98	18	100	33	19	34	19	83	46	30	43	73	47	51	66	90	31	45	50	63	62	8	77	35	72	14	67	5	83	75	50	29	18	32	53	5	64	26	70	30	46	55	33	31	3	13	3	18	89	71	16	46	66	78	63	35	23	43	32	80	21	70	81	74	36	79	29	43	86	40	54	79	47	77	45	98	10	14	50	40	73	80	6	7	100	34	3	51	64	1	45	16	20	95	36	2	41	80	77	54	10	5	43	22	6	88	27	82	74	25	93	99	3	79	61	23	29	16	16	38	44	33	7	95	0	70	26	72	86	85	65	22	
28	35	100	36	36	1	48	48	14	37	83	72	47	58	34	8	11	33	58	16	8	64	82	60	70	19	6	59	2	76	19	86	85	3	77	20	76	11	84	89	98	40	67	32	41	68	54	83	55	29	20	50	67	50	37	78	19	59	32	67	84	93	48	26	2	24	78	28	24	47	90	33	36	17	92	55	53	37	77	80	59	48	69	16	59	93	47	82	96	43	45	85	1	48	73	96	19	34	47	10	74	62	64	45	53	98	21	4	82	95	56	26	53	35	62	30	49	22	73	58	25	69	99	36	59	3	19	69	45	97	40	68	20	15	48	12	93	59	88	41	100	84	70	0	63	99	39	47	8	30	
89	68	98	32	61	76	25	81	79	70	2	68	15	92	100	7	2	26	57	77	62	60	37	12	35	28	80	53	5	74	37	83	99	9	73	84	96	1	87	2	29	66	3	59	35	21	77	36	37	90	73	86	42	52	19	12	15	52	45	84	97	50	86	68	91	94	10	51	97	24	91	2	9	22	75	64	99	72	87	43	59	96	52	37	24	75	7	62	26	80	79	11	55	21	30	42	19	45	50	36	61	29	91	59	16	28	26	79	44	5	90	84	45	76	20	25	30	77	5	77	99	75	48	25	6	42	44	89	64	29	47	49	9	25	76	81	58	53	20	8	1	31	26	63	0	35	93	90	59	81	
12	97	1	83	59	47	78	3	95	95	3	15	95	40	21	75	45	40	10	9	63	67	3	89	66	29	27	57	96	61	76	90	45	22	24	25	8	53	12	61	67	2	6	90	85	36	30	91	80	18	65	39	71	46	58	74	57	20	60	96	45	31	35	50	74	94	11	54	74	89	33	40	68	82	17	77	27	89	42	99	28	18	68	52	86	66	61	79	51	30	9	50	3	32	62	66	27	15	11	47	92	51	35	95	21	9	53	22	19	24	100	63	30	62	13	39	73	79	33	91	37	7	85	30	84	64	78	48	67	96	98	39	98	40	99	11	51	65	94	35	58	77	72	99	35	0	44	70	91	37	
75	86	34	32	53	77	71	18	87	18	2	30	70	31	15	14	15	25	83	83	49	25	65	47	82	25	13	9	28	67	99	55	41	17	19	10	77	41	43	52	43	50	92	2	50	7	99	76	99	17	38	75	83	75	74	73	12	6	43	40	64	55	91	51	83	65	38	81	18	92	92	79	87	87	27	50	38	1	33	72	44	65	76	28	70	38	29	58	18	86	21	42	58	19	38	99	38	13	17	93	76	8	39	51	4	87	100	71	18	96	20	75	38	12	59	68	81	61	98	20	19	41	92	16	72	59	7	31	77	71	83	95	84	69	66	100	73	8	62	76	59	12	86	39	93	44	0	53	74	65	
26	57	47	67	4	57	47	36	86	84	9	25	91	54	79	51	1	36	69	46	2	32	2	22	98	38	12	87	46	100	68	28	36	67	14	61	50	77	81	83	29	51	57	35	50	83	23	27	75	55	7	24	27	24	13	67	64	30	7	28	76	15	8	70	68	20	87	28	47	74	65	53	25	93	59	78	21	58	31	95	28	39	16	27	11	84	91	26	16	65	73	13	80	96	36	47	1	77	44	26	69	62	79	25	44	83	61	52	8	53	40	75	55	64	61	64	97	65	28	14	60	30	13	35	16	31	95	87	89	78	94	1	73	86	76	29	15	4	38	26	16	23	85	47	90	70	53	0	82	29	
30	75	99	43	65	58	26	55	8	77	15	19	70	72	89	41	93	76	28	38	23	23	43	24	53	52	92	30	93	97	14	13	61	64	79	31	96	96	67	18	33	69	88	10	72	76	26	23	28	52	88	16	35	98	16	9	4	75	53	30	61	70	61	6	93	25	18	25	10	68	10	82	87	3	59	88	10	70	73	28	72	61	84	6	96	6	17	14	93	96	8	59	2	64	73	4	99	95	21	69	11	72	75	1	72	6	81	38	7	39	70	57	97	7	45	94	40	25	20	68	39	17	19	56	91	20	6	29	54	96	82	78	7	89	2	96	31	44	71	10	100	5	65	8	59	91	74	82	0	67	
53	8	33	35	92	4	86	89	23	1	10	1	17	68	22	4	75	70	56	31	22	22	88	44	50	6	40	76	46	10	73	44	4	3	74	100	88	66	28	98	8	66	42	19	60	11	55	88	10	35	36	64	61	53	10	88	97	29	86	92	75	27	70	13	85	80	59	7	89	2	93	9	98	99	2	62	85	66	72	21	53	2	70	9	26	76	28	70	45	18	61	49	76	62	84	95	23	50	86	2	20	18	24	85	11	46	9	80	27	15	79	54	7	21	51	53	78	31	76	3	92	52	17	36	26	26	37	19	38	95	45	79	51	77	7	91	59	89	77	3	72	88	22	30	81	37	65	29	67	0	
