150
0	718	658	717	608	606	344	857	329	240	49	801	110	168	793	898	418	320	865	104	815	102	883	773	695	251	606	531	768	133	396	703	623	583	394	998	700	183	15	308	623	409	681	210	609	458	45	296	743	184	373	764	754	256	767	449	114	895	659	204	428	245	53	267	745	311	932	927	985	700	914	235	168	875	974	893	968	203	534	573	423	842	832	419	555	442	315	390	971	441	737	154	951	968	496	322	259	358	330	991	32	877	1	415	363	630	839	537	314	441	173	416	284	320	202	686	97	372	47	923	402	63	736	46	930	644	117	563	877	780	914	630	567	419	892	495	921	266	157	319	240	358	762	689	926	168	411	668	492	974	
718	0	906	553	160	539	824	104	884	603	588	23	855	697	749	381	785	244	786	68	97	743	616	974	496	888	917	666	27	76	890	30	13	393	886	887	772	707	136	575	797	155	5	678	530	61	867	268	35	721	5	830	923	781	336	31	996	953	141	721	813	795	577	156	323	219	865	478	310	241	81	963	582	758	47	607	13	425	340	338	599	667	755	884	279	5	477	969	883	384	596	174	819	676	606	757	86	262	844	749	927	412	268	566	774	155	283	67	265	171	207	896	684	648	597	974	590	101	398	133	926	228	256	218	894	369	922	265	823	312	943	301	549	324	342	933	909	2	169	721	20	516	710	574	962	146	675	789	55	590	
658	906	0	733	819	588	55	754	685	661	657	669	442	285	75	170	837	955	913	922	179	916	170	209	106	560	277	663	955	729	392	324	353	722	57	848	882	797	808	537	350	824	620	726	301	384	541	116	6	158	715	359	366	417	285	331	165	245	332	315	719	514	297	930	633	416	988	848	435	106	719	479	861	632	706	247	581	961	80	726	560	560	98	508	886	431	346	583	19	209	163	186	267	469	759	299	238	272	633	573	381	297	164	267	740	643	195	582	880	551	811	136	962	800	494	962	924	971	409	364	124	438	80	995	791	744	121	288	648	970	606	598	881	781	39	780	680	731	663	124	518	82	70	994	245	599	935	817	384	911	
717	553	733	0	674	659	879	924	997	504	506	349	175	945	750	271	125	541	350	963	152	179	788	776	591	233	72	715	641	676	152	987	53	137	961	354	94	876	92	737	121	439	653	291	465	133	376	710	469	216	301	877	296	280	38	41	217	4	445	1000	524	838	300	542	545	258	143	796	299	239	445	263	796	265	727	435	215	374	695	903	518	944	429	482	477	786	582	262	918	39	263	420	703	791	712	616	705	483	676	198	674	395	23	429	430	486	785	644	865	234	51	10	216	13	991	970	920	987	445	791	671	672	475	916	306	968	285	943	662	621	325	679	748	578	557	940	495	270	138	406	303	242	195	736	875	982	803	158	530	289	
608	160	819	674	0	827	757	978	744	988	826	749	153	858	733	377	216	885	287	567	370	181	115	831	592	355	673	401	974	520	864	103	149	400	325	193	757	31	367	713	831	567	949	592	250	376	42	640	548	938	999	861	244	671	514	110	397	28	326	479	662	289	955	412	312	879	143	15	271	74	69	346	477	167	477	684	51	727	700	613	169	556	486	108	24	980	313	68	598	76	404	842	121	479	880	306	240	823	285	546	599	307	696	415	497	66	299	15	931	902	157	751	598	604	348	702	189	164	697	41	912	604	643	704	57	634	359	193	437	609	510	556	628	27	855	55	445	800	766	794	155	302	333	342	93	506	346	17	805	222	
606	539	588	659	827	0	161	965	726	579	708	35	60	9	584	313	447	404	578	27	368	401	162	465	375	698	86	750	107	502	762	809	180	637	935	879	286	258	281	840	463	922	422	17	771	732	364	203	245	865	410	625	945	6	385	215	544	808	468	985	755	951	758	874	588	934	731	95	473	554	178	267	282	112	73	516	790	572	50	765	80	208	85	533	840	58	997	936	247	41	511	893	491	505	944	88	316	124	815	153	254	796	747	676	312	422	342	610	764	473	306	504	473	136	147	79	653	948	853	860	750	494	743	777	291	427	257	371	870	424	426	293	173	544	733	565	489	76	372	365	463	18	805	221	373	146	300	111	871	173	
344	824	55	879	757	161	0	50	283	51	822	157	924	482	85	408	939	184	610	964	667	893	767	886	564	645	393	467	292	77	664	834	315	7	525	409	389	568	172	531	333	424	474	136	72	281	328	725	144	771	945	293	179	200	72	576	835	420	950	628	119	615	43	457	785	102	282	801	425	702	258	784	274	339	385	528	940	24	804	8	98	575	485	206	181	460	244	178	905	189	810	246	253	437	426	283	697	353	752	733	411	122	150	609	667	308	52	805	160	399	408	442	354	44	543	886	473	698	939	613	901	297	598	945	856	94	725	999	482	729	528	851	523	724	441	815	902	45	459	440	116	981	837	450	686	130	759	750	71	522	
857	104	754	924	978	965	50	0	988	416	17	360	961	741	535	420	29	69	636	398	457	37	386	596	666	593	972	533	381	528	408	700	266	536	311	520	956	836	976	195	328	363	276	194	36	347	346	669	298	37	486	568	412	795	838	177	234	375	702	955	619	630	84	602	976	53	438	639	55	418	634	566	70	311	534	423	518	634	562	218	899	992	194	647	593	628	168	724	425	674	514	304	996	465	872	856	423	824	177	183	231	160	406	604	735	426	15	335	128	939	437	259	841	333	519	314	383	896	649	917	998	545	130	772	593	681	20	982	166	289	706	280	917	420	709	163	483	423	7	25	842	756	676	408	539	5	821	987	31	423	
329	884	685	997	744	726	283	988	0	231	788	514	124	404	519	49	390	457	387	478	433	31	866	337	488	333	452	113	323	862	790	891	743	663	96	50	263	525	48	736	962	852	721	12	92	490	512	725	329	557	601	198	15	994	76	970	580	824	798	833	464	68	430	68	20	535	181	606	907	117	153	259	727	431	220	869	136	907	920	308	465	913	734	414	875	266	320	89	838	941	883	492	957	178	17	420	865	874	333	774	49	222	928	615	25	31	676	404	328	470	880	976	158	870	323	16	166	887	204	221	104	892	41	578	994	38	54	788	488	714	881	602	114	528	36	381	693	238	834	42	981	901	334	694	233	683	952	370	583	960	
240	603	661	504	988	579	51	416	231	0	609	687	377	564	193	522	80	401	855	499	561	301	737	475	69	556	804	853	197	83	558	919	253	911	426	688	905	823	861	412	598	655	918	830	586	135	379	93	726	548	162	674	146	869	700	953	426	888	137	886	160	278	832	506	83	884	38	742	86	748	177	559	299	275	253	483	586	156	527	3	60	893	760	225	469	97	692	467	314	246	603	593	439	287	992	452	716	732	320	591	385	361	613	331	15	652	164	805	697	467	148	835	219	150	633	551	754	344	215	162	564	412	578	877	513	22	261	812	714	735	625	836	801	781	233	887	689	755	549	677	399	284	643	581	418	630	804	612	847	724	
49	588	657	506	826	708	822	17	788	609	0	198	750	392	468	405	899	862	75	216	515	180	6	346	29	334	346	525	795	506	614	966	771	565	879	301	410	417	244	499	858	526	796	385	886	791	165	398	842	822	558	553	664	299	719	608	281	72	71	25	801	264	326	15	318	530	900	224	826	521	970	212	526	798	568	407	866	832	246	139	915	962	495	88	236	29	419	974	960	336	724	461	519	542	891	498	271	95	516	940	44	881	615	408	651	528	32	18	395	827	361	949	886	9	895	757	383	644	714	810	459	141	753	608	205	457	70	717	373	682	573	795	617	425	355	823	983	578	628	320	49	704	453	884	474	852	212	615	360	728	
801	23	669	349	749	35	157	360	514	687	198	0	45	222	962	896	590	899	292	443	989	18	161	646	904	19	576	89	430	392	602	439	244	306	579	704	834	503	495	609	119	840	135	407	450	512	676	936	115	886	83	11	610	407	426	568	254	733	522	962	912	325	77	828	520	88	378	306	112	568	718	26	505	190	781	123	803	25	298	61	657	705	291	681	259	700	985	426	653	409	998	603	473	564	536	323	9	362	477	839	31	413	775	543	472	82	778	860	574	72	315	999	294	916	36	590	26	915	445	123	279	103	189	421	849	558	594	35	245	479	317	710	631	39	713	62	806	283	13	680	301	703	776	103	19	126	309	345	437	339	
110	855	442	175	153	60	924	961	124	377	750	45	0	136	491	291	295	919	599	144	723	660	396	213	377	978	567	553	718	213	881	42	683	247	193	351	468	681	956	577	600	47	706	14	227	711	826	64	48	419	169	526	979	629	71	650	110	715	674	267	458	139	991	163	520	416	782	692	656	357	70	390	490	57	905	644	340	852	817	192	548	562	171	228	750	494	419	970	391	120	72	78	770	914	545	835	691	863	680	123	59	156	118	868	764	20	23	583	174	727	848	714	329	859	726	384	195	198	960	271	516	498	576	659	904	754	390	705	676	268	894	46	205	920	467	97	278	560	915	615	497	295	461	886	352	999	265	659	443	246	
168	697	285	945	858	9	482	741	404	564	392	222	136	0	143	168	900	25	386	976	842	364	302	173	307	792	744	692	358	278	877	687	544	172	54	428	508	773	434	412	624	541	228	550	126	166	575	956	81	284	407	831	73	8	754	783	840	699	862	589	517	657	109	621	121	760	383	470	449	705	166	980	811	990	672	687	916	741	328	381	945	732	694	158	52	437	608	63	346	892	425	633	955	967	778	938	762	637	462	93	294	354	754	494	695	418	428	1000	149	547	635	938	805	1	543	191	277	196	195	757	19	452	920	89	144	912	732	56	499	219	859	177	524	8	220	770	645	608	640	248	200	418	190	803	253	130	563	992	674	852	
793	749	75	750	733	584	85	535	519	193	468	962	491	143	0	1000	593	705	98	148	747	596	989	979	142	556	865	759	506	50	748	287	144	453	985	229	791	182	207	316	368	72	31	441	995	213	230	209	211	604	423	684	768	23	414	688	348	508	344	585	625	594	446	600	632	959	612	194	356	943	797	794	473	632	257	177	927	828	714	397	4	734	963	184	376	408	498	258	970	749	527	609	980	74	693	969	698	427	426	847	201	67	626	570	710	419	536	12	884	191	407	140	42	70	125	848	932	705	505	946	824	861	463	880	780	452	410	129	559	704	74	812	181	410	854	819	351	42	235	568	26	248	509	103	150	867	957	957	554	136	
898	381	170	271	377	313	408	420	49	522	405	896	291	168	1000	0	29	7	175	13	840	525	674	886	5	280	341	759	541	722	520	27	202	573	116	229	131	248	881	678	405	717	297	38	917	798	268	358	147	89	733	957	985	217	532	41	677	15	694	448	986	288	274	16	646	329	709	60	871	457	273	360	343	38	505	383	866	507	392	370	502	536	195	868	403	402	132	316	882	621	176	747	210	303	27	903	185	278	51	502	512	221	394	215	522	587	408	286	79	997	848	302	684	853	401	508	469	914	81	849	869	82	565	448	189	101	500	257	611	773	508	877	285	875	732	131	471	507	925	250	162	258	387	856	917	471	16	987	735	288	
418	785	837	125	216	447	939	29	390	80	899	590	295	900	593	29	0	50	814	142	543	620	534	2	29	779	381	206	92	666	391	528	227	912	499	438	942	887	901	971	293	361	937	842	54	542	610	859	445	313	588	764	539	548	38	906	44	945	549	40	213	787	69	518	238	852	449	230	429	880	749	163	483	185	721	195	891	541	193	439	312	973	283	520	142	7	648	564	884	750	303	977	504	425	127	641	875	609	611	911	431	935	659	873	686	877	584	967	197	251	744	947	665	966	515	753	976	636	404	513	828	243	156	138	331	506	596	457	882	1000	586	106	108	764	79	807	605	516	942	639	652	826	622	264	520	60	403	64	202	291	
320	244	955	541	885	404	184	69	457	401	862	899	919	25	705	7	50	0	234	696	4	302	124	666	152	712	398	165	620	975	246	159	12	63	648	146	257	318	178	250	865	473	540	910	510	391	37	844	835	740	418	466	781	177	959	963	190	938	35	374	224	88	663	205	696	512	56	180	433	795	645	865	67	776	330	812	274	391	775	742	356	39	355	47	142	411	685	986	526	296	436	332	374	186	949	941	567	703	645	69	5	292	735	571	258	302	712	306	69	92	946	430	940	620	30	606	847	915	757	953	239	41	577	925	831	716	183	782	266	748	112	685	621	983	808	177	294	373	758	602	390	359	150	371	155	203	619	183	200	899	
865	786	913	350	287	578	610	636	387	855	75	292	599	386	98	175	814	234	0	441	104	265	255	625	452	362	728	182	705	824	671	273	771	10	181	728	355	496	220	124	313	581	422	418	518	497	653	346	691	586	474	431	167	773	625	798	383	119	101	266	942	969	712	63	943	443	494	558	496	111	59	657	466	994	42	360	150	695	352	90	986	165	280	463	732	857	359	734	527	959	779	491	980	125	328	772	994	504	363	171	249	548	555	254	491	598	116	246	268	100	597	85	796	943	789	11	810	7	114	658	635	888	306	185	635	877	725	574	356	322	58	640	821	678	354	235	692	368	834	621	431	528	437	913	255	938	609	746	503	175	
104	68	922	963	567	27	964	398	478	499	216	443	144	976	148	13	142	696	441	0	992	914	100	157	826	107	445	736	25	998	868	104	989	770	677	997	785	968	14	360	294	301	688	956	598	815	910	245	876	611	171	240	314	734	953	91	315	58	503	910	562	460	779	66	322	644	304	1	392	13	345	407	582	301	647	287	794	615	407	273	630	823	432	242	616	165	403	332	45	575	164	1000	890	728	440	273	131	309	751	579	472	745	676	188	924	143	403	121	415	256	106	204	671	798	691	917	651	449	761	527	424	159	33	605	543	921	380	564	15	84	18	778	231	661	944	159	911	617	380	219	607	340	241	304	167	688	615	162	617	640	
815	97	179	152	370	368	667	457	433	561	515	989	723	842	747	840	543	4	104	992	0	516	708	924	821	513	413	739	817	534	627	478	722	432	878	94	681	188	552	662	948	956	804	425	513	913	381	423	684	425	336	700	915	796	380	618	840	562	880	677	6	247	391	551	551	577	16	238	5	857	984	899	168	832	492	445	616	405	785	733	180	836	959	994	338	904	662	872	695	92	319	237	505	199	630	868	331	62	95	750	257	575	543	941	741	203	363	154	305	634	719	298	302	582	712	885	324	249	450	960	139	576	42	283	914	549	435	892	558	287	643	701	413	69	931	708	170	819	122	26	124	931	620	151	219	191	738	132	643	646	
102	743	916	179	181	401	893	37	31	301	180	18	660	364	596	525	620	302	265	914	516	0	953	912	124	278	983	663	184	561	899	455	767	139	117	381	336	11	630	416	929	688	473	980	968	262	777	851	299	216	341	14	485	88	922	666	410	949	776	369	925	141	736	453	463	299	668	293	475	946	663	649	224	75	742	920	855	3	791	629	181	697	753	493	323	206	421	684	420	134	980	681	95	366	665	847	118	471	144	853	166	826	366	824	536	36	723	663	455	403	38	247	707	1	903	280	357	505	595	568	156	400	851	791	7	191	718	963	244	382	17	765	97	242	924	651	313	650	367	311	489	654	204	296	987	985	647	231	530	665	
883	616	170	788	115	162	767	386	866	737	6	161	396	302	989	674	534	124	255	100	708	953	0	827	213	48	340	574	107	861	510	8	194	553	784	760	877	75	427	760	747	506	21	554	345	869	283	291	735	406	760	999	722	516	5	653	115	33	802	724	253	209	787	422	300	28	686	468	789	566	556	379	256	37	511	629	533	554	531	610	590	12	767	905	809	265	254	546	370	551	193	110	838	722	735	929	338	622	424	702	781	80	142	363	691	96	269	327	788	930	509	250	252	661	934	772	532	154	243	897	906	777	641	930	380	193	866	271	730	791	517	180	117	786	641	306	394	612	474	312	772	195	202	378	641	176	212	168	379	911	
773	974	209	776	831	465	886	596	337	475	346	646	213	173	979	886	2	666	625	157	924	912	827	0	285	570	715	393	604	82	921	303	171	274	966	495	350	553	277	740	380	648	775	249	556	481	367	974	770	474	813	886	577	822	287	616	491	277	621	277	255	622	411	313	747	538	132	430	26	162	421	581	95	603	609	638	739	817	131	707	548	794	656	87	798	925	406	236	222	507	352	118	101	836	788	610	97	509	150	492	674	49	694	839	700	701	735	221	272	72	842	721	976	675	355	579	131	62	641	861	405	827	628	36	899	638	434	465	366	645	3	384	982	109	222	624	440	781	827	100	659	391	26	466	135	228	228	434	391	47	
695	496	106	591	592	375	564	666	488	69	29	904	377	307	142	5	29	152	452	826	821	124	213	285	0	41	393	145	349	305	423	900	636	951	501	873	249	811	779	357	6	279	937	278	996	156	420	427	845	125	740	49	414	892	924	651	322	172	929	722	498	840	174	910	364	922	231	811	402	222	317	536	797	423	434	276	273	594	829	897	434	794	768	613	199	332	56	7	559	516	381	287	473	751	155	761	824	611	751	780	727	19	910	742	929	360	51	674	852	77	175	412	855	441	286	364	633	594	647	346	284	304	780	633	323	623	964	542	871	498	277	19	696	52	437	991	850	544	683	353	822	605	810	573	963	386	758	14	76	328	
251	888	560	233	355	698	645	593	333	556	334	19	978	792	556	280	779	712	362	107	513	278	48	570	41	0	177	276	563	447	816	959	870	409	474	133	130	47	449	177	789	232	820	557	401	881	275	65	509	314	357	4	310	701	927	145	430	244	934	734	779	843	759	642	252	660	524	901	80	402	186	309	567	608	641	734	580	258	428	273	92	636	641	120	376	138	962	520	377	656	870	680	317	835	2	393	916	223	228	775	433	923	601	344	669	754	293	610	622	707	91	9	520	371	526	825	802	665	384	1	213	242	280	793	720	215	57	637	855	548	128	707	525	954	390	617	208	151	136	298	148	316	339	787	595	383	308	352	923	466	
606	917	277	72	673	86	393	972	452	804	346	576	567	744	865	341	381	398	728	445	413	983	340	715	393	177	0	63	397	240	444	357	82	460	295	556	670	604	682	578	903	693	519	601	641	447	39	266	166	480	549	363	684	124	368	322	653	772	709	759	155	844	373	333	578	937	763	250	659	11	736	128	830	896	394	938	31	890	795	282	605	329	622	706	263	995	391	874	239	771	475	818	596	416	669	944	266	480	827	244	485	773	192	602	278	558	36	920	581	889	625	289	31	640	967	801	650	409	42	538	879	42	362	238	447	733	804	126	762	112	375	530	595	593	825	794	760	728	115	261	488	37	570	359	654	515	464	200	685	573	
531	666	663	715	401	750	467	533	113	853	525	89	553	692	759	759	206	165	182	736	739	663	574	393	145	276	63	0	819	859	364	401	347	372	613	810	154	854	97	18	47	220	918	951	11	998	347	221	752	951	58	309	735	300	703	989	209	39	313	311	744	117	511	590	231	692	101	975	87	306	399	309	395	242	485	479	494	16	599	709	52	175	539	689	823	192	133	19	747	110	422	456	979	328	160	747	421	22	632	636	875	160	53	793	956	716	969	514	547	846	638	329	566	932	818	706	905	82	990	495	604	788	3	687	979	547	942	472	844	74	494	514	854	369	699	974	480	577	449	239	576	529	70	376	61	112	656	502	583	292	
768	27	955	641	974	107	292	381	323	197	795	430	718	358	506	541	92	620	705	25	817	184	107	604	349	563	397	819	0	810	232	757	106	225	692	799	31	978	291	878	911	686	568	424	85	536	981	169	882	182	919	54	72	63	610	291	489	989	696	592	340	154	974	863	913	895	240	97	772	179	662	346	719	81	910	890	499	485	405	205	343	528	824	285	221	42	416	151	656	160	517	732	19	838	930	864	478	694	409	592	34	250	200	55	568	190	357	314	468	26	534	454	488	790	308	942	990	454	409	825	861	849	975	866	857	237	931	82	660	13	826	836	817	382	986	495	115	702	108	362	425	893	817	994	268	377	267	223	596	5	
133	76	729	676	520	502	77	528	862	83	506	392	213	278	50	722	666	975	824	998	534	561	861	82	305	447	240	859	810	0	597	408	704	217	157	996	117	752	273	356	666	349	656	749	89	560	491	137	903	944	139	832	1000	153	629	659	685	872	907	466	295	956	220	982	673	760	928	649	801	502	948	973	359	838	149	315	89	791	883	901	830	117	203	822	329	284	506	424	393	500	750	69	543	61	375	74	839	917	463	258	179	704	573	903	956	23	560	350	794	108	26	691	446	597	667	490	286	167	216	17	705	892	860	34	68	864	157	429	932	1	250	549	492	525	228	865	257	625	530	502	148	567	945	859	352	399	139	902	477	329	
396	890	392	152	864	762	664	408	790	558	614	602	881	877	748	520	391	246	671	868	627	899	510	921	423	816	444	364	232	597	0	920	149	213	553	611	656	565	701	287	237	262	963	89	547	484	230	687	259	254	235	169	555	599	479	591	206	340	179	76	881	248	931	705	678	701	931	157	134	3	627	948	443	261	164	325	948	98	35	888	469	218	86	439	54	867	717	381	746	250	539	709	155	981	84	356	747	536	577	729	966	550	258	252	903	483	908	845	977	856	715	694	95	847	585	612	909	639	872	353	712	114	644	118	979	261	229	584	876	439	452	640	711	646	3	471	458	135	298	849	456	940	839	130	649	955	13	734	401	572	
703	30	324	987	103	809	834	700	891	919	966	439	42	687	287	27	528	159	273	104	478	455	8	303	900	959	357	401	757	408	920	0	633	13	552	11	377	392	979	407	757	261	642	554	923	209	297	235	758	574	394	240	686	386	42	807	230	218	163	943	826	167	107	362	871	793	931	678	488	697	610	13	389	723	227	305	535	836	252	460	442	688	984	943	530	975	992	417	201	72	117	99	583	351	202	905	323	284	191	971	137	980	160	869	869	467	640	844	167	697	632	506	768	405	717	812	155	984	393	698	391	804	904	62	556	500	693	369	676	309	430	562	893	798	518	576	196	148	497	67	644	585	397	757	471	478	992	695	836	630	
623	13	353	53	149	180	315	266	743	253	771	244	683	544	144	202	227	12	771	989	722	767	194	171	636	870	82	347	106	704	149	633	0	396	849	697	685	434	362	355	144	190	657	180	551	423	83	196	953	866	166	395	886	935	597	429	531	36	869	544	586	960	631	482	600	755	272	503	379	300	109	297	123	596	643	104	687	161	677	893	324	293	175	513	962	768	107	627	648	171	234	538	337	223	246	880	430	589	405	520	782	847	840	273	819	950	469	978	255	622	449	241	103	879	410	391	351	566	925	982	358	723	211	958	500	364	282	988	737	778	889	716	951	793	907	881	930	590	784	354	791	693	552	903	27	145	649	356	189	575	
583	393	722	137	400	637	7	536	663	911	565	306	247	172	453	573	912	63	10	770	432	139	553	274	951	409	460	372	225	217	213	13	396	0	195	413	399	213	434	404	841	878	604	406	375	873	636	316	101	916	550	361	463	987	667	343	221	550	23	648	143	369	402	529	541	493	484	481	515	527	269	963	219	15	428	375	51	956	293	800	680	135	360	826	203	141	8	778	171	745	561	955	43	433	686	54	166	767	714	617	296	315	589	515	255	238	625	311	546	474	246	743	992	121	586	796	781	420	125	51	656	582	677	409	632	351	21	866	520	756	387	198	416	895	466	430	663	923	653	965	886	172	845	442	110	228	525	734	605	256	
394	886	57	961	325	935	525	311	96	426	879	579	193	54	985	116	499	648	181	677	878	117	784	966	501	474	295	613	692	157	553	552	849	195	0	915	809	693	349	2	233	125	901	894	158	452	342	664	703	19	349	243	401	922	198	318	570	174	928	251	449	194	559	662	672	627	217	170	492	152	14	593	829	282	225	299	377	737	548	825	21	863	659	2	615	369	176	853	462	594	687	288	875	634	362	304	356	880	400	722	797	371	993	554	2	176	605	962	764	615	918	966	216	254	339	325	510	338	343	74	847	875	457	587	856	752	173	642	631	707	267	675	676	382	686	877	434	422	312	116	582	254	676	606	991	39	36	301	86	23	
998	887	848	354	193	879	409	520	50	688	301	704	351	428	229	229	438	146	728	997	94	381	760	495	873	133	556	810	799	996	611	11	697	413	915	0	244	380	648	520	847	982	553	795	440	755	292	460	347	796	408	376	478	209	445	180	290	729	120	447	494	850	923	147	694	450	368	616	567	597	887	114	831	807	846	172	827	540	1	340	537	430	994	473	663	248	530	226	243	505	689	985	796	690	995	513	857	331	868	163	753	899	765	783	450	671	710	753	214	781	62	858	27	121	994	953	754	880	826	41	547	651	858	53	454	470	600	689	901	10	889	482	920	47	585	737	41	614	610	804	466	918	188	534	147	381	223	329	784	42	
700	772	882	94	757	286	389	956	263	905	410	834	468	508	791	131	942	257	355	785	681	336	877	350	249	130	670	154	31	117	656	377	685	399	809	244	0	877	256	570	113	755	529	253	654	305	467	570	517	528	477	174	457	595	960	843	716	802	285	357	439	267	969	751	762	753	504	159	94	330	512	352	569	995	456	263	594	15	488	136	853	136	50	65	897	917	746	623	24	260	851	184	23	522	74	833	783	985	310	577	979	545	760	693	204	219	567	469	457	809	935	7	826	90	499	595	22	845	705	287	92	59	550	156	167	890	73	448	702	271	44	645	531	756	728	297	937	626	760	72	836	712	305	888	908	789	816	283	538	547	
183	707	797	876	31	258	568	836	525	823	417	503	681	773	182	248	887	318	496	968	188	11	75	553	811	47	604	854	978	752	565	392	434	213	693	380	877	0	988	34	974	757	662	695	720	410	199	716	45	290	625	186	164	296	760	397	426	137	394	254	907	316	868	617	146	890	151	25	875	600	292	664	695	171	92	979	719	67	299	892	309	747	205	10	183	983	441	359	829	999	221	881	734	156	746	331	253	609	122	4	978	220	160	809	782	444	207	862	487	180	997	530	725	65	328	604	780	969	970	849	811	717	457	32	732	177	67	767	750	417	736	318	215	30	912	468	501	673	535	882	535	14	461	781	31	229	771	208	731	814	
15	136	808	92	367	281	172	976	48	861	244	495	956	434	207	881	901	178	220	14	552	630	427	277	779	449	682	97	291	273	701	979	362	434	349	648	256	988	0	787	129	236	515	479	770	671	962	805	723	587	42	466	278	305	62	412	172	618	281	68	862	190	473	172	629	233	782	397	742	699	21	949	65	240	480	823	609	973	200	714	369	756	774	943	180	90	222	837	350	639	949	959	1	669	868	689	659	4	221	607	342	934	430	287	351	695	420	255	508	415	58	858	704	451	386	959	1000	528	587	442	195	34	612	752	789	540	384	581	749	824	602	656	360	106	58	177	981	744	401	937	179	357	273	611	791	670	449	538	467	700	
308	575	537	737	713	840	531	195	736	412	499	609	577	412	316	678	971	250	124	360	662	416	760	740	357	177	578	18	878	356	287	407	355	404	2	520	570	34	787	0	112	492	35	316	535	989	625	27	380	494	684	909	772	264	828	704	97	76	82	196	812	724	478	583	293	895	528	310	321	97	987	38	923	97	30	196	934	72	893	169	321	159	776	211	300	311	67	872	842	446	614	204	536	865	549	460	669	941	714	611	314	979	185	94	788	916	173	660	584	400	657	896	382	309	938	881	81	606	771	337	998	138	832	581	475	839	912	709	130	526	373	477	605	224	901	307	348	146	518	658	53	765	733	22	844	762	680	880	500	420	
623	797	350	121	831	463	333	328	962	598	858	119	600	624	368	405	293	865	313	294	948	929	747	380	6	789	903	47	911	666	237	757	144	841	233	847	113	974	129	112	0	389	949	676	469	130	418	557	286	143	706	275	505	969	852	90	33	424	470	419	533	259	415	631	888	850	716	395	877	580	369	732	417	586	210	397	377	427	770	503	6	194	179	649	510	494	647	688	69	24	728	224	132	346	123	699	416	22	498	130	326	812	777	210	958	704	441	553	805	547	500	289	264	769	208	131	253	540	280	880	156	655	878	92	847	405	710	596	694	642	775	785	862	154	739	926	98	609	618	479	546	611	137	914	715	789	993	314	223	531	
409	155	824	439	567	922	424	363	852	655	526	840	47	541	72	717	361	473	581	301	956	688	506	648	279	232	693	220	686	349	262	261	190	878	125	982	755	757	236	492	389	0	133	633	511	19	307	294	590	586	607	216	992	854	309	738	475	444	926	591	517	307	300	847	166	801	249	403	479	620	389	125	219	723	631	940	117	502	750	743	818	643	751	247	513	19	978	770	776	356	209	245	128	792	705	274	547	206	372	571	605	848	301	437	122	740	629	816	46	703	134	222	835	927	815	330	614	711	551	76	914	161	733	650	770	39	863	248	113	674	545	491	532	503	825	530	354	503	793	838	603	437	668	692	719	854	437	969	352	420	
681	5	620	653	949	422	474	276	721	918	796	135	706	228	31	297	937	540	422	688	804	473	21	775	937	820	519	918	568	656	963	642	657	604	901	553	529	662	515	35	949	133	0	148	485	51	963	378	891	443	472	999	432	367	190	546	490	164	603	105	19	118	530	449	70	251	970	216	753	864	672	529	387	712	152	473	240	962	466	992	779	75	195	617	131	589	800	653	457	566	842	476	1	691	943	502	599	150	549	530	644	973	765	741	833	374	597	421	683	432	670	462	680	523	63	413	520	139	154	883	536	265	670	324	139	667	924	56	306	388	870	946	14	527	277	455	346	408	426	937	870	324	943	109	986	106	382	898	720	922	
210	678	726	291	592	17	136	194	12	830	385	407	14	550	441	38	842	910	418	956	425	980	554	249	278	557	601	951	424	749	89	554	180	406	894	795	253	695	479	316	676	633	148	0	498	988	126	181	214	919	42	180	259	183	326	446	845	919	918	853	256	25	223	120	223	622	963	582	253	62	578	537	672	473	187	385	610	223	187	163	818	422	725	913	562	994	820	803	66	794	285	287	46	609	551	437	91	657	527	622	864	647	664	223	899	659	88	56	401	814	937	290	41	345	77	855	283	803	739	796	413	35	450	781	359	799	907	984	48	885	309	13	408	928	171	500	480	326	232	239	846	255	613	498	893	320	394	80	469	960	
609	530	301	465	250	771	72	36	92	586	886	450	227	126	995	917	54	510	518	598	513	968	345	556	996	401	641	11	85	89	547	923	551	375	158	440	654	720	770	535	469	511	485	498	0	524	992	375	922	158	528	435	693	963	848	861	497	154	794	582	475	819	864	351	234	762	319	291	11	714	955	365	98	611	436	232	250	942	351	726	391	560	799	419	890	574	509	746	36	857	389	680	126	890	44	824	265	535	455	375	818	526	758	897	784	841	313	284	265	482	297	691	33	913	946	749	493	693	143	368	935	312	695	831	155	613	623	500	113	46	656	106	379	361	394	378	370	299	185	400	797	192	183	407	722	185	330	467	575	223	
458	61	384	133	376	732	281	347	490	135	791	512	711	166	213	798	542	391	497	815	913	262	869	481	156	881	447	998	536	560	484	209	423	873	452	755	305	410	671	989	130	19	51	988	524	0	855	837	746	591	223	996	640	319	185	889	668	432	169	788	136	556	584	446	432	146	835	262	373	607	984	296	520	447	158	675	712	933	676	18	605	407	261	733	93	54	939	257	632	700	626	861	799	471	902	654	970	413	824	542	562	824	444	928	76	412	414	615	447	542	799	223	536	112	178	900	68	658	556	10	597	803	899	293	281	721	694	306	800	541	22	814	596	194	396	389	389	735	395	285	366	563	878	445	450	1	117	256	84	764	
45	867	541	376	42	364	328	346	512	379	165	676	826	575	230	268	610	37	653	910	381	777	283	367	420	275	39	347	981	491	230	297	83	636	342	292	467	199	962	625	418	307	963	126	992	855	0	636	846	509	797	941	956	534	714	928	619	625	841	383	951	283	326	439	913	349	177	708	359	251	532	499	426	76	939	766	320	396	260	708	140	430	681	15	251	710	884	498	327	502	338	867	193	631	155	29	483	498	442	505	36	159	8	638	359	335	269	430	518	533	289	691	947	82	328	162	944	233	917	766	80	143	624	281	613	615	570	87	298	662	568	251	348	114	111	733	117	192	440	652	569	223	556	505	77	463	17	36	636	262	
296	268	116	710	640	203	725	669	725	93	398	936	64	956	209	358	859	844	346	245	423	851	291	974	427	65	266	221	169	137	687	235	196	316	664	460	570	716	805	27	557	294	378	181	375	837	636	0	293	484	508	76	770	745	577	21	555	227	8	87	542	720	463	644	146	154	323	506	539	824	25	466	484	927	785	302	901	999	992	694	749	866	461	484	417	619	822	63	45	460	476	909	754	467	77	13	49	429	280	20	63	346	806	997	362	964	543	606	75	331	274	393	580	290	234	137	148	880	685	230	305	487	14	314	701	121	22	220	940	780	814	829	452	235	128	58	894	784	271	273	740	14	116	263	36	60	338	457	956	279	
743	35	6	469	548	245	144	298	329	726	842	115	48	81	211	147	445	835	691	876	684	299	735	770	845	509	166	752	882	903	259	758	953	101	703	347	517	45	723	380	286	590	891	214	922	746	846	293	0	564	746	86	710	918	908	54	396	426	306	265	593	124	382	481	514	575	855	647	483	105	853	504	418	908	944	226	406	735	453	704	416	461	570	701	920	164	885	894	475	785	975	731	715	930	247	103	520	563	101	909	854	397	715	918	919	716	507	216	258	368	789	665	363	671	167	949	374	712	91	940	694	891	739	296	155	632	416	909	668	573	243	993	848	947	883	638	203	131	601	630	703	629	177	519	577	394	738	655	254	739	
184	721	158	216	938	865	771	37	557	548	822	886	419	284	604	89	313	740	586	611	425	216	406	474	125	314	480	951	182	944	254	574	866	916	19	796	528	290	587	494	143	586	443	919	158	591	509	484	564	0	958	785	862	672	310	712	80	614	160	132	150	683	235	3	345	307	965	194	504	113	306	347	294	126	288	817	522	357	985	970	906	867	272	197	402	121	439	524	122	476	945	947	702	574	764	834	922	174	225	591	901	918	206	272	205	683	75	288	972	890	813	999	370	169	8	351	515	524	312	764	73	730	281	635	677	759	21	871	314	762	742	408	251	937	157	101	79	804	146	299	553	920	165	406	77	470	653	295	711	843	
373	5	715	301	999	410	945	486	601	162	558	83	169	407	423	733	588	418	474	171	336	341	760	813	740	357	549	58	919	139	235	394	166	550	349	408	477	625	42	684	706	607	472	42	528	223	797	508	746	958	0	383	255	422	176	105	116	666	44	399	521	722	969	21	931	953	860	982	785	17	745	997	859	128	207	955	110	227	504	656	254	48	28	613	78	816	990	705	253	341	607	98	985	504	905	150	784	951	975	243	68	213	443	476	383	410	343	597	592	340	993	281	556	126	937	929	873	832	868	488	14	687	990	749	487	414	132	569	304	805	168	770	416	394	816	247	696	653	984	12	819	937	639	912	472	159	488	533	766	508	
764	830	359	877	861	625	293	568	198	674	553	11	526	831	684	957	764	466	431	240	700	14	999	886	49	4	363	309	54	832	169	240	395	361	243	376	174	186	466	909	275	216	999	180	435	996	941	76	86	785	383	0	723	448	313	463	267	26	506	204	728	374	931	84	160	828	154	376	233	933	493	659	691	552	784	464	60	820	915	837	667	591	680	278	609	463	395	277	109	31	83	16	151	12	512	899	967	488	797	208	511	207	879	772	14	145	270	764	623	399	669	463	593	8	789	502	640	70	223	281	556	445	209	156	144	516	71	443	741	792	950	865	216	629	366	951	178	918	86	138	143	855	693	886	914	960	62	2	302	621	
754	923	366	296	244	945	179	412	15	146	664	610	979	73	768	985	539	781	167	314	915	485	722	577	414	310	684	735	72	1000	555	686	886	463	401	478	457	164	278	772	505	992	432	259	693	640	956	770	710	862	255	723	0	626	636	943	612	973	391	594	111	970	450	699	746	176	483	598	111	873	628	936	968	528	52	886	589	819	961	414	591	490	764	837	588	311	350	976	148	718	650	143	66	47	970	655	168	129	127	120	988	425	851	406	663	219	897	99	585	824	160	941	781	322	700	699	98	924	741	190	940	277	324	878	544	710	363	491	768	417	324	693	878	757	445	6	875	272	530	710	642	820	731	407	449	829	648	26	96	753	
256	781	417	280	671	6	200	795	994	869	299	407	629	8	23	217	548	177	773	734	796	88	516	822	892	701	124	300	63	153	599	386	935	987	922	209	595	296	305	264	969	854	367	183	963	319	534	745	918	672	422	448	626	0	907	417	310	41	429	871	592	80	763	685	834	745	226	447	355	942	313	286	212	54	198	399	522	398	467	92	180	844	378	705	951	192	255	857	616	659	445	106	841	148	156	783	856	537	986	261	276	995	367	632	482	262	77	526	799	951	7	876	134	918	353	304	844	342	273	79	955	339	549	87	812	547	765	464	824	240	610	927	921	805	600	955	532	79	39	667	402	582	1000	167	903	164	966	607	850	645	
767	336	285	38	514	385	72	838	76	700	719	426	71	754	414	532	38	959	625	953	380	922	5	287	924	927	368	703	610	629	479	42	597	667	198	445	960	760	62	828	852	309	190	326	848	185	714	577	908	310	176	313	636	907	0	226	409	391	240	540	231	145	317	431	703	236	631	341	453	154	668	850	302	947	714	653	846	147	804	404	741	583	950	1000	382	160	253	921	80	491	851	219	168	832	905	537	310	554	437	344	599	262	519	432	323	279	399	878	608	737	233	493	743	773	435	471	309	85	422	15	389	329	683	240	51	984	632	243	460	747	483	413	269	814	239	39	193	584	389	139	871	230	660	619	611	347	35	555	588	290	
449	31	331	41	110	215	576	177	970	953	608	568	650	783	688	41	906	963	798	91	618	666	653	616	651	145	322	989	291	659	591	807	429	343	318	180	843	397	412	704	90	738	546	446	861	889	928	21	54	712	105	463	943	417	226	0	815	938	694	711	737	261	409	603	761	22	625	518	777	339	119	570	275	609	992	190	732	18	845	264	517	909	619	839	960	589	331	327	736	436	956	182	340	330	520	271	893	192	645	77	190	306	789	874	788	925	328	624	733	261	880	136	646	35	637	826	904	604	402	332	434	29	736	22	773	653	649	461	340	548	424	366	546	195	599	190	577	548	409	151	952	612	849	494	524	517	139	155	123	561	
114	996	165	217	397	544	835	234	580	426	281	254	110	840	348	677	44	190	383	315	840	410	115	491	322	430	653	209	489	685	206	230	531	221	570	290	716	426	172	97	33	475	490	845	497	668	619	555	396	80	116	267	612	310	409	815	0	346	865	493	851	425	782	643	672	973	765	749	31	234	66	766	277	318	102	547	116	579	844	276	901	537	874	274	883	659	876	362	114	153	301	672	48	478	984	816	451	187	895	480	827	643	361	954	825	928	313	545	48	174	436	546	194	479	396	422	742	335	3	692	313	336	137	140	75	953	114	945	284	362	146	998	431	820	939	77	965	167	648	828	605	971	706	698	18	890	67	672	246	366	
895	953	245	4	28	808	420	375	824	888	72	733	715	699	508	15	945	938	119	58	562	949	33	277	172	244	772	39	989	872	340	218	36	550	174	729	802	137	618	76	424	444	164	919	154	432	625	227	426	614	666	26	973	41	391	938	346	0	129	674	438	320	758	704	933	505	469	408	629	628	471	175	651	299	687	56	59	449	515	756	829	736	397	619	990	204	16	65	857	552	742	356	391	743	665	813	469	854	777	677	102	256	174	58	376	145	767	139	859	872	746	96	535	142	524	525	725	604	723	584	353	61	138	649	542	463	717	90	539	88	38	175	245	502	679	32	501	791	73	293	579	50	756	561	155	158	304	889	999	650	
659	141	332	445	326	468	950	702	798	137	71	522	674	862	344	694	549	35	101	503	880	776	802	621	929	934	709	313	696	907	179	163	869	23	928	120	285	394	281	82	470	926	603	918	794	169	841	8	306	160	44	506	391	429	240	694	865	129	0	556	623	53	821	349	882	187	319	889	264	80	823	987	423	836	606	762	193	2	35	6	814	829	281	315	198	130	118	993	207	517	958	698	675	822	432	606	14	780	830	276	7	570	811	98	893	274	952	86	508	168	439	934	719	448	844	845	1000	979	424	47	998	677	288	295	415	602	22	950	422	475	734	327	94	804	868	345	384	424	212	437	585	62	465	728	584	901	163	355	830	766	
204	721	315	1000	479	985	628	955	833	886	25	962	267	589	585	448	40	374	266	910	677	369	724	277	722	734	759	311	592	466	76	943	544	648	251	447	357	254	68	196	419	591	105	853	582	788	383	87	265	132	399	204	594	871	540	711	493	674	556	0	307	193	39	506	152	1	920	116	319	85	114	119	982	146	14	115	410	441	952	540	970	181	209	596	875	534	776	347	717	741	729	100	598	361	897	793	974	433	145	929	651	523	513	185	510	421	822	921	453	834	910	344	562	343	36	459	796	926	616	410	364	251	841	667	963	285	933	188	698	255	216	851	642	976	907	144	166	727	519	645	773	475	362	484	468	299	129	882	652	521	
428	813	719	524	662	755	119	619	464	160	801	912	458	517	625	986	213	224	942	562	6	925	253	255	498	779	155	744	340	295	881	826	586	143	449	494	439	907	862	812	533	517	19	256	475	136	951	542	593	150	521	728	111	592	231	737	851	438	623	307	0	519	107	247	20	253	702	897	134	227	34	181	787	901	305	821	427	305	92	782	226	280	327	587	54	667	767	689	776	193	945	235	903	622	148	654	769	926	978	728	116	418	139	29	700	73	259	242	597	507	821	174	964	850	248	637	993	746	697	671	160	339	968	169	928	389	175	626	874	227	585	384	638	938	704	531	787	84	690	795	175	336	588	606	878	221	535	733	453	7	
245	795	514	838	289	951	615	630	68	278	264	325	139	657	594	288	787	88	969	460	247	141	209	622	840	843	844	117	154	956	248	167	960	369	194	850	267	316	190	724	259	307	118	25	819	556	283	720	124	683	722	374	970	80	145	261	425	320	53	193	519	0	706	79	881	88	888	142	883	3	220	881	295	933	690	625	614	940	624	192	961	621	421	270	886	873	272	22	488	184	860	585	634	649	387	258	332	831	416	442	633	208	82	892	880	691	702	43	226	904	723	730	251	549	820	221	125	989	218	119	433	11	208	435	168	128	795	534	185	137	577	725	707	237	649	43	597	326	644	294	859	797	754	83	276	371	568	566	859	349	
53	577	297	300	955	758	43	84	430	832	326	77	991	109	446	274	69	663	712	779	391	736	787	411	174	759	373	511	974	220	931	107	631	402	559	923	969	868	473	478	415	300	530	223	864	584	326	463	382	235	969	931	450	763	317	409	782	758	821	39	107	706	0	696	271	11	79	106	890	958	693	378	453	303	214	938	407	670	650	41	239	765	533	84	170	169	612	396	634	843	232	888	827	23	337	908	839	332	404	626	853	645	848	49	6	600	141	379	576	61	958	539	526	825	417	366	528	780	133	257	518	39	683	84	587	986	896	446	632	397	946	921	134	605	656	878	400	410	943	324	849	919	770	350	474	569	258	915	518	587	
267	156	930	542	412	874	457	602	68	506	15	828	163	621	600	16	518	205	63	66	551	453	422	313	910	642	333	590	863	982	705	362	482	529	662	147	751	617	172	583	631	847	449	120	351	446	439	644	481	3	21	84	699	685	431	603	643	704	349	506	247	79	696	0	167	642	249	145	453	700	262	460	994	900	672	94	767	917	300	486	134	636	829	654	747	46	440	787	413	146	329	213	439	466	429	456	778	246	394	489	606	897	868	53	857	256	201	127	342	393	823	136	161	712	628	372	626	56	166	178	776	224	789	20	289	763	382	753	55	997	665	823	149	147	253	180	266	890	906	391	317	130	703	675	802	268	189	492	523	482	
745	323	633	545	312	588	785	976	20	83	318	520	520	121	632	646	238	696	943	322	551	463	300	747	364	252	578	231	913	673	678	871	600	541	672	694	762	146	629	293	888	166	70	223	234	432	913	146	514	345	931	160	746	834	703	761	672	933	882	152	20	881	271	167	0	908	340	235	343	301	912	471	167	791	583	646	447	758	483	731	160	865	227	960	176	458	831	212	994	308	958	984	87	512	525	255	693	912	561	725	191	224	927	130	813	978	785	150	381	353	692	639	266	448	312	536	884	443	280	957	160	838	810	820	650	653	641	350	672	956	561	671	384	440	458	977	613	21	705	264	742	42	795	338	568	882	60	549	477	964	
311	219	416	258	879	934	102	53	535	884	530	88	416	760	959	329	852	512	443	644	577	299	28	538	922	660	937	692	895	760	701	793	755	493	627	450	753	890	233	895	850	801	251	622	762	146	349	154	575	307	953	828	176	745	236	22	973	505	187	1	253	88	11	642	908	0	456	349	813	93	95	518	596	812	590	671	179	951	867	288	467	972	249	437	96	138	189	403	867	937	952	627	250	343	599	109	812	805	663	134	519	169	109	5	261	941	13	27	519	408	672	585	912	364	700	38	797	608	287	312	90	294	515	787	505	375	257	584	976	198	863	928	320	763	955	770	909	673	901	97	75	369	208	57	117	608	562	483	564	311	
932	865	988	143	143	731	282	438	181	38	900	378	782	383	612	709	449	56	494	304	16	668	686	132	231	524	763	101	240	928	931	931	272	484	217	368	504	151	782	528	716	249	970	963	319	835	177	323	855	965	860	154	483	226	631	625	765	469	319	920	702	888	79	249	340	456	0	85	687	374	122	420	433	604	587	633	136	449	127	366	755	104	705	939	788	501	622	368	737	775	9	979	225	412	608	172	117	557	959	639	87	372	643	186	358	900	417	832	410	407	256	69	510	837	589	99	132	388	853	180	141	91	800	153	936	820	20	58	923	17	96	511	256	670	530	991	762	519	907	926	384	187	465	524	33	729	909	748	289	386	
927	478	848	796	15	95	801	639	606	742	224	306	692	470	194	60	230	180	558	1	238	293	468	430	811	901	250	975	97	649	157	678	503	481	170	616	159	25	397	310	395	403	216	582	291	262	708	506	647	194	982	376	598	447	341	518	749	408	889	116	897	142	106	145	235	349	85	0	879	155	979	576	350	938	991	757	484	28	294	423	98	460	268	315	672	129	948	903	927	491	754	588	851	635	37	68	923	166	612	472	962	763	27	557	795	813	750	872	321	314	261	640	941	53	448	979	635	249	397	35	183	839	776	570	956	194	106	988	557	137	941	317	48	596	702	675	639	923	596	972	529	500	33	3	665	59	383	31	277	886	
985	310	435	299	271	473	425	55	907	86	826	112	656	449	356	871	429	433	496	392	5	475	789	26	402	80	659	87	772	801	134	488	379	515	492	567	94	875	742	321	877	479	753	253	11	373	359	539	483	504	785	233	111	355	453	777	31	629	264	319	134	883	890	453	343	813	687	879	0	764	980	978	786	193	22	541	576	535	635	501	948	371	753	295	368	596	649	986	452	938	258	397	289	921	232	678	750	982	302	61	394	578	809	679	115	77	759	119	47	725	697	578	856	558	309	81	141	940	975	237	856	207	392	358	738	414	287	684	133	880	16	738	547	238	210	256	115	221	294	344	989	715	708	675	622	416	672	229	101	839	
700	241	106	239	74	554	702	418	117	748	521	568	357	705	943	457	880	795	111	13	857	946	566	162	222	402	11	306	179	502	3	697	300	527	152	597	330	600	699	97	580	620	864	62	714	607	251	824	105	113	17	933	873	942	154	339	234	628	80	85	227	3	958	700	301	93	374	155	764	0	461	926	254	324	504	826	791	408	977	756	722	499	325	510	707	89	880	276	346	209	297	626	138	722	982	282	739	110	226	547	550	340	228	118	576	536	810	203	512	670	885	796	763	287	614	256	120	347	362	603	568	648	370	51	352	601	910	950	442	371	51	523	913	596	171	782	716	580	60	800	548	377	443	774	241	717	122	608	386	403	
914	81	719	445	69	178	258	634	153	177	970	718	70	166	797	273	749	645	59	345	984	663	556	421	317	186	736	399	662	948	627	610	109	269	14	887	512	292	21	987	369	389	672	578	955	984	532	25	853	306	745	493	628	313	668	119	66	471	823	114	34	220	693	262	912	95	122	979	980	461	0	672	469	44	939	576	229	606	849	893	831	2	181	388	397	965	934	802	644	539	216	96	448	205	344	556	24	876	285	322	110	995	986	746	170	544	969	604	911	763	370	178	909	354	780	636	321	140	91	874	570	716	763	989	125	369	332	279	180	892	510	845	826	249	303	225	138	802	419	373	600	40	243	557	536	243	201	892	199	684	
235	963	479	263	346	267	784	566	259	559	212	26	390	980	794	360	163	865	657	407	899	649	379	581	536	309	128	309	346	973	948	13	297	963	593	114	352	664	949	38	732	125	529	537	365	296	499	466	504	347	997	659	936	286	850	570	766	175	987	119	181	881	378	460	471	518	420	576	978	926	672	0	675	218	487	353	262	972	326	585	436	676	240	785	169	251	964	646	667	364	565	595	760	195	482	237	117	366	824	381	500	947	615	502	933	978	458	57	312	972	227	213	697	588	38	482	829	28	252	728	29	196	779	899	953	847	260	810	119	254	558	448	756	521	137	850	57	610	309	707	538	845	452	269	27	702	237	184	851	129	
168	582	861	796	477	282	274	70	727	299	526	505	490	811	473	343	483	67	466	582	168	224	256	95	797	567	830	395	719	359	443	389	123	219	829	831	569	695	65	923	417	219	387	672	98	520	426	484	418	294	859	691	968	212	302	275	277	651	423	982	787	295	453	994	167	596	433	350	786	254	469	675	0	866	696	750	63	941	425	750	264	14	334	482	180	48	932	73	494	549	104	112	347	231	384	51	839	145	888	977	18	333	363	315	129	895	869	366	623	41	159	926	310	344	507	613	648	975	984	813	675	83	760	34	733	16	672	292	203	594	559	43	544	653	923	628	69	713	153	516	844	136	51	514	9	66	839	793	707	316	
875	758	632	265	167	112	339	311	431	275	798	190	57	990	632	38	185	776	994	301	832	75	37	603	423	608	896	242	81	838	261	723	596	15	282	807	995	171	240	97	586	723	712	473	611	447	76	927	908	126	128	552	528	54	947	609	318	299	836	146	901	933	303	900	791	812	604	938	193	324	44	218	866	0	29	125	567	652	665	935	390	56	194	420	272	839	122	595	369	127	40	686	915	609	874	784	700	651	326	873	386	676	267	710	484	181	531	188	602	686	788	101	720	271	240	388	919	368	305	870	660	514	393	179	565	320	409	91	17	840	944	548	552	119	311	459	419	748	618	432	141	531	753	927	202	949	136	708	103	117	
974	47	706	727	477	73	385	534	220	253	568	781	905	672	257	505	721	330	42	647	492	742	511	609	434	641	394	485	910	149	164	227	643	428	225	846	456	92	480	30	210	631	152	187	436	158	939	785	944	288	207	784	52	198	714	992	102	687	606	14	305	690	214	672	583	590	587	991	22	504	939	487	696	29	0	956	287	594	639	399	816	75	100	790	69	931	25	297	946	619	857	146	776	193	255	226	81	471	281	232	211	861	746	715	611	248	7	43	436	194	692	210	800	963	351	169	221	584	357	352	196	92	499	766	806	637	312	722	616	40	482	89	161	495	846	9	122	474	404	117	477	492	698	946	424	911	991	49	460	738	
893	607	247	435	684	516	528	423	869	483	407	123	644	687	177	383	195	812	360	287	445	920	629	638	276	734	938	479	890	315	325	305	104	375	299	172	263	979	823	196	397	940	473	385	232	675	766	302	226	817	955	464	886	399	653	190	547	56	762	115	821	625	938	94	646	671	633	757	541	826	576	353	750	125	956	0	123	47	681	170	174	49	565	287	358	516	77	529	589	3	627	986	801	322	288	830	894	155	819	136	977	535	171	758	854	824	802	161	141	748	882	214	688	532	244	832	129	982	223	473	345	776	630	294	764	926	718	755	507	181	438	247	985	569	615	577	755	236	742	931	594	168	999	814	299	799	676	431	33	769	
968	13	581	215	51	790	940	518	136	586	866	803	340	916	927	866	891	274	150	794	616	855	533	739	273	580	31	494	499	89	948	535	687	51	377	827	594	719	609	934	377	117	240	610	250	712	320	901	406	522	110	60	589	522	846	732	116	59	193	410	427	614	407	767	447	179	136	484	576	791	229	262	63	567	287	123	0	607	408	176	862	533	154	181	132	971	385	261	643	253	96	11	447	820	831	726	382	344	210	498	915	255	420	13	858	333	92	701	956	108	263	185	533	405	846	101	685	168	89	618	340	57	659	869	2	876	144	247	14	617	165	701	172	667	711	752	300	94	367	207	201	791	660	228	719	961	962	941	601	989	
203	425	961	374	727	572	24	634	907	156	832	25	852	741	828	507	541	391	695	615	405	3	554	817	594	258	890	16	485	791	98	836	161	956	737	540	15	67	973	72	427	502	962	223	942	933	396	999	735	357	227	820	819	398	147	18	579	449	2	441	305	940	670	917	758	951	449	28	535	408	606	972	941	652	594	47	607	0	90	492	426	817	65	49	874	428	373	14	467	209	813	883	789	506	528	187	606	247	121	382	54	48	618	841	931	247	175	179	168	65	308	778	171	606	913	797	903	78	532	939	199	175	480	556	420	69	406	438	609	721	761	195	644	294	150	312	336	559	699	593	337	356	895	820	968	207	419	499	664	522	
534	340	80	695	700	50	804	562	920	527	246	298	817	328	714	392	193	775	352	407	785	791	531	131	829	428	795	599	405	883	35	252	677	293	548	1	488	299	200	893	770	750	466	187	351	676	260	992	453	985	504	915	961	467	804	845	844	515	35	952	92	624	650	300	483	867	127	294	635	977	849	326	425	665	639	681	408	90	0	32	150	552	676	737	600	922	212	273	304	491	316	8	908	67	433	130	609	455	994	529	862	638	80	860	177	865	741	576	834	7	944	278	223	223	583	533	423	655	278	290	107	860	7	892	154	619	698	893	148	160	128	734	962	29	706	442	627	958	272	919	618	746	318	536	182	28	873	830	338	714	
573	338	726	903	613	765	8	218	308	3	139	61	192	381	397	370	439	742	90	273	733	629	610	707	897	273	282	709	205	901	888	460	893	800	825	340	136	892	714	169	503	743	992	163	726	18	708	694	704	970	656	837	414	92	404	264	276	756	6	540	782	192	41	486	731	288	366	423	501	756	893	585	750	935	399	170	176	492	32	0	867	7	846	142	179	992	629	636	41	471	98	443	872	932	468	511	269	42	393	766	735	296	962	202	343	301	35	902	930	131	183	469	908	907	201	647	856	425	398	189	973	57	305	183	83	818	790	516	287	755	915	394	474	403	812	431	809	229	239	903	545	788	167	254	817	931	372	272	933	625	
423	599	560	518	169	80	98	899	465	60	915	657	548	945	4	502	312	356	986	630	180	181	590	548	434	92	605	52	343	830	469	442	324	680	21	537	853	309	369	321	6	818	779	818	391	605	140	749	416	906	254	667	591	180	741	517	901	829	814	970	226	961	239	134	160	467	755	98	948	722	831	436	264	390	816	174	862	426	150	867	0	819	319	263	2	834	614	720	865	399	284	72	69	82	66	243	409	479	992	997	673	1000	669	150	930	563	142	33	417	472	337	482	103	854	570	702	123	734	318	456	856	903	254	961	936	532	894	895	865	339	415	210	376	904	265	587	996	777	941	21	396	595	746	216	379	293	758	339	162	963	
842	667	560	944	556	208	575	992	913	893	962	705	562	732	734	536	973	39	165	823	836	697	12	794	794	636	329	175	528	117	218	688	293	135	863	430	136	747	756	159	194	643	75	422	560	407	430	866	461	867	48	591	490	844	583	909	537	736	829	181	280	621	765	636	865	972	104	460	371	499	2	676	14	56	75	49	533	817	552	7	819	0	536	531	119	438	372	314	469	818	342	769	100	368	498	776	546	589	339	565	970	979	499	268	596	822	523	255	590	298	899	550	257	235	860	664	830	276	84	746	243	476	226	999	449	606	778	49	552	841	891	743	917	240	95	55	370	378	43	358	110	323	512	430	776	476	466	143	174	986	
832	755	98	429	486	85	485	194	734	760	495	291	171	694	963	195	283	355	280	432	959	753	767	656	768	641	622	539	824	203	86	984	175	360	659	994	50	205	774	776	179	751	195	725	799	261	681	461	570	272	28	680	764	378	950	619	874	397	281	209	327	421	533	829	227	249	705	268	753	325	181	240	334	194	100	565	154	65	676	846	319	536	0	807	666	458	27	785	969	400	462	759	403	225	658	577	878	676	159	51	918	837	773	340	694	166	194	855	636	477	296	185	737	414	270	460	505	547	133	308	864	145	638	449	238	21	562	404	909	167	474	653	416	973	432	28	534	755	262	222	543	818	518	202	550	591	593	701	952	101	
419	884	508	482	108	533	206	647	414	225	88	681	228	158	184	868	520	47	463	242	994	493	905	87	613	120	706	689	285	822	439	943	513	826	2	473	65	10	943	211	649	247	617	913	419	733	15	484	701	197	613	278	837	705	1000	839	274	619	315	596	587	270	84	654	960	437	939	315	295	510	388	785	482	420	790	287	181	49	737	142	263	531	807	0	516	971	116	493	439	359	747	629	216	965	642	86	984	926	133	451	996	843	631	727	551	574	624	414	950	589	861	823	92	456	718	872	502	374	956	795	538	739	842	896	268	276	829	442	89	630	679	638	88	411	304	169	613	678	70	346	847	234	591	544	661	854	844	309	709	628	
555	279	886	477	24	840	181	593	875	469	236	259	750	52	376	403	142	142	732	616	338	323	809	798	199	376	263	823	221	329	54	530	962	203	615	663	897	183	180	300	510	513	131	562	890	93	251	417	920	402	78	609	588	951	382	960	883	990	198	875	54	886	170	747	176	96	788	672	368	707	397	169	180	272	69	358	132	874	600	179	2	119	666	516	0	97	715	669	571	530	62	814	937	328	90	485	332	683	830	11	707	818	786	832	272	634	853	915	217	68	730	101	527	554	323	200	807	354	926	634	112	771	135	470	899	400	895	236	498	572	484	55	826	77	57	960	58	787	335	609	665	490	899	973	379	167	682	950	565	720	
442	5	431	786	980	58	460	628	266	97	29	700	494	437	408	402	7	411	857	165	904	206	265	925	332	138	995	192	42	284	867	975	768	141	369	248	917	983	90	311	494	19	589	994	574	54	710	619	164	121	816	463	311	192	160	589	659	204	130	534	667	873	169	46	458	138	501	129	596	89	965	251	48	839	931	516	971	428	922	992	834	438	458	971	97	0	715	831	49	623	212	228	540	719	264	238	398	255	751	955	985	624	774	813	782	330	656	529	596	4	117	508	282	723	387	689	143	290	378	262	112	91	620	368	282	365	453	987	273	671	479	431	752	180	505	807	386	319	609	796	680	856	296	697	843	591	133	128	205	337	
315	477	346	582	313	997	244	168	320	692	419	985	419	608	498	132	648	685	359	403	662	421	254	406	56	962	391	133	416	506	717	992	107	8	176	530	746	441	222	67	647	978	800	820	509	939	884	822	885	439	990	395	350	255	253	331	876	16	118	776	767	272	612	440	831	189	622	948	649	880	934	964	932	122	25	77	385	373	212	629	614	372	27	116	715	715	0	60	758	763	746	848	546	206	58	262	43	867	82	141	883	815	568	435	422	86	65	377	976	406	471	890	670	408	627	240	891	767	309	912	982	203	178	79	474	280	388	268	799	891	472	207	927	517	21	987	507	836	673	609	318	150	144	365	850	359	711	724	586	428	
390	969	583	262	68	936	178	724	89	467	974	426	970	63	258	316	564	986	734	332	872	684	546	236	7	520	874	19	151	424	381	417	627	778	853	226	623	359	837	872	688	770	653	803	746	257	498	63	894	524	705	277	976	857	921	327	362	65	993	347	689	22	396	787	212	403	368	903	986	276	802	646	73	595	297	529	261	14	273	636	720	314	785	493	669	831	60	0	757	934	432	368	771	657	8	520	126	358	13	99	619	776	931	20	714	433	972	554	38	879	822	407	116	32	797	512	745	834	269	677	409	903	667	698	630	622	989	133	678	268	742	673	552	637	639	138	928	822	562	666	777	925	169	27	730	748	367	957	428	673	
971	883	19	918	598	247	905	425	838	314	960	653	391	346	970	882	884	526	527	45	695	420	370	222	559	377	239	747	656	393	746	201	648	171	462	243	24	829	350	842	69	776	457	66	36	632	327	45	475	122	253	109	148	616	80	736	114	857	207	717	776	488	634	413	994	867	737	927	452	346	644	667	494	369	946	589	643	467	304	41	865	469	969	439	571	49	758	757	0	980	890	867	137	151	369	419	943	703	144	629	743	643	838	865	48	851	272	582	281	622	866	65	179	21	744	507	448	248	517	710	578	207	27	904	807	108	292	593	747	424	234	898	838	970	786	638	888	279	942	310	482	326	818	103	999	492	647	838	308	496	
441	384	209	39	76	41	189	674	941	246	336	409	120	892	749	621	750	296	959	575	92	134	551	507	516	656	771	110	160	500	250	72	171	745	594	505	260	999	639	446	24	356	566	794	857	700	502	460	785	476	341	31	718	659	491	436	153	552	517	741	193	184	843	146	308	937	775	491	938	209	539	364	549	127	619	3	253	209	491	471	399	818	400	359	530	623	763	934	980	0	519	568	275	887	936	939	622	898	117	329	626	870	897	118	689	813	445	975	501	851	91	309	410	684	156	347	443	908	944	292	888	999	28	769	191	938	817	258	536	177	530	362	565	211	53	560	209	91	14	307	160	176	945	725	56	303	319	812	191	47	
737	596	163	263	404	511	810	514	883	603	724	998	72	425	527	176	303	436	779	164	319	980	193	352	381	870	475	422	517	750	539	117	234	561	687	689	851	221	949	614	728	209	842	285	389	626	338	476	975	945	607	83	650	445	851	956	301	742	958	729	945	860	232	329	958	952	9	754	258	297	216	565	104	40	857	627	96	813	316	98	284	342	462	747	62	212	746	432	890	519	0	730	309	989	941	844	337	211	729	757	861	652	737	652	453	243	597	976	833	621	555	663	250	296	148	150	342	796	86	410	234	921	667	687	504	490	874	271	554	81	845	197	317	314	899	642	849	36	630	752	24	461	23	62	285	37	809	475	351	15	
154	174	186	420	842	893	246	304	492	593	461	603	78	633	609	747	977	332	491	1000	237	681	110	118	287	680	818	456	732	69	709	99	538	955	288	985	184	881	959	204	224	245	476	287	680	861	867	909	731	947	98	16	143	106	219	182	672	356	698	100	235	585	888	213	984	627	979	588	397	626	96	595	112	686	146	986	11	883	8	443	72	769	759	629	814	228	848	368	867	568	730	0	75	574	910	939	978	381	366	583	951	812	26	544	84	697	674	947	117	94	895	480	893	662	558	578	446	852	844	208	181	272	585	640	373	923	160	244	635	733	558	5	618	781	313	736	928	169	547	518	912	406	887	40	882	802	803	595	840	712	
951	819	267	703	121	491	253	996	957	439	519	473	770	955	980	210	504	374	980	890	505	95	838	101	473	317	596	979	19	543	155	583	337	43	875	796	23	734	1	536	132	128	1	46	126	799	193	754	715	702	985	151	66	841	168	340	48	391	675	598	903	634	827	439	87	250	225	851	289	138	448	760	347	915	776	801	447	789	908	872	69	100	403	216	937	540	546	771	137	275	309	75	0	918	24	506	13	516	679	148	609	559	301	278	783	385	571	460	456	304	490	608	180	497	307	405	947	912	644	845	156	998	216	285	756	524	165	238	593	255	684	704	983	708	965	995	227	254	338	822	318	910	796	35	884	259	139	10	53	618	
968	676	469	791	479	505	437	465	178	287	542	564	914	967	74	303	425	186	125	728	199	366	722	836	751	835	416	328	838	61	981	351	223	433	634	690	522	156	669	865	346	792	691	609	890	471	631	467	930	574	504	12	47	148	832	330	478	743	822	361	622	649	23	466	512	343	412	635	921	722	205	195	231	609	193	322	820	506	67	932	82	368	225	965	328	719	206	657	151	887	989	574	918	0	74	478	828	791	457	229	134	933	704	747	189	858	752	641	366	999	20	90	576	54	744	487	887	532	345	875	551	138	149	281	332	607	884	693	273	472	343	184	736	442	408	920	170	486	826	159	887	79	947	83	464	9	239	462	186	362	
496	606	759	712	880	944	426	872	17	992	891	536	545	778	693	27	127	949	328	440	630	665	735	788	155	2	669	160	930	375	84	202	246	686	362	995	74	746	868	549	123	705	943	551	44	902	155	77	247	764	905	512	970	156	905	520	984	665	432	897	148	387	337	429	525	599	608	37	232	982	344	482	384	874	255	288	831	528	433	468	66	498	658	642	90	264	58	8	369	936	941	910	24	74	0	982	935	342	917	785	65	128	340	481	82	68	502	513	494	416	138	277	93	486	475	859	522	872	388	384	942	945	750	814	197	673	847	789	311	1	485	40	577	520	468	505	525	445	684	616	639	534	134	400	50	673	264	114	131	385	
322	757	299	616	306	88	283	856	420	452	498	323	835	938	969	903	641	941	772	273	868	847	929	610	761	393	944	747	864	74	356	905	880	54	304	513	833	331	689	460	699	274	502	437	824	654	29	13	103	834	150	899	655	783	537	271	816	813	606	793	654	258	908	456	255	109	172	68	678	282	556	237	51	784	226	830	726	187	130	511	243	776	577	86	485	238	262	520	419	939	844	939	506	478	982	0	856	205	851	356	85	78	131	842	764	701	243	928	370	217	99	325	733	757	510	684	296	378	860	956	798	95	791	229	6	935	680	764	968	138	442	224	696	110	607	926	608	887	723	874	43	164	742	863	599	196	581	721	186	73	
259	86	238	705	240	316	697	423	865	716	271	9	691	762	698	185	875	567	994	131	331	118	338	97	824	916	266	421	478	839	747	323	430	166	356	857	783	253	659	669	416	547	599	91	265	970	483	49	520	922	784	967	168	856	310	893	451	469	14	974	769	332	839	778	693	812	117	923	750	739	24	117	839	700	81	894	382	606	609	269	409	546	878	984	332	398	43	126	943	622	337	978	13	828	935	856	0	531	281	521	381	764	160	957	674	698	79	470	142	100	663	668	374	803	893	900	442	191	176	80	274	754	958	323	247	427	379	683	285	861	76	488	895	401	667	779	68	82	604	898	337	887	903	732	575	422	679	720	854	303	
358	262	272	483	823	124	353	824	874	732	95	362	863	637	427	278	609	703	504	309	62	471	622	509	611	223	480	22	694	917	536	284	589	767	880	331	985	609	4	941	22	206	150	657	535	413	498	429	563	174	951	488	129	537	554	192	187	854	780	433	926	831	332	246	912	805	557	166	982	110	876	366	145	651	471	155	344	247	455	42	479	589	676	926	683	255	867	358	703	898	211	381	516	791	342	205	531	0	594	467	553	143	402	721	492	718	300	451	372	123	182	370	511	350	534	547	556	790	417	44	539	316	530	790	263	304	259	867	75	163	472	129	484	53	490	328	445	111	546	561	312	955	175	168	260	171	665	971	962	848	
330	844	633	676	285	815	752	177	333	320	516	477	680	462	426	51	611	645	363	751	95	144	424	150	751	228	827	632	409	463	577	191	405	714	400	868	310	122	221	714	498	372	549	527	455	824	442	280	101	225	975	797	127	986	437	645	895	777	830	145	978	416	404	394	561	663	959	612	302	226	285	824	888	326	281	819	210	121	994	393	992	339	159	133	830	751	82	13	144	117	729	366	679	457	917	851	281	594	0	799	955	189	884	550	850	769	889	578	237	218	91	506	797	160	692	255	705	314	175	230	262	321	295	135	601	102	176	84	172	887	414	533	239	262	534	19	865	498	145	316	448	858	392	48	213	455	636	233	739	465	
991	749	573	198	546	153	733	183	774	591	940	839	123	93	847	502	911	69	171	579	750	853	702	492	780	775	244	636	592	258	729	971	520	617	722	163	577	4	607	611	130	571	530	622	375	542	505	20	909	591	243	208	120	261	344	77	480	677	276	929	728	442	626	489	725	134	639	472	61	547	322	381	977	873	232	136	498	382	529	766	997	565	51	451	11	955	141	99	629	329	757	583	148	229	785	356	521	467	799	0	229	424	673	461	446	341	182	158	662	702	141	242	714	141	993	286	193	651	891	404	177	657	369	963	48	801	921	552	757	928	39	732	40	711	323	574	775	346	214	779	67	249	47	715	803	877	641	326	471	509	
32	927	381	674	599	254	411	231	49	385	44	31	59	294	201	512	431	5	249	472	257	166	781	674	727	433	485	875	34	179	966	137	782	296	797	753	979	978	342	314	326	605	644	864	818	562	36	63	854	901	68	511	988	276	599	190	827	102	7	651	116	633	853	606	191	519	87	962	394	550	110	500	18	386	211	977	915	54	862	735	673	970	918	996	707	985	883	619	743	626	861	951	609	134	65	85	381	553	955	229	0	927	982	383	753	971	430	261	822	178	179	527	116	4	803	826	636	915	580	20	207	258	709	585	875	697	74	801	270	558	68	727	544	77	40	68	28	939	850	213	55	112	377	19	540	827	132	554	560	490	
877	412	297	395	307	796	122	160	222	361	881	413	156	354	67	221	935	292	548	745	575	826	80	49	19	923	773	160	250	704	550	980	847	315	371	899	545	220	934	979	812	848	973	647	526	824	159	346	397	918	213	207	425	995	262	306	643	256	570	523	418	208	645	897	224	169	372	763	578	340	995	947	333	676	861	535	255	48	638	296	1000	979	837	843	818	624	815	776	643	870	652	812	559	933	128	78	764	143	189	424	927	0	941	980	714	130	853	622	548	308	168	963	816	217	899	464	293	391	699	529	641	220	511	770	564	490	265	135	450	188	801	336	193	32	899	519	627	973	346	804	662	967	85	75	747	41	128	708	180	19	
1	268	164	23	696	747	150	406	928	613	615	775	118	754	626	394	659	735	555	676	543	366	142	694	910	601	192	53	200	573	258	160	840	589	993	765	760	160	430	185	777	301	765	664	758	444	8	806	715	206	443	879	851	367	519	789	361	174	811	513	139	82	848	868	927	109	643	27	809	228	986	615	363	267	746	171	420	618	80	962	669	499	773	631	786	774	568	931	838	897	737	26	301	704	340	131	160	402	884	673	982	941	0	622	964	489	852	862	778	228	257	971	77	596	558	353	803	671	164	541	869	212	652	716	666	192	171	527	824	566	15	229	930	748	57	553	407	204	59	510	535	121	228	704	947	467	433	957	37	716	
415	566	267	429	415	676	609	604	615	331	408	543	868	494	570	215	873	571	254	188	941	824	363	839	742	344	602	793	55	903	252	869	273	515	554	783	693	809	287	94	210	437	741	223	897	928	638	997	918	272	476	772	406	632	432	874	954	58	98	185	29	892	49	53	130	5	186	557	679	118	746	502	315	710	715	758	13	841	860	202	150	268	340	727	832	813	435	20	865	118	652	544	278	747	481	842	957	721	550	461	383	980	622	0	151	268	862	235	822	420	263	697	360	208	426	979	682	905	818	663	938	245	184	690	930	527	552	897	396	751	379	751	567	780	797	398	432	718	626	201	164	145	333	930	541	687	465	960	771	485	
363	774	740	430	497	312	667	735	25	15	651	472	764	695	710	522	686	258	491	924	741	536	691	700	929	669	278	956	568	956	903	869	819	255	2	450	204	782	351	788	958	122	833	899	784	76	359	362	919	205	383	14	663	482	323	788	825	376	893	510	700	880	6	857	813	261	358	795	115	576	170	933	129	484	611	854	858	931	177	343	930	596	694	551	272	782	422	714	48	689	453	84	783	189	82	764	674	492	850	446	753	714	964	151	0	972	939	573	529	993	283	505	914	789	797	856	640	371	943	37	382	596	679	552	150	121	351	614	435	59	691	435	300	590	990	874	992	280	713	444	317	592	126	615	62	957	485	417	516	757	
630	155	643	486	66	422	308	426	31	652	528	82	20	418	419	587	877	302	598	143	203	36	96	701	360	754	558	716	190	23	483	467	950	238	176	671	219	444	695	916	704	740	374	659	841	412	335	964	716	683	410	145	219	262	279	925	928	145	274	421	73	691	600	256	978	941	900	813	77	536	544	978	895	181	248	824	333	247	865	301	563	822	166	574	634	330	86	433	851	813	243	697	385	858	68	701	698	718	769	341	971	130	489	268	972	0	741	878	251	624	405	230	361	443	426	435	298	145	204	633	696	279	749	302	146	775	241	740	298	879	564	885	595	914	977	455	298	432	343	680	804	290	241	595	929	985	909	611	207	671	
839	283	195	785	299	342	52	15	676	164	32	778	23	428	536	408	584	712	116	403	363	723	269	735	51	293	36	969	357	560	908	640	469	625	605	710	567	207	420	173	441	629	597	88	313	414	269	543	507	75	343	270	897	77	399	328	313	767	952	822	259	702	141	201	785	13	417	750	759	810	969	458	869	531	7	802	92	175	741	35	142	523	194	624	853	656	65	972	272	445	597	674	571	752	502	243	79	300	889	182	430	853	852	862	939	741	0	508	136	66	149	188	160	827	7	667	759	703	509	213	962	529	803	104	825	218	428	686	59	152	754	506	646	509	737	14	151	489	237	301	583	683	345	765	575	612	673	951	205	76	
537	67	582	644	15	610	805	335	404	805	18	860	583	1000	12	286	967	306	246	121	154	663	327	221	674	610	920	514	314	350	845	844	978	311	962	753	469	862	255	660	553	816	421	56	284	615	430	606	216	288	597	764	99	526	878	624	545	139	86	921	242	43	379	127	150	27	832	872	119	203	604	57	366	188	43	161	701	179	576	902	33	255	855	414	915	529	377	554	582	975	976	947	460	641	513	928	470	451	578	158	261	622	862	235	573	878	508	0	42	657	751	809	912	891	487	53	537	978	424	335	321	874	560	301	524	695	855	705	659	629	255	593	609	134	164	4	989	244	957	809	334	216	180	842	282	178	811	658	687	626	
314	265	880	865	931	764	160	128	328	697	395	574	174	149	884	79	197	69	268	415	305	455	788	272	852	622	581	547	468	794	977	167	255	546	764	214	457	487	508	584	805	46	683	401	265	447	518	75	258	972	592	623	585	799	608	733	48	859	508	453	597	226	576	342	381	519	410	321	47	512	911	312	623	602	436	141	956	168	834	930	417	590	636	950	217	596	976	38	281	501	833	117	456	366	494	370	142	372	237	662	822	548	778	822	529	251	136	42	0	135	554	813	135	617	586	771	174	314	574	433	893	607	158	54	224	870	667	852	979	536	535	841	249	200	197	631	461	802	897	174	544	647	704	967	434	40	651	428	412	609	
441	171	551	234	902	473	399	939	470	467	827	72	727	547	191	997	251	92	100	256	634	403	930	72	77	707	889	846	26	108	856	697	622	474	615	781	809	180	415	400	547	703	432	814	482	542	533	331	368	890	340	399	824	951	737	261	174	872	168	834	507	904	61	393	353	408	407	314	725	670	763	972	41	686	194	748	108	65	7	131	472	298	477	589	68	4	406	879	622	851	621	94	304	999	416	217	100	123	218	702	178	308	228	420	993	624	66	657	135	0	280	503	149	969	586	857	467	894	730	372	12	566	733	83	550	555	600	432	52	879	250	286	146	673	377	272	339	462	632	889	800	843	631	334	268	842	555	489	262	692	
173	207	811	51	157	306	408	437	880	148	361	315	848	635	407	848	744	946	597	106	719	38	509	842	175	91	625	638	534	26	715	632	449	246	918	62	935	997	58	657	500	134	670	937	297	799	289	274	789	813	993	669	160	7	233	880	436	746	439	910	821	723	958	823	692	672	256	261	697	885	370	227	159	788	692	882	263	308	944	183	337	899	296	861	730	117	471	822	866	91	555	895	490	20	138	99	663	182	91	141	179	168	257	263	283	405	149	751	554	280	0	712	879	319	614	428	716	181	246	477	837	687	328	206	751	353	948	790	894	466	850	674	769	76	681	668	300	316	604	131	93	747	743	829	916	228	888	419	692	943	
416	896	136	10	751	504	442	259	976	835	949	999	714	938	140	302	947	430	85	204	298	247	250	721	412	9	289	329	454	691	694	506	241	743	966	858	7	530	858	896	289	222	462	290	691	223	691	393	665	999	281	463	941	876	493	136	546	96	934	344	174	730	539	136	639	585	69	640	578	796	178	213	926	101	210	214	185	778	278	469	482	550	185	823	101	508	890	407	65	309	663	480	608	90	277	325	668	370	506	242	527	963	971	697	505	230	188	809	813	503	712	0	297	716	215	917	149	564	289	285	697	158	987	86	117	304	355	870	275	54	994	867	271	153	807	560	87	226	474	418	238	122	563	908	755	59	148	951	679	204	
284	684	962	216	598	473	354	841	158	219	886	294	329	805	42	684	665	940	796	671	302	707	252	976	855	520	31	566	488	446	95	768	103	992	216	27	826	725	704	382	264	835	680	41	33	536	947	580	363	370	556	593	781	134	743	646	194	535	719	562	964	251	526	161	266	912	510	941	856	763	909	697	310	720	800	688	533	171	223	908	103	257	737	92	527	282	670	116	179	410	250	893	180	576	93	733	374	511	797	714	116	816	77	360	914	361	160	912	135	149	879	297	0	524	102	703	321	382	57	815	754	233	391	568	685	993	226	802	470	438	846	486	742	763	691	685	193	178	579	693	252	670	349	430	15	145	931	775	584	431	
320	648	800	13	604	136	44	333	870	150	9	916	859	1	70	853	966	620	943	798	582	1	661	675	441	371	640	932	790	597	847	405	879	121	254	121	90	65	451	309	769	927	523	345	913	112	82	290	671	169	126	8	322	918	773	35	479	142	448	343	850	549	825	712	448	364	837	53	558	287	354	588	344	271	963	532	405	606	223	907	854	235	414	456	554	723	408	32	21	684	296	662	497	54	486	757	803	350	160	141	4	217	596	208	789	443	827	891	617	969	319	716	524	0	657	903	640	818	511	760	618	319	977	262	313	322	485	25	377	206	269	591	137	55	269	207	431	563	23	553	268	670	869	745	410	861	215	981	355	126	
202	597	494	991	348	147	543	519	323	633	895	36	726	543	125	401	515	30	789	691	712	903	934	355	286	526	967	818	308	667	585	717	410	586	339	994	499	328	386	938	208	815	63	77	946	178	328	234	167	8	937	789	700	353	435	637	396	524	844	36	248	820	417	628	312	700	589	448	309	614	780	38	507	240	351	244	846	913	583	201	570	860	270	718	323	387	627	797	744	156	148	558	307	744	475	510	893	534	692	993	803	899	558	426	797	426	7	487	586	586	614	215	102	657	0	142	845	68	446	360	891	154	395	93	515	827	907	657	28	233	476	723	184	426	757	540	609	940	452	53	932	959	458	251	290	66	5	932	836	483	
686	974	962	970	702	79	886	314	16	551	757	590	384	191	848	508	753	606	11	917	885	280	772	579	364	825	801	706	942	490	612	812	391	796	325	953	595	604	959	881	131	330	413	855	749	900	162	137	949	351	929	502	699	304	471	826	422	525	845	459	637	221	366	372	536	38	99	979	81	256	636	482	613	388	169	832	101	797	533	647	702	664	460	872	200	689	240	512	507	347	150	578	405	487	859	684	900	547	255	286	826	464	353	979	856	435	667	53	771	857	428	917	703	903	142	0	829	502	568	82	193	21	322	181	258	782	940	841	319	723	768	463	931	54	797	389	676	584	217	783	381	564	710	558	135	32	240	168	371	348	
97	590	924	920	189	653	473	383	166	754	383	26	195	277	932	469	976	847	810	651	324	357	532	131	633	802	650	905	990	286	909	155	351	781	510	754	22	780	1000	81	253	614	520	283	493	68	944	148	374	515	873	640	98	844	309	904	742	725	1000	796	993	125	528	626	884	797	132	635	141	120	321	829	648	919	221	129	685	903	423	856	123	830	505	502	807	143	891	745	448	443	342	446	947	887	522	296	442	556	705	193	636	293	803	682	640	298	759	537	174	467	716	149	321	640	845	829	0	45	423	84	127	70	758	259	694	910	866	834	253	360	766	980	835	958	753	893	305	503	435	310	916	64	390	564	27	887	426	426	731	787	
372	101	971	987	164	948	698	896	887	344	644	915	198	196	705	914	636	915	7	449	249	505	154	62	594	665	409	82	454	167	639	984	566	420	338	880	845	969	528	606	540	711	139	803	693	658	233	880	712	524	832	70	924	342	85	604	335	604	979	926	746	989	780	56	443	608	388	249	940	347	140	28	975	368	584	982	168	78	655	425	734	276	547	374	354	290	767	834	248	908	796	852	912	532	872	378	191	790	314	651	915	391	671	905	371	145	703	978	314	894	181	564	382	818	68	502	45	0	356	732	769	944	271	966	23	698	523	563	339	152	181	18	44	107	711	718	559	183	322	605	113	281	130	100	77	97	953	329	137	826	
47	398	409	445	697	853	939	649	204	215	714	445	960	195	505	81	404	757	114	761	450	595	243	641	647	384	42	990	409	216	872	393	925	125	343	826	705	970	587	771	280	551	154	739	143	556	917	685	91	312	868	223	741	273	422	402	3	723	424	616	697	218	133	166	280	287	853	397	975	362	91	252	984	305	357	223	89	532	278	398	318	84	133	956	926	378	309	269	517	944	86	844	644	345	388	860	176	417	175	891	580	699	164	818	943	204	509	424	574	730	246	289	57	511	446	568	423	356	0	598	705	508	80	895	579	522	937	804	420	203	127	486	68	425	133	256	833	193	208	317	843	852	696	730	223	542	215	373	632	870	
923	133	364	791	41	860	613	917	221	162	810	123	271	757	946	849	513	953	658	527	960	568	897	861	346	1	538	495	825	17	353	698	982	51	74	41	287	849	442	337	880	76	883	796	368	10	766	230	940	764	488	281	190	79	15	332	692	584	47	410	671	119	257	178	957	312	180	35	237	603	874	728	813	870	352	473	618	939	290	189	456	746	308	795	634	262	912	677	710	292	410	208	845	875	384	956	80	44	230	404	20	529	541	663	37	633	213	335	433	372	477	285	815	760	360	82	84	732	598	0	673	415	867	176	941	430	282	599	667	550	148	343	758	920	442	378	332	691	285	256	555	987	814	949	54	151	710	750	377	7	
402	926	124	671	912	750	901	998	104	564	459	279	516	19	824	869	828	239	635	424	139	156	906	405	284	213	879	604	861	705	712	391	358	656	847	547	92	811	195	998	156	914	536	413	935	597	80	305	694	73	14	556	940	955	389	434	313	353	998	364	160	433	518	776	160	90	141	183	856	568	570	29	675	660	196	345	340	199	107	973	856	243	864	538	112	112	982	409	578	888	234	181	156	551	942	798	274	539	262	177	207	641	869	938	382	696	962	321	893	12	837	697	754	618	891	193	127	769	705	673	0	799	356	409	150	914	108	15	908	475	478	335	607	555	221	308	884	828	886	639	632	186	836	687	292	527	107	739	432	399	
63	228	438	672	604	494	297	545	892	412	141	103	498	452	861	82	243	41	888	159	576	400	777	827	304	242	42	788	849	892	114	804	723	582	875	651	59	717	34	138	655	161	265	35	312	803	143	487	891	730	687	445	277	339	329	29	336	61	677	251	339	11	39	224	838	294	91	839	207	648	716	196	83	514	92	776	57	175	860	57	903	476	145	739	771	91	203	903	207	999	921	272	998	138	945	95	754	316	321	657	258	220	212	245	596	279	529	874	607	566	687	158	233	319	154	21	70	944	508	415	799	0	300	974	334	582	673	825	155	375	610	48	290	6	806	494	674	280	574	66	472	434	822	166	472	15	989	629	888	438	
736	256	80	475	643	743	598	130	41	578	753	189	576	920	463	565	156	577	306	33	42	851	641	628	780	280	362	3	975	860	644	904	211	677	457	858	550	457	612	832	878	733	670	450	695	899	624	14	739	281	990	209	324	549	683	736	137	138	288	841	968	208	683	789	810	515	800	776	392	370	763	779	760	393	499	630	659	480	7	305	254	226	638	842	135	620	178	667	27	28	667	585	216	149	750	791	958	530	295	369	709	511	652	184	679	749	803	560	158	733	328	987	391	977	395	322	758	271	80	867	356	300	0	616	542	621	499	298	422	299	645	486	586	399	912	488	805	159	476	281	175	220	101	569	343	407	916	410	131	682	
46	218	995	916	704	777	945	772	578	877	608	421	659	89	880	448	138	925	185	605	283	791	930	36	633	793	238	687	866	34	118	62	958	409	587	53	156	32	752	581	92	650	324	781	831	293	281	314	296	635	749	156	878	87	240	22	140	649	295	667	169	435	84	20	820	787	153	570	358	51	989	899	34	179	766	294	869	556	892	183	961	999	449	896	470	368	79	698	904	769	687	640	285	281	814	229	323	790	135	963	585	770	716	690	552	302	104	301	54	83	206	86	568	262	93	181	259	966	895	176	409	974	616	0	318	739	661	128	220	882	895	615	819	582	931	237	100	347	764	857	719	287	81	867	627	789	747	799	321	720	
930	894	791	306	57	291	856	593	994	513	205	849	904	144	780	189	331	831	635	543	914	7	380	899	323	720	447	979	857	68	979	556	500	632	856	454	167	732	789	475	847	770	139	359	155	281	613	701	155	677	487	144	544	812	51	773	75	542	415	963	928	168	587	289	650	505	936	956	738	352	125	953	733	565	806	764	2	420	154	83	936	449	238	268	899	282	474	630	807	191	504	373	756	332	197	6	247	263	601	48	875	564	666	930	150	146	825	524	224	550	751	117	685	313	515	258	694	23	579	941	150	334	542	318	0	709	174	378	762	691	46	470	685	86	291	759	202	871	853	693	193	962	948	44	392	302	585	586	55	690	
644	369	744	968	634	427	94	681	38	22	457	558	754	912	452	101	506	716	877	921	549	191	193	638	623	215	733	547	237	864	261	500	364	351	752	470	890	177	540	839	405	39	667	799	613	721	615	121	632	759	414	516	710	547	984	653	953	463	602	285	389	128	986	763	653	375	820	194	414	601	369	847	16	320	637	926	876	69	619	818	532	606	21	276	400	365	280	622	108	938	490	923	524	607	673	935	427	304	102	801	697	490	192	527	121	775	218	695	870	555	353	304	993	322	827	782	910	698	522	430	914	582	621	739	709	0	855	725	35	218	970	612	665	289	887	909	574	881	356	679	557	233	49	393	456	718	87	363	978	6	
117	922	121	285	359	257	725	20	54	261	70	594	390	732	410	500	596	183	725	380	435	718	866	434	964	57	804	942	931	157	229	693	282	21	173	600	73	67	384	912	710	863	924	907	623	694	570	22	416	21	132	71	363	765	632	649	114	717	22	933	175	795	896	382	641	257	20	106	287	910	332	260	672	409	312	718	144	406	698	790	894	778	562	829	895	453	388	989	292	817	874	160	165	884	847	680	379	259	176	921	74	265	171	552	351	241	428	855	667	600	948	355	226	485	907	940	866	523	937	282	108	673	499	661	174	855	0	856	555	645	89	416	907	575	472	794	944	611	307	910	479	621	933	817	275	966	139	21	754	657	
563	265	288	943	193	371	999	982	788	812	717	35	705	56	129	257	457	782	574	564	892	963	271	465	542	637	126	472	82	429	584	369	988	866	642	689	448	767	581	709	596	248	56	984	500	306	87	220	909	871	569	443	491	464	243	461	945	90	950	188	626	534	446	753	350	584	58	988	684	950	279	810	292	91	722	755	247	438	893	516	895	49	404	442	236	987	268	133	593	258	271	244	238	693	789	764	683	867	84	552	801	135	527	897	614	740	686	705	852	432	790	870	802	25	657	841	834	563	804	599	15	825	298	128	378	725	856	0	221	771	440	948	324	614	596	219	573	386	858	785	116	261	905	601	60	284	214	693	302	569	
877	823	648	662	437	870	482	166	488	714	373	245	676	499	559	611	882	266	356	15	558	244	730	366	871	855	762	844	660	932	876	676	737	520	631	901	702	750	749	130	694	113	306	48	113	800	298	940	668	314	304	741	768	824	460	340	284	539	422	698	874	185	632	55	672	976	923	557	133	442	180	119	203	17	616	507	14	609	148	287	865	552	909	89	498	273	799	678	747	536	554	635	593	273	311	968	285	75	172	757	270	450	824	396	435	298	59	659	979	52	894	275	470	377	28	319	253	339	420	667	908	155	422	220	762	35	555	221	0	256	4	585	468	997	105	545	688	333	26	659	56	670	798	447	273	527	234	967	353	466	
780	312	970	621	609	424	729	289	714	735	682	479	268	219	704	773	1000	748	322	84	287	382	791	645	498	548	112	74	13	1	439	309	778	756	707	10	271	417	824	526	642	674	388	885	46	541	662	780	573	762	805	792	417	240	747	548	362	88	475	255	227	137	397	997	956	198	17	137	880	371	892	254	594	840	40	181	617	721	160	755	339	841	167	630	572	671	891	268	424	177	81	733	255	472	1	138	861	163	887	928	558	188	566	751	59	879	152	629	536	879	466	54	438	206	233	723	360	152	203	550	475	375	299	882	691	218	645	771	256	0	774	784	344	403	923	342	854	910	880	972	678	112	734	372	505	740	816	588	390	889	
914	943	606	325	510	426	528	706	881	625	573	317	894	859	74	508	586	112	58	18	643	17	517	3	277	128	375	494	826	250	452	430	889	387	267	889	44	736	602	373	775	545	870	309	656	22	568	814	243	742	168	950	324	610	483	424	146	38	734	216	585	577	946	665	561	863	96	941	16	51	510	558	559	944	482	438	165	761	128	915	415	891	474	679	484	479	472	742	234	530	845	558	684	343	485	442	76	472	414	39	68	801	15	379	691	564	754	255	535	250	850	994	846	269	476	768	766	181	127	148	478	610	645	895	46	970	89	440	4	774	0	135	946	592	298	13	258	984	894	312	749	501	801	530	436	434	755	534	461	191	
630	301	598	679	556	293	851	280	602	836	795	710	46	177	812	877	106	685	640	778	701	765	180	384	19	707	530	514	836	549	640	562	716	198	675	482	645	318	656	477	785	491	946	13	106	814	251	829	993	408	770	865	693	927	413	366	998	175	327	851	384	725	921	823	671	928	511	317	738	523	845	448	43	548	89	247	701	195	734	394	210	743	653	638	55	431	207	673	898	362	197	5	704	184	40	224	488	129	533	732	727	336	229	751	435	885	506	593	841	286	674	867	486	591	723	463	980	18	486	343	335	48	486	615	470	612	416	948	585	784	135	0	87	357	421	42	815	234	287	519	454	43	396	629	262	266	507	836	524	954	
567	549	881	748	628	173	523	917	114	801	617	631	205	524	181	285	108	621	821	231	413	97	117	982	696	525	595	854	817	492	711	893	951	416	676	920	531	215	360	605	862	532	14	408	379	596	348	452	848	251	416	216	878	921	269	546	431	245	94	642	638	707	134	149	384	320	256	48	547	913	826	756	544	552	161	985	172	644	962	474	376	917	416	88	826	752	927	552	838	565	317	618	983	736	577	696	895	484	239	40	544	193	930	567	300	595	646	609	249	146	769	271	742	137	184	931	835	44	68	758	607	290	586	819	685	665	907	324	468	344	946	87	0	99	444	960	477	735	503	273	253	985	73	216	698	354	679	91	660	160	
419	324	781	578	27	544	724	420	528	781	425	39	920	8	410	875	764	983	678	661	69	242	786	109	52	954	593	369	382	525	646	798	793	895	382	47	756	30	106	224	154	503	527	928	361	194	114	235	947	937	394	629	757	805	814	195	820	502	804	976	938	237	605	147	440	763	670	596	238	596	249	521	653	119	495	569	667	294	29	403	904	240	973	411	77	180	517	637	970	211	314	781	708	442	520	110	401	53	262	711	77	32	748	780	590	914	509	134	200	673	76	153	763	55	426	54	958	107	425	920	555	6	399	582	86	289	575	614	997	403	592	357	99	0	319	198	898	273	494	773	82	504	527	53	897	558	866	995	869	186	
892	342	39	557	855	733	441	709	36	233	355	713	467	220	854	732	79	808	354	944	931	924	641	222	437	390	825	699	986	228	3	518	907	466	686	585	728	912	58	901	739	825	277	171	394	396	111	128	883	157	816	366	445	600	239	599	939	679	868	907	704	649	656	253	458	955	530	702	210	171	303	137	923	311	846	615	711	150	706	812	265	95	432	304	57	505	21	639	786	53	899	313	965	408	468	607	667	490	534	323	40	899	57	797	990	977	737	164	197	377	681	807	691	269	757	797	753	711	133	442	221	806	912	931	291	887	472	596	105	923	298	421	444	319	0	196	893	25	300	726	200	105	822	888	106	647	748	631	873	981	
495	933	780	940	55	565	815	163	381	887	823	62	97	770	819	131	807	177	235	159	708	651	306	624	991	617	794	974	495	865	471	576	881	430	877	737	297	468	177	307	926	530	455	500	378	389	733	58	638	101	247	951	6	955	39	190	77	32	345	144	531	43	878	180	977	770	991	675	256	782	225	850	628	459	9	577	752	312	442	431	587	55	28	169	960	807	987	138	638	560	642	736	995	920	505	926	779	328	19	574	68	519	553	398	874	455	14	4	631	272	668	560	685	207	540	389	893	718	256	378	308	494	488	237	759	909	794	219	545	342	13	42	960	198	196	0	646	636	691	388	835	183	8	116	321	980	764	549	802	693	
921	909	680	495	445	489	902	483	693	689	983	806	278	645	351	471	605	294	692	911	170	313	394	440	850	208	760	480	115	257	458	196	930	663	434	41	937	501	981	348	98	354	346	480	370	389	117	894	203	79	696	178	875	532	193	577	965	501	384	166	787	597	400	266	613	909	762	639	115	716	138	57	69	419	122	755	300	336	627	809	996	370	534	613	58	386	507	928	888	209	849	928	227	170	525	608	68	445	865	775	28	627	407	432	992	298	151	989	461	339	300	87	193	431	609	676	305	559	833	332	884	674	805	100	202	574	944	573	688	854	258	815	477	898	893	646	0	809	358	144	792	157	684	77	466	960	525	676	348	577	
266	2	731	270	800	76	45	423	238	755	578	283	560	608	42	507	516	373	368	617	819	650	612	781	544	151	728	577	702	625	135	148	590	923	422	614	626	673	744	146	609	503	408	326	299	735	192	784	131	804	653	918	272	79	584	548	167	791	424	727	84	326	410	890	21	673	519	923	221	580	802	610	713	748	474	236	94	559	958	229	777	378	755	678	787	319	836	822	279	91	36	169	254	486	445	887	82	111	498	346	939	973	204	718	280	432	489	244	802	462	316	226	178	563	940	584	503	183	193	691	828	280	159	347	871	881	611	386	333	910	984	234	735	273	25	636	809	0	117	860	53	441	328	670	737	560	337	501	425	222	
157	169	663	138	766	372	459	7	834	549	628	13	915	640	235	925	942	758	834	380	122	367	474	827	683	136	115	449	108	530	298	497	784	653	312	610	760	535	401	518	618	793	426	232	185	395	440	271	601	146	984	86	530	39	389	409	648	73	212	519	690	644	943	906	705	901	907	596	294	60	419	309	153	618	404	742	367	699	272	239	941	43	262	70	335	609	673	562	942	14	630	547	338	826	684	723	604	546	145	214	850	346	59	626	713	343	237	957	897	632	604	474	579	23	452	217	435	322	208	285	886	574	476	764	853	356	307	858	26	880	894	287	503	494	300	691	358	117	0	915	198	426	733	174	736	554	45	909	237	864	
319	721	124	406	794	365	440	25	42	677	320	680	615	248	568	250	639	602	621	219	26	311	312	100	353	298	261	239	362	502	849	67	354	965	116	804	72	882	937	658	479	838	937	239	400	285	652	273	630	299	12	138	710	667	139	151	828	293	437	645	795	294	324	391	264	97	926	972	344	800	373	707	516	432	117	931	207	593	919	903	21	358	222	346	609	796	609	666	310	307	752	518	822	159	616	874	898	561	316	779	213	804	510	201	444	680	301	809	174	889	131	418	693	553	53	783	310	605	317	256	639	66	281	857	693	679	910	785	659	972	312	519	273	773	726	388	144	860	915	0	816	757	721	180	536	376	451	631	77	347	
240	20	518	303	155	463	116	842	981	399	49	301	497	200	26	162	652	390	431	607	124	489	772	659	822	148	488	576	425	148	456	644	791	886	582	466	836	535	179	53	546	603	870	846	797	366	569	740	703	553	819	143	642	402	871	952	605	579	585	773	175	859	849	317	742	75	384	529	989	548	600	538	844	141	477	594	201	337	618	545	396	110	543	847	665	680	318	777	482	160	24	912	318	887	639	43	337	312	448	67	55	662	535	164	317	804	583	334	544	800	93	238	252	268	932	381	916	113	843	555	632	472	175	719	193	557	479	116	56	678	749	454	253	82	200	835	792	53	198	816	0	698	580	947	900	201	143	667	113	54	
358	516	82	242	302	18	981	756	901	284	704	703	295	418	248	258	826	359	528	340	931	654	195	391	605	316	37	529	893	567	940	585	693	172	254	918	712	14	357	765	611	437	324	255	192	563	223	14	629	920	937	855	820	582	230	612	971	50	62	475	336	797	919	130	42	369	187	500	715	377	40	845	136	531	492	168	791	356	746	788	595	323	818	234	490	856	150	925	326	176	461	406	910	79	534	164	887	955	858	249	112	967	121	145	592	290	683	216	647	843	747	122	670	670	959	564	64	281	852	987	186	434	220	287	962	233	621	261	670	112	501	43	985	504	105	183	157	441	426	757	698	0	292	929	133	360	155	590	996	879	
762	710	70	195	333	805	837	676	334	643	453	776	461	190	509	387	622	150	437	241	620	204	202	26	810	339	570	70	817	945	839	397	552	845	676	188	305	461	273	733	137	668	943	613	183	878	556	116	177	165	639	693	731	1000	660	849	706	756	465	362	588	754	770	703	795	208	465	33	708	443	243	452	51	753	698	999	660	895	318	167	746	512	518	591	899	296	144	169	818	945	23	887	796	947	134	742	903	175	392	47	377	85	228	333	126	241	345	180	704	631	743	563	349	869	458	710	390	130	696	814	836	822	101	81	948	49	933	905	798	734	801	396	73	527	822	8	684	328	733	721	580	292	0	315	999	825	904	589	998	981	
689	574	994	736	342	221	450	408	694	581	884	103	886	803	103	856	264	371	913	304	151	296	378	466	573	787	359	376	994	859	130	757	903	442	606	534	888	781	611	22	914	692	109	498	407	445	505	263	519	406	912	886	407	167	619	494	698	561	728	484	606	83	350	675	338	57	524	3	675	774	557	269	514	927	946	814	228	820	536	254	216	430	202	544	973	697	365	27	103	725	62	40	35	83	400	863	732	168	48	715	19	75	704	930	615	595	765	842	967	334	829	908	430	745	251	558	564	100	730	949	687	166	569	867	44	393	817	601	447	372	530	629	216	53	888	116	77	670	174	180	947	929	315	0	145	19	199	107	458	832	
926	962	245	875	93	373	686	539	233	418	474	19	352	253	150	917	520	155	255	167	219	987	641	135	963	595	654	61	268	352	649	471	27	110	991	147	908	31	791	844	715	719	986	893	722	450	77	36	577	77	472	914	449	903	611	524	18	155	584	468	878	276	474	802	568	117	33	665	622	241	536	27	9	202	424	299	719	968	182	817	379	776	550	661	379	843	850	730	999	56	285	882	884	464	50	599	575	260	213	803	540	747	947	541	62	929	575	282	434	268	916	755	15	410	290	135	27	77	223	54	292	472	343	627	392	456	275	60	273	505	436	262	698	897	106	321	466	737	736	536	900	133	999	145	0	726	778	293	841	295	
168	146	599	982	506	146	130	5	683	630	852	126	999	130	867	471	60	203	938	688	191	985	176	228	386	383	515	112	377	399	955	478	145	228	39	381	789	229	670	762	789	854	106	320	185	1	463	60	394	470	159	960	829	164	347	517	890	158	901	299	221	371	569	268	882	608	729	59	416	717	243	702	66	949	911	799	961	207	28	931	293	476	591	854	167	591	359	748	492	303	37	802	259	9	673	196	422	171	455	877	827	41	467	687	957	985	612	178	40	842	228	59	145	861	66	32	887	97	542	151	527	15	407	789	302	718	966	284	527	740	434	266	354	558	647	980	960	560	554	376	201	360	825	19	726	0	947	383	453	942	
411	675	935	803	346	300	759	821	952	804	212	309	265	563	957	16	403	619	609	615	738	647	212	228	758	308	464	656	267	139	13	992	649	525	36	223	816	771	449	680	993	437	382	394	330	117	17	338	738	653	488	62	648	966	35	139	67	304	163	129	535	568	258	189	60	562	909	383	672	122	201	237	839	136	991	676	962	419	873	372	758	466	593	844	682	133	711	367	647	319	809	803	139	239	264	581	679	665	636	641	132	128	433	465	485	909	673	811	651	555	888	148	931	215	5	240	426	953	215	710	107	989	916	747	585	87	139	214	234	816	755	507	679	866	748	764	525	337	45	451	143	155	904	199	778	947	0	355	71	17	
668	789	817	158	17	111	750	987	370	612	615	345	659	992	957	987	64	183	746	162	132	231	168	434	14	352	200	502	223	902	734	695	356	734	301	329	283	208	538	880	314	969	898	80	467	256	36	457	655	295	533	2	26	607	555	155	672	889	355	882	733	566	915	492	549	483	748	31	229	608	892	184	793	708	49	431	941	499	830	272	339	143	701	309	950	128	724	957	838	812	475	595	10	462	114	721	720	971	233	326	554	708	957	960	417	611	951	658	428	489	419	951	775	981	932	168	426	329	373	750	739	629	410	799	586	363	21	693	967	588	534	836	91	995	631	549	676	501	909	631	667	590	589	107	293	383	355	0	856	547	
492	55	384	530	805	871	71	31	583	847	360	437	443	674	554	735	202	200	503	617	643	530	379	391	76	923	685	583	596	477	401	836	189	605	86	784	538	731	467	500	223	352	720	469	575	84	636	956	254	711	766	302	96	850	588	123	246	999	830	652	453	859	518	523	477	564	289	277	101	386	199	851	707	103	460	33	601	664	338	933	162	174	952	709	565	205	586	428	308	191	351	840	53	186	131	186	854	962	739	471	560	180	37	771	516	207	205	687	412	262	692	679	584	355	836	371	731	137	632	377	432	888	131	321	55	978	754	302	353	390	461	524	660	869	873	802	348	425	237	77	113	996	998	458	841	453	71	856	0	670	
974	590	911	289	222	173	522	423	960	724	728	339	246	852	136	288	291	899	175	640	646	665	911	47	328	466	573	292	5	329	572	630	575	256	23	42	547	814	700	420	531	420	922	960	223	764	262	279	739	843	508	621	753	645	290	561	366	650	766	521	7	349	587	482	964	311	386	886	839	403	684	129	316	117	738	769	989	522	714	625	963	986	101	628	720	337	428	673	496	47	15	712	618	362	385	73	303	848	465	509	490	19	716	485	757	671	76	626	609	692	943	204	431	126	483	348	787	826	870	7	399	438	682	720	690	6	657	569	466	889	191	954	160	186	981	693	577	222	864	347	54	879	981	832	295	942	17	547	670	0	
