50
0	5	3	4	28	29.2746	28.2843	29	26.6271	33.6006	30.8869	29.7321	100.807	97.5295	102.357	95.901	68.593	75.6902	70.7672	73.6614	169	166.012	169.012	166	74.0608	71.1126	74.108	71.0634	92.0978	86.3134	90.7855	87.6926	196.087	192.658	196.42	192.317	80.2808	82.3286	81.0555	81.5659	93.5094	98.4937	96.5401	95.5249	104.043	103.484	104.48	103.044	133.54	128.16	
5	0	4	3	24.1868	25.02	24.0208	25.1794	21.9545	28.8444	26.4008	24.8395	104.235	100.663	105.537	99.2975	63.6553	70.7248	65.8559	68.6804	173.026	170.003	173.003	170.026	78.2304	75.0067	78.0064	75.2396	97.0824	91.2853	95.7758	92.6553	198.91	195.433	199.223	195.113	75.4321	77.4661	76.2168	76.6942	88.6172	93.6056	91.6788	90.6091	108	107.229	108.227	107	136.125	130	
3	4	0	5	28.1603	29.0172	28.0179	29.1548	24.2074	31.241	28.3019	27.5862	100.285	96.7729	101.637	95.352	66.4831	73.6614	68.593	71.7008	169.027	166.003	169.003	166.027	74.2428	71.007	74.0068	71.2531	94.1116	88.3912	92.7631	89.8053	195.113	191.651	195.433	191.324	77.9872	80.0562	78.7464	79.3095	91.2853	96.2601	94.2603	93.3488	104	103.238	104.235	103	132.401	126.57	
4	3	5	0	24	25.318	24.3311	25	24.5967	31.3847	29.1548	27.2029	104.738	101.39	106.231	99.8248	65.8559	72.8354	68.1175	70.7248	173	170.012	173.012	170	78.0577	75.1066	78.1025	75.06	95.1315	89.2749	93.8616	90.6091	199.865	196.42	200.192	196.087	77.801	79.8123	78.6003	79.0253	90.9065	95.901	94.0213	92.8493	108.042	107.466	108.462	107.042	137.233	131.548	
28	24.1868	28.1603	24	0	4.12311	4	1	25.5539	28.1603	29.9666	23.4094	128.413	124.74	129.634	123.471	52.9245	58.5918	55.7136	55.9464	197	194.01	197.01	194	102.044	99.0808	102.078	99.0454	114.586	108.453	113.534	109.554	222.697	219.173	222.991	218.874	66.1287	67.7791	67.0671	66.8506	77.8203	82.7345	81.4371	79.177	132.034	131.381	132.378	131.034	159.703	152.502	
29.2746	25.02	29.0172	25.318	4.12311	0	1	4	22.8035	24.6982	26.9258	20.1246	128.876	124.952	129.877	123.911	48.8467	54.5894	51.6236	51.9711	198.04	195.01	198.01	195.041	103.238	100	103	100.245	117.597	111.503	116.503	112.645	222.524	218.961	222.8	218.68	62.0322	63.6946	62.9682	62.7694	73.7902	78.7147	77.3886	75.1798	133.004	132.136	133.135	132.004	159.399	151.638	
28.2843	24.0208	28.0179	24.3311	4	1	0	4.12311	22.2036	24.3516	26.4197	19.6977	127.883	123.968	128.891	122.919	49.2443	55.0727	52	52.4786	197.041	194.01	197.01	194.041	102.24	99	102	99.2472	116.765	110.68	115.663	111.83	221.563	218.002	221.84	217.72	62.3939	64.0781	63.3246	63.1585	74.2428	79.177	77.8203	75.6637	132.004	131.137	132.136	131.004	158.446	150.735	
29	25.1794	29.1548	25	1	4	4.12311	0	26.0768	28.4605	30.4138	23.7697	129.402	125.718	130.614	124.459	52.5547	58.1378	55.3624	55.4707	198	195.01	198.01	195	103.044	100.08	103.078	100.045	115.434	109.293	114.39	110.386	223.654	220.127	223.946	219.829	65.7875	67.4166	66.7308	66.4831	77.3886	82.2922	81.0247	78.7147	133.034	132.378	133.375	132.034	160.649	153.395	
26.6271	21.9545	24.2074	24.5967	25.5539	22.8035	22.2036	26.0768	0	7.07107	5	5	114.039	109.073	114.07	109.041	42.638	50	44.5982	48.2597	185.311	182.102	185.084	182.332	92.4446	87.8635	90.802	89.56	118.089	112.45	116.692	113.899	204.57	200.878	204.783	200.661	53.8145	55.9017	54.5619	55.1725	67.1789	72.1388	70.0928	69.3109	120.507	118.609	119.604	119.52	141.223	131.674	
33.6006	28.8444	31.241	31.3847	28.1603	24.6982	24.3516	28.4605	7.07107	0	5	5	119.269	114.004	119.004	114.28	35.609	43.0116	37.5366	41.3401	190.919	187.673	190.646	187.949	98.6712	93.8616	96.7729	95.8175	125.16	119.52	123.762	120.967	208.492	204.749	208.677	204.561	46.7547	48.8365	47.5079	48.1041	60.1082	65.0692	63.0317	62.2415	126.301	124.169	125.16	125.32	145.169	134.715	
30.8869	26.4008	28.3019	29.1548	29.9666	26.9258	26.4197	30.4138	5	5	0	7.07107	114.28	109.005	114.004	109.293	39.6611	47.1699	41.4005	45.6508	185.97	182.718	185.691	183.003	93.9202	89.0225	91.9239	91.0824	121.655	116.103	120.216	117.593	203.578	199.842	203.767	199.65	50.2096	52.345	50.9117	51.6624	63.7024	68.6222	66.468	65.9469	121.396	119.218	120.208	120.416	140.246	129.973	
29.7321	24.8395	27.5862	27.2029	23.4094	20.1246	19.6977	23.7697	5	5	7.07107	0	119.038	114.07	119.067	114.039	38.8973	46.0977	41.0366	44.2041	190.276	187.072	190.055	187.297	97.2677	92.7631	95.7079	94.3716	121.696	115.974	120.341	117.38	209.461	205.76	209.669	205.548	50.6063	52.6308	51.4004	51.8556	63.7809	68.7677	66.8431	65.7951	125.447	123.584	124.579	124.459	146.113	136.356	
100.807	104.235	100.285	104.738	128.413	128.876	127.883	129.402	114.039	119.269	114.28	119.038	0	8.60233	7	5	150.03	157.496	150.659	156.895	72.5328	69.1231	72.0347	69.6419	33.3017	31.7648	29.1548	35.609	85.44	85.9069	83.5703	87.7268	97.5295	94.5145	98.0051	94.0213	156.042	158.24	156.32	157.965	168.885	172.977	170.135	171.747	16.7631	9.84886	10.2956	16.4924	40.8044	50.8035	
97.5295	100.663	96.7729	101.39	124.74	124.952	123.968	125.718	109.073	114.004	109.005	114.07	8.60233	0	5	7	143.851	151.251	144.361	150.765	79.3788	75.8947	78.7464	76.5506	35.2278	31.8277	29.7321	37.0135	90.5207	90.4765	88.6002	92.358	99.0051	95.7549	99.4032	95.3415	149.402	151.585	149.646	151.344	162.086	166.087	163.218	164.976	25.0799	18.3576	18.868	24.6982	38.9487	45.2217	
102.357	105.537	101.637	106.231	129.634	129.877	128.891	130.614	114.07	119.004	114.004	119.067	7	5	0	8.60233	148.788	156.179	149.282	155.708	74.6726	71.1688	74	71.8679	38.2884	35.609	33.3017	40.3113	92.0272	92.3093	90.1388	94.1541	94.4299	91.236	94.8472	90.802	154.26	156.438	154.496	156.205	166.904	170.88	168.003	169.8	23.5372	16.4924	16.7631	23.3452	35.3836	43.9318	
95.901	99.2975	95.352	99.8248	123.471	123.911	122.919	124.459	109.041	114.28	109.293	114.039	5	7	8.60233	0	145.134	152.611	145.784	151.99	77.3692	73.9797	76.9025	74.4648	29.7321	27.4591	25	31.8277	83.8153	83.9345	81.9085	85.7963	101.966	98.8838	102.421	98.4124	151.242	153.444	151.529	153.16	164.125	168.244	165.412	166.979	18.868	12.7279	13.4536	18.3576	43.9318	51.923	
68.593	63.6553	66.4831	65.8559	52.9245	48.8467	49.2443	52.5547	42.638	35.609	39.6611	38.8973	150.03	143.851	148.788	145.134	0	7.61577	3	7	222.463	219.1	222.032	219.538	132.62	127.224	130.035	129.865	160.59	154.871	159.226	156.272	233.549	229.63	233.619	229.558	13.3417	14.8661	14.3178	13.9284	25.2389	30.2324	28.6531	27.0185	158.808	155.955	156.924	157.851	171.026	157.277	
75.6902	70.7248	73.6614	72.8354	58.5918	54.5894	55.0727	58.1378	50	43.0116	47.1699	46.0977	157.496	151.251	156.179	152.611	7.61577	0	7	3	229.957	226.586	229.513	227.035	140.236	134.833	137.641	137.481	167.765	162.003	166.424	163.38	240.352	236.415	240.408	236.358	10.7703	11.1803	11.7047	10.198	19.3132	24.1661	23.0868	20.5913	166.379	163.487	164.454	165.424	178	163.884	
70.7672	65.8559	68.593	68.1175	55.7136	51.6236	52	55.3624	44.5982	37.5366	41.4005	41.0366	150.659	144.361	149.282	145.784	3	7	0	7.61577	223.143	219.764	222.686	220.227	133.825	128.316	131.103	131.095	162.659	156.978	161.276	158.398	233.362	229.428	233.42	229.369	10.4403	12.083	11.4018	11.1803	22.8035	27.8029	26.0768	24.7588	159.703	156.732	157.696	158.751	171	156.924	
73.6614	68.6804	71.7008	70.7248	55.9464	51.9711	52.4786	55.4707	48.2597	41.3401	45.6508	44.2041	156.895	150.765	155.708	151.99	7	3	7.61577	0	229.297	225.942	228.878	226.367	139.086	133.795	136.624	136.308	165.759	159.962	164.438	161.32	240.533	236.611	240.601	236.542	13.6015	14.1421	14.5602	13.1529	22.1359	26.9258	25.9615	23.2594	165.52	162.742	163.713	164.56	178.025	164.222	
169	173.026	169.027	173	197	198.04	197.041	198	185.311	190.919	185.97	190.276	72.5328	79.3788	74.6726	77.3692	222.463	229.957	223.143	229.297	0	3.60555	2	3	95.0474	98.0816	95.0842	98.0459	117.137	121.314	116.108	122.299	66.9403	67.082	67.9117	66.0984	228.569	230.766	228.843	230.495	241.373	245.422	242.563	244.246	65.0692	66.7533	65.7647	66.0681	69.4262	92.0978	
166.012	170.003	166.003	170.012	194.01	195.01	194.01	195.01	182.102	187.673	182.718	187.072	69.1231	75.8947	71.1688	73.9797	219.1	226.586	219.764	225.942	3.60555	0	3	2	92.1358	95.0211	92.0217	95.1315	115.663	119.708	114.586	120.739	65.8027	65.7343	66.7608	64.7611	225.142	227.337	225.411	227.07	237.924	241.961	239.098	240.801	62.0081	63.5059	62.514	63.0079	65.9469	88.6172	
169.012	173.003	169.003	173.012	197.01	198.01	197.01	198.01	185.084	190.646	185.691	190.055	72.0347	78.7464	74	76.9025	222.032	229.513	222.686	228.878	2	3	0	3.60555	95.1315	98.0204	95.0211	98.1275	118.191	122.299	117.137	123.309	65	65.1153	65.9697	64.1327	228.035	230.228	228.3	229.965	240.801	244.826	241.961	243.68	65.0077	66.4831	65.4905	66.0076	67.9412	90.6091	
166	170.026	166.027	170	194	195.041	194.041	195	182.332	187.949	183.003	187.297	69.6419	76.5506	71.8679	74.4648	219.538	227.035	220.227	226.367	3	2	3.60555	0	92.0489	95.0842	92.0869	95.0474	114.586	118.701	113.534	119.708	67.72	67.6831	68.6804	66.7083	225.683	227.882	225.96	227.607	238.504	242.563	239.708	241.373	62.0725	63.7887	62.8013	63.0714	67.4759	90.1388	
74.0608	78.2304	74.2428	78.0577	102.044	103.238	102.24	103.044	92.4446	98.6712	93.9202	97.2677	33.3017	35.2278	38.2884	29.7321	132.62	140.236	133.825	139.086	95.0474	92.1358	95.1315	92.0489	0	7.61577	7	3	58.2151	57.0701	56.2228	59.0339	130.173	127.318	130.698	126.779	140.89	143.126	141.354	142.667	154.353	158.902	156.285	157.003	30.5941	31.7805	32.6956	29.6142	73.6614	79.6241	
71.1126	75.0067	71.007	75.1066	99.0808	100	99	100.08	87.8635	93.8616	89.0225	92.7631	31.7648	31.8277	35.609	27.4591	127.224	134.833	128.316	133.795	98.0816	95.0211	98.0204	95.0842	7.61577	0	3	7	65.0308	63.5059	63.0317	65.4905	129.294	126.27	129.769	125.782	135.085	137.321	135.518	136.894	148.476	152.958	150.296	151.169	33.0151	32.5576	33.541	32.0156	70.7672	74.793	
74.108	78.0064	74.0068	78.1025	102.078	103	102	103.078	90.802	96.7729	91.9239	95.7079	29.1548	29.7321	33.3017	25	130.035	137.641	131.103	136.624	95.0842	92.0217	95.0211	92.0869	7	3	0	7.61577	65.192	63.9531	63.1981	65.9242	126.657	123.665	127.142	123.167	137.801	140.036	138.224	139.617	151.169	155.631	152.958	153.873	30.0167	29.6142	30.5941	29.0172	68.593	73.3553	
71.0634	75.2396	71.2531	75.06	99.0454	100.245	99.2472	100.045	89.56	95.8175	91.0824	94.3716	35.609	37.0135	40.3113	31.8277	129.865	137.481	131.095	136.308	98.0459	95.1315	98.1275	95.0474	3	7	7.61577	0	58.0345	56.5685	56.0357	58.5491	132.74	129.85	133.255	129.321	138.235	140.471	138.708	140.004	151.717	156.285	153.681	154.353	33.541	34.5398	35.4683	32.5576	75.6902	80.9506	
92.0978	97.0824	94.1116	95.1315	114.586	117.597	116.765	115.434	118.089	125.16	121.655	121.696	85.44	90.5207	92.0272	83.8153	160.59	167.765	162.659	165.759	117.137	115.663	118.191	114.586	58.2151	65.0308	65.192	58.0345	0	6.32456	2	6	171.266	169.331	172.003	168.582	171.84	173.954	172.557	173.243	185.262	190.213	188.112	187.395	72.9452	78.721	79.1581	72.4707	125.24	135.724	
86.3134	91.2853	88.3912	89.2749	108.453	111.503	110.68	109.293	112.45	119.52	116.103	115.974	85.9069	90.4765	92.3093	83.9345	154.871	162.003	156.978	159.962	121.314	119.708	122.299	118.701	57.0701	63.5059	63.9531	56.5685	6.32456	0	6	2	173.954	171.898	174.668	171.172	166.244	168.345	166.973	167.622	179.627	184.589	182.521	181.728	74.3303	79.7559	80.2621	73.7835	126.178	135.68	
90.7855	95.7758	92.7631	93.8616	113.534	116.503	115.663	114.39	116.692	123.762	120.216	120.341	83.5703	88.6002	90.1388	81.9085	159.226	166.424	161.276	164.438	116.108	114.586	117.137	113.534	56.2228	63.0317	63.1981	56.0357	2	6	0	6.32456	169.8	167.836	170.532	167.093	170.414	172.534	171.126	171.828	183.853	188.799	186.682	186.003	71.1969	76.922	77.3692	70.7107	123.438	133.81	
87.6926	92.6553	89.8053	90.6091	109.554	112.645	111.83	110.386	113.899	120.967	117.593	117.38	87.7268	92.358	94.1541	85.7963	156.272	163.38	158.398	161.32	122.299	120.739	123.309	119.708	59.0339	65.4905	65.9242	58.5491	6	2	6.32456	0	175.385	173.358	176.105	172.627	167.705	169.8	168.44	169.071	181.069	186.035	183.984	183.153	76.0066	81.4923	81.9878	75.4718	127.941	137.568	
196.087	198.91	195.113	199.865	222.697	222.524	221.563	223.654	204.57	208.492	203.578	209.461	97.5295	99.0051	94.4299	101.966	233.549	240.352	233.362	240.533	66.9403	65.8027	65	67.72	130.173	129.294	126.657	132.74	171.266	173.954	169.8	175.385	0	4.12311	1	4	236.019	238.008	236.008	238.019	247.051	250.162	247.164	250.05	102.005	98.737	97.9081	102.801	63.3482	77.1038	
192.658	195.433	191.651	196.42	219.173	218.961	218.002	220.127	200.878	204.749	199.842	205.76	94.5145	95.7549	91.236	98.8838	229.63	236.415	229.428	236.611	67.082	65.7343	65.1153	67.6831	127.318	126.27	123.665	129.85	169.331	171.898	167.836	173.358	4.12311	0	4	1	232.034	234.019	232.019	234.034	243.033	246.13	243.132	246.033	99.4887	96.0208	95.2103	100.265	59.6657	73.0616	
196.42	199.223	195.433	200.192	222.991	222.8	221.84	223.946	204.783	208.677	203.767	209.669	98.0051	99.4032	94.8472	102.421	233.619	240.408	233.42	240.601	67.9117	66.7608	65.9697	68.6804	130.698	129.769	127.142	133.255	172.003	174.668	170.532	176.105	1	4	0	4.12311	236.034	238.019	236.019	238.034	247.032	250.128	247.13	250.032	102.616	99.2975	98.4733	103.407	63.561	77.0584	
192.317	195.113	191.324	196.087	218.874	218.68	217.72	219.829	200.661	204.561	199.65	205.548	94.0213	95.3415	90.802	98.4124	229.558	236.358	229.369	236.542	66.0984	64.7611	64.1327	66.7083	126.779	125.782	123.167	129.321	168.582	171.172	167.093	172.627	4	1	4.12311	0	232.019	234.009	232.009	234.019	243.051	246.165	243.167	246.051	98.8585	95.4411	94.6256	99.6393	59.439	73.1095	
80.2808	75.4321	77.9872	77.801	66.1287	62.0322	62.3939	65.7875	53.8145	46.7547	50.2096	50.6063	156.042	149.402	154.26	151.242	13.3417	10.7703	10.4403	13.6015	228.569	225.142	228.035	225.683	140.89	135.085	137.801	138.235	171.84	166.244	170.414	167.705	236.019	232.034	236.034	232.019	0	2.23607	1	2	13.6015	18.4391	16.2788	16.1245	165.849	162.542	163.49	164.915	174.287	159.154	
82.3286	77.4661	80.0562	79.8123	67.7791	63.6946	64.0781	67.4166	55.9017	48.8365	52.345	52.6308	158.24	151.585	156.438	153.444	14.8661	11.1803	12.083	14.1421	230.766	227.337	230.228	227.882	143.126	137.321	140.036	140.471	173.954	168.345	172.534	169.8	238.008	234.019	238.019	234.009	2.23607	0	2	1	11.4018	16.2788	14.2127	13.8924	168.074	164.757	165.705	167.141	176.343	161.112	
81.0555	76.2168	78.7464	78.6003	67.0671	62.9682	63.3246	66.7308	54.5619	47.5079	50.9117	51.4004	156.32	149.646	154.496	151.529	14.3178	11.7047	11.4018	14.5602	228.843	225.411	228.3	225.96	141.354	135.518	138.224	138.708	172.557	166.973	171.126	168.44	236.008	232.019	236.019	232.009	1	2	0	2.23607	13.0384	17.8045	15.5563	15.6525	166.208	162.865	163.811	165.276	174.347	159.113	
81.5659	76.6942	79.3095	79.0253	66.8506	62.7694	63.1585	66.4831	55.1725	48.1041	51.6624	51.8556	157.965	151.344	156.205	153.16	13.9284	10.198	11.1803	13.1529	230.495	227.07	229.965	227.607	142.667	136.894	139.617	140.004	173.243	167.622	171.828	169.071	238.019	234.034	238.034	234.019	2	1	2.23607	0	12.0416	16.9706	15	14.4222	167.72	164.438	165.387	166.784	176.284	161.152	
93.5094	88.6172	91.2853	90.9065	77.8203	73.7902	74.2428	77.3886	67.1789	60.1082	63.7024	63.7809	168.885	162.086	166.904	164.125	25.2389	19.3132	22.8035	22.1359	241.373	237.924	240.801	238.504	154.353	148.476	151.169	151.717	185.262	179.627	183.853	181.069	247.051	243.033	247.032	243.051	13.6015	11.4018	13.0384	12.0416	0	5	4	3	179.011	175.57	176.511	178.084	185.874	170.003	
98.4937	93.6056	96.2601	95.901	82.7345	78.7147	79.177	82.2922	72.1388	65.0692	68.6222	68.7677	172.977	166.087	170.88	168.244	30.2324	24.1661	27.8029	26.9258	245.422	241.961	244.826	242.563	158.902	152.958	155.631	156.285	190.213	184.589	188.799	186.035	250.162	246.13	250.128	246.165	18.4391	16.2788	17.8045	16.9706	5	0	3	4	183.308	179.778	180.712	182.387	189.283	173.072	
96.5401	91.6788	94.2603	94.0213	81.4371	77.3886	77.8203	81.0247	70.0928	63.0317	66.468	66.8431	170.135	163.218	168.003	165.412	28.6531	23.0868	26.0768	25.9615	242.563	239.098	241.961	239.708	156.285	150.296	152.958	153.681	188.112	182.521	186.682	183.984	247.164	243.132	247.13	243.167	16.2788	14.2127	15.5563	15	4	3	0	5	180.546	176.977	177.91	179.627	186.304	170.074	
95.5249	90.6091	93.3488	92.8493	79.177	75.1798	75.6637	78.7147	69.3109	62.2415	65.9469	65.7951	171.747	164.976	169.8	166.979	27.0185	20.5913	24.7588	23.2594	244.246	240.801	243.68	241.373	157.003	151.169	153.873	154.353	187.395	181.728	186.003	183.153	250.05	246.033	250.032	246.051	16.1245	13.8924	15.6525	14.4222	3	4	5	0	181.797	178.393	179.335	180.867	188.86	173.003	
104.043	108	104	108.042	132.034	133.004	132.004	133.034	120.507	126.301	121.396	125.447	16.7631	25.0799	23.5372	18.868	158.808	166.379	159.703	165.52	65.0692	62.0081	65.0077	62.0725	30.5941	33.0151	30.0167	33.541	72.9452	74.3303	71.1969	76.0066	102.005	99.4887	102.616	98.8585	165.849	168.074	166.208	167.72	179.011	183.308	180.546	181.797	0	7.07107	7	1	52.5547	66.1211	
103.484	107.229	103.238	107.466	131.381	132.136	131.137	132.378	118.609	124.169	119.218	123.584	9.84886	18.3576	16.4924	12.7279	155.955	163.487	156.732	162.742	66.7533	63.5059	66.4831	63.7887	31.7805	32.5576	29.6142	34.5398	78.721	79.7559	76.922	81.4923	98.737	96.0208	99.2975	95.4411	162.542	164.757	162.865	164.438	175.57	179.778	176.977	178.393	7.07107	0	1	7	46.5188	59.2115	
104.48	108.227	104.235	108.462	132.378	133.135	132.136	133.375	119.604	125.16	120.208	124.579	10.2956	18.868	16.7631	13.4536	156.924	164.454	157.696	163.713	65.7647	62.514	65.4905	62.8013	32.6956	33.541	30.5941	35.4683	79.1581	80.2621	77.3692	81.9878	97.9081	95.2103	98.4733	94.6256	163.49	165.705	163.811	165.387	176.511	180.712	177.91	179.335	7	1	0	7.07107	46.0977	59.1354	
103.044	107	103	107.042	131.034	132.004	131.004	132.034	119.52	125.32	120.416	124.459	16.4924	24.6982	23.3452	18.3576	157.851	165.424	158.751	164.56	66.0681	63.0079	66.0076	63.0714	29.6142	32.0156	29.0172	32.5576	72.4707	73.7835	70.7107	75.4718	102.801	100.265	103.407	99.6393	164.915	167.141	165.276	166.784	178.084	182.387	179.627	180.867	1	7	7.07107	0	52.9245	66.1891	
133.54	136.125	132.401	137.233	159.703	159.399	158.446	160.649	141.223	145.169	140.246	146.113	40.8044	38.9487	35.3836	43.9318	171.026	178	171	178.025	69.4262	65.9469	67.9412	67.4759	73.6614	70.7672	68.593	75.6902	125.24	126.178	123.438	127.941	63.3482	59.6657	63.561	59.439	174.287	176.343	174.347	176.284	185.874	189.283	186.304	188.86	52.5547	46.5188	46.0977	52.9245	0	22.6716	
128.16	130	126.57	131.548	152.502	151.638	150.735	153.395	131.674	134.715	129.973	136.356	50.8035	45.2217	43.9318	51.923	157.277	163.884	156.924	164.222	92.0978	88.6172	90.6091	90.1388	79.6241	74.793	73.3553	80.9506	135.724	135.68	133.81	137.568	77.1038	73.0616	77.0584	73.1095	159.154	161.112	159.113	161.152	170.003	173.072	170.074	173.003	66.1211	59.2115	59.1354	66.1891	22.6716	0	
